1000
55 315 631 283 692 213 960 669 327 41 558 196 47 871 155 441 285 509 250 444 455 217 440 439 853 779 721 311 177 529 824 385 174 348 807 858 322 203 80 999 190 654 875 384 271 20 930 926 732 208 184 788 866 198 167 651 153 23 679 61 422 354 703 412 682 582 767 368 524 567 513 608 233 158 541 64 453 438 920 683 242 680 923 316 56 318 905 904 565 629 241 310 176 337 57 299 172 418 15 180 789 823 294 714 373 481 506 561 771 966 249 108 394 956 392 132 300 26 103 287 239 854 932 766 314 4 478 549 210 843 24 688 674 940 165 275 193 636 950 22 495 508 355 641 691 783 768 591 202 840 557 978 899 532 214 852 621 849 31 421 989 126 857 224 738 639 941 484 873 413 309 195 13 6 733 152 685 570 952 138 222 604 962 302 671 313 482 53 734 45 526 257 352 927 424 105 349 665 109 846 306 797 425 983 744 335 757 361 637 246 723 885 577 974 886 100 632 89 533 878 701 997 906 831 556 848 117 221 551 776 270 277 670 958 386 490 17 749 519 856 102 411 522 429 601 114 65 157 487 116 60 63 139 830 784 308 676 795 832 420 69 371 183 137 163 576 231 865 33 267 933 893 820 634 555 212 697 809 431 811 514 778 796 104 937 204 647 678 330 630 689 147 517 44 83 863 445 525 357 585 718 834 216 378 698 713 197 325 342 835 491 255 903 547 265 187 928 901 980 595 786 994 341 112 578 753 818 998 598 253 521 164 443 338 286 292 404 38 454 149 199 836 560 559 992 605 91 655 205 141 891 507 291 88 29 40 638 237 320 406 46 25 842 201 238 869 247 791 211 908 666 544 381 93 122 70 644 748 303 7 79 436 946 11 660 826 864 19 563 828 909 72 48 663 800 745 614 965 476 728 902 375 827 625 717 762 30 475 76 975 101 280 334 403 136 821 986 353 729 95 363 463 847 616 808 469 364 39 876 387 43 606 278 726 792 534 256 643 156 465 162 159 86 218 456 780 949 620 642 393 658 741 472 603 586 333 622 894 569 970 77 470 462 914 934 471 449 150 396 845 882 321 850 722 964 49 446 872 877 884 889 466 819 756 916 645 492 758 596 775 408 765 417 612 982 702 815 14 66 175 284 619 73 990 880 401 90 935 587 3 186 59 942 977 543 704 343 628 829 512 646 75 450 85 259 485 178 185 746 123 427 896 973 2 192 552 695 963 589 113 537 518 706 62 169 693 206 752 566 573 229 479 232 399 483 969 922 868 615 648 419 345 290 600 833 477 499 223 243 657 759 705 710 633 564 515 890 751 649 426 624 972 230 161 365 339 356 437 936 296 380 743 504 84 505 968 664 234 737 653 71 493 389 959 944 362 897 943 497 194 708 574 317 473 54 694 58 761 324 273 617 656 235 553 391 918 593 260 777 874 579 938 859 111 623 433 107 720 251 662 168 580 329 434 390 945 520 813 332 527 948 584 661 99 146 503 51 370 910 331 359 764 961 763 312 127 154 907 799 188 572 21 81 568 915 955 931 511 262 226 171 976 867 981 851 405 798 583 145 523 939 987 209 328 50 707 409 539 592 502 301 913 74 319 993 699 37 793 32 672 988 130 191 135 531 134 448 610 501 690 812 219 297 87 588 911 755 883 995 416 78 925 919 236 274 430 613 719 921 1 881 432 397 366 240 887 323 52 106 367 769 888 709 898 435 189 953 410 258 892 82 369 254 716 125 750 173 590 382 121 264 480 912 805 530 790 110 129 181 281 423 124 288 447 350 862 668 635 575 376 326 652 442 120 42 16 1000 618 131 119 538 407 293 36 971 489 844 395 640 724 548 599 305 984 128 677 272 782 802 460 18 245 252 801 711 304 160 289 754 68 731 770 244 98 144 816 207 452 735 550 295 954 388 467 879 957 929 772 166 27 148 536 626 307 673 996 344 675 298 861 377 494 774 951 140 133 179 400 383 10 742 402 597 351 415 787 34 804 760 870 459 347 540 686 458 269 340 839 35 516 67 740 730 510 215 496 115 96 545 225 486 715 220 261 806 841 581 528 428 725 810 268 182 12 276 659 736 627 979 94 696 143 917 468 474 248 727 594 546 794 947 681 554 860 607 358 924 817 500 266 700 895 562 781 712 535 967 142 379 602 451 374 773 9 336 227 8 650 279 822 118 200 785 151 263 346 825 282 498 372 803 991 611 28 609 667 97 414 985 838 464 92 687 457 739 488 900 684 461 747 814 170 228 542 5 855 360 398 837 571
30 842
567 490
710 870
544 569
723 379
842 470
104 206
451 838
233 735
148 336
425 290
18 671
129 662
184 125
873 267
702 841
119 257
201 80
579 537
582 368
714 706
362 180
228 547
674 21
370 934
356 877
101 692
75 180
105 468
536 855
400 922
223 658
125 507
91 511
916 498
519 877
431 72
237 300
937 440
282 646
406 702
619 802
468 133
998 734
827 465
944 131
273 193
601 728
416 319
377 999
382 585
263 427
168 688
815 231
128 855
341 585
537 760
195 168
869 147
863 495
418 850
657 15
29 328
813 61
647 27
178 81
250 816
906 136
64 805
87 714
464 995
832 939
826 110
770 41
866 659
549 665
830 443
583 508
949 53
232 455
974 722
857 727
734 59
864 585
880 222
208 950
881 712
633 372
111 824
652 174
478 703
287 265
672 888
867 789
847 540
936 518
786 379
443 444
980 29
829 133
909 730
895 629
801 500
131 832
763 318
728 470
358 396
994 481
347 427
711 45
913 556
262 48
911 843
995 127
564 133
516 543
436 22
402 486
779 861
682 917
479 368
254 272
378 807
473 486
990 699
522 376
277 218
357 684
469 952
308 388
547 689
108 32
159 368
543 664
177 315
637 531
366 550
3 452
919 712
401 398
325 439
156 386
334 650
179 367
307 207
369 1
394 278
942 938
989 74
943 404
819 727
692 164
512 659
227 159
892 631
626 756
691 257
456 659
632 389
684 639
898 887
441 964
557 111
931 392
240 664
939 499
435 216
5 630
896 759
946 917
958 544
305 530
199 352
397 168
309 722
197 752
419 147
430 930
828 281
371 803
932 330
257 74
900 98
514 689
491 705
793 53
596 584
37 723
85 749
839 412
100 155
81 502
145 978
683 160
34 751
214 352
426 876
680 43
437 30
450 667
421 26
62 39
720 233
940 824
621 565
743 74
77 866
884 281
301 37
846 409
977 431
22 856
707 102
726 531
171 100
112 548
521 739
753 470
379 452
57 116
644 513
623 977
526 74
528 193
337 950
927 674
35 595
92 38
243 387
33 553
331 565
6 262
374 535
364 955
735 451
782 272
132 21
757 674
789 634
731 904
428 540
114 375
924 336
480 686
704 658
25 125
973 156
314 370
194 31
818 740
649 871
558 482
556 423
969 779
45 797
739 195
55 81
515 902
771 844
738 502
745 562
236 251
915 562
776 705
458 222
44 617
590 296
346 372
933 939
154 743
446 440
668 103
342 562
997 475
506 838
812 300
73 728
158 929
460 662
722 558
618 318
882 318
415 636
796 882
678 727
886 215
483 843
837 282
457 769
572 115
174 433
122 401
794 332
732 367
920 586
874 518
165 282
875 969
860 840
947 464
630 465
142 662
746 518
570 14
26 951
485 648
412 779
146 531
518 495
979 47
588 642
565 981
972 256
899 537
166 413
255 706
553 162
822 780
47 98
43 345
115 805
192 908
883 663
879 141
335 422
844 133
465 864
268 607
327 499
98 283
575 25
759 130
78 496
79 239
224 539
638 266
452 664
659 159
713 507
31 133
405 572
754 919
68 980
747 58
509 921
622 289
766 700
670 38
532 485
157 970
211 892
772 486
149 779
761 155
681 585
207 713
838 877
736 538
466 595
768 917
767 362
737 323
871 482
811 227
169 131
758 991
106 503
788 62
538 21
676 234
862 441
694 585
65 609
725 611
858 20
297 95
613 48
126 781
82 453
970 807
8 833
226 629
495 764
996 7
577 458
293 748
298 928
804 337
383 494
424 584
778 273
545 161
930 470
448 969
183 474
490 930
542 729
403 129
376 294
891 86
103 595
294 939
962 427
210 149
407 156
74 981
821 953
170 135
950 353
775 347
283 502
196 874
219 303
417 127
306 805
198 51
876 359
504 69
292 832
84 694
19 525
760 559
589 330
934 585
578 141
253 279
991 422
279 26
968 714
925 864
220 723
845 434
840 218
59 785
42 615
238 693
907 940
52 576
603 842
244 500
190 185
188 574
667 507
368 341
319 168
9 974
598 588
494 39
620 706
471 162
432 613
798 861
348 32
571 76
135 495
274 156
185 907
585 318
499 999
643 499
27 693
576 927
835 900
94 221
7 162
117 92
987 51
304 765
817 900
908 311
561 612
992 677
859 617
912 664
559 377
774 850
328 828
595 368
959 688
854 451
885 37
381 933
709 490
592 186
291 38
212 87
533 344
487 469
147 898
607 413
872 154
550 97
345 127
138 401
83 459
206 704
264 208
429 797
634 956
209 488
324 838
299 540
717 763
344 555
167 927
724 205
890 62
340 705
54 4
955 613
359 927
481 379
459 952
897 155
574 368
917 76
833 434
700 146
541 47
136 180
635 644
350 1000
109 730
802 832
141 195
530 590
563 374
396 973
32 688
200 791
851 937
539 703
41 585
823 292
803 585
624 656
752 32
764 444
442 735
956 47
385 521
617 674
641 41
386 218
568 465
816 470
71 451
648 919
24 222
323 292
269 603
259 703
808 247
467 299
249 318
121 39
610 71
513 558
354 689
953 451
20 751
173 699
123 223
773 608
187 203
686 763
393 661
38 474
221 386
688 558
161 513
2 893
660 704
67 39
843 416
650 482
36 870
284 757
849 612
182 43
935 465
609 458
693 805
584 97
434 300
797 404
831 666
462 702
50 59
841 950
315 556
573 802
367 714
888 218
336 193
427 688
954 578
256 848
665 703
484 678
413 739
957 116
155 864
461 368
689 306
278 98
781 81
695 416
679 881
164 199
339 937
288 642
552 401
853 87
242 375
677 791
742 830
423 363
525 879
193 805
203 805
476 688
449 702
102 583
527 17
894 482
360 845
175 163
96 184
755 861
597 113
914 944
124 385
941 906
807 433
363 21
780 703
205 712
975 785
551 666
800 674
685 595
140 761
246 930
399 898
14 852
213 775
923 606
662 159
404 939
470 482
61 531
696 144
17 176
93 850
790 614
777 605
656 808
285 537
690 319
706 805
39 755
343 359
133 168
16 494
13 707
373 792
503 324
628 430
392 647
928 761
814 354
202 362
870 263
642 688
204 994
795 507
910 591
89 55
482 585
741 688
730 282
338 59
444 341
986 745
12 181
113 156
902 377
134 165
311 640
216 763
852 709
1000 531
810 407
63 290
496 821
636 404
10 904
398 513
447 794
411 439
671 21
231 21
300 945
661 837
107 39
445 717
433 363
355 870
143 654
15 841
806 539
836 319
952 665
422 465
612 650
251 980
945 642
616 704
160 451
604 593
719 760
312 81
486 585
454 64
120 246
783 95
137 76
80 821
241 643
901 761
472 315
929 53
118 60
904 168
116 771
70 981
517 966
500 942
586 716
981 341
420 36
748 663
627 782
712 195
267 397
983 108
275 162
28 952
966 792
510 804
261 181
247 950
605 849
508 41
365 281
290 61
651 577
799 470
531 294
501 711
948 481
144 895
286 412
493 484
191 57
217 423
248 576
53 41
388 919
673 308
905 823
463 306
492 194
600 688
58 148
60 612
985 44
646 918
750 85
289 352
321 266
716 887
963 752
21 444
756 782
88 832
762 240
938 319
95 547
239 907
507 294
951 603
715 259
893 894
351 861
699 768
548 771
76 368
922 552
235 285
408 133
658 840
976 904
805 558
395 980
252 438
245 120
878 384
90 23
965 585
669 840
791 465
349 893
785 502
317 208
729 179
474 690
410 907
701 650
580 479
372 341
614 768
825 215
926 785
330 486
272 565
889 824
497 375
971 871
529 74
313 614
505 704
524 302
352 939
967 655
520 948
475 754
982 336
718 63
391 607
258 478
280 841
727 162
523 772
705 755
97 838
640 461
218 999
999 585
303 121
389 345
587 416
488 555
675 521
375 629
850 889
964 39
215 624
296 292
569 444
540 482
130 481
163 555
56 205
703 168
453 918
744 630
698 27
560 420
322 484
498 193
625 222
654 828
765 469
918 437
260 693
834 917
189 213
534 565
848 797
414 929
593 72
127 513
733 281
172 654
581 782
387 848
749 168
489 553
153 229
502 999
302 650
51 346
687 513
295 420
281 382
72 895
960 353
455 490
721 683
599 334
186 193
978 739
903 859
329 691
353 318
562 62
787 784
11 215
535 471
99 134
176 278
606 283
961 675
380 127
86 203
234 38
877 495
69 490
110 59
361 974
225 440
150 848
611 981
181 299
784 729
48 74
511 290
310 902
887 600
316 873
608 892
868 754
326 32
384 600
792 319
993 84
139 30
708 384
663 712
1 565
615 341
222 681
645 285
40 835
546 727
229 804
276 121
629 887
697 733
666 443
332 215
270 285
438 761
4 499
809 550
320 206
265 965
390 598
856 513
180 952
639 455
988 805
751 353
477 751
820 376
162 981
333 482
740 739
566 712
554 946
855 102
439 808
66 221
591 23
266 44
271 694
555 76
769 981
152 740
409 714
984 451
440 227
151 842
865 647
602 410
664 162
594 732
230 125
861 513
653 32
824 927
23 513
655 448
921 299
46 296
631 155
49 929
