600
24 208 16 350 196 155 146 195 82 86 200 320 280 332 220 195 301 132 65 251 298 50 135 148 95 358 131 195 168 180 21 44 254 1 188 212 310 360 26 218 366 1 160 312 5 144 254 240 194 260 386 120 360 170 216 328 250 372 352 50 336 18 187 152 70 209 1 211 64 20 325 256 251 215 176 190 214 63 36 278 200 266 163 64 48 186 203 20 186 158 376 45 230 182 33 336 344 330 1 54 330 164 152 150 315 211 152 216 240 360 280 224 157 254 188 144 165 148 277 173 172 104 80 345 250 388 246 208 206 172 203 360 350 193 7 200 228 236 380 120 68 247 48 135 68 80 342 366 384 370 385 26 271 160 242 176 210 165 384 2 51 140 140 160 240 117 27 140 194 335 302 212 136 292 398 392 383 96 200 224 90 8 93 363 250 342 159 344 258 372 325 312 348 109 173 262 170 300 90 350 180 284 395 326 234 110 374 74 135 207 344 234 2 307 192 40 354 240 258 390 150 150 24 62 224 246 120 250 180 275 390 146 48 296 300 240 117 72 200 68 130 60 132 6 246 170 320 92 230 184 210 92 110 235 350 302 310 80 342 25 1 280 234 64 330 284 204 68 106 316 314 1 176 93 152 4 256 310 50 116 382 101 152 40 288 153 346 7 227 10 256 149 170 155 159 124 173 74 120 332 38 96 360 55 265 160 125 240 182 345 8 88 304 303 330 234 370 149 272 304 47 246 6 17 208 341 320 91 353 80 256 47 26 237 334 240 353 56 96 399 162 283 13 240 30 111 192 372 250 250 386 32 190 254 80 112 218 310 332 99 148 360 88 176 135 80 256 266 250 20 154 21 163 308 95 245 32 224 390 100 384 184 356 200 200 15 330 40 79 184 260 332 301 25 221 206 181 204 216 260 30 90 250 344 81 280 15 338 320 44 82 260 210 372 284 268 294 24 295 300 348 144 380 225 198 40 254 128 50 272 384 130 98 188 384 1 72 254 4 135 304 39 72 235 264 318 100 166 368 279 188 272 248 87 67 196 243 192 391 1 118 184 217 366 200 240 326 218 100 43 175 220 321 280 115 320 338 312 383 345 86 1 136 90 379 172 372 360 24 388 336 156 308 174 104 344 225 235 70 257 290 102 396 144 275 192 264 1 296 1 116 230 180 366 275 3 389 242 225 71 14 216 1 40 368 32 147 64 104 200 118 330 330 360 285 260 174 157 210 190 80 40 288 113 384 214 194 24 20 176 208 8 272 17 320 25 136 120 64 153 324 164 32 256 311 118 48 272 161 266 265 11 252 360 240 275 192 352 225 70 264 108 80 112 114 84 232 286 184 14 48 160 258 278 80 94 338 35 252 268 
600
141 483
55 341
132 520
80 164
192 428
125 378
328 552
144 408
112 224
180 240
344 360
270 375
160 315
138 192
142 432
133 504
144 216
406 510
70 273
37 249
192 385
12 228
200 528
232 530
276 423
73 213
384 516
432 528
57 250
149 330
1 135
204 554
200 504
388 500
4 366
153 317
460 516
65 465
13 61
228 456
203 546
254 288
192 366
96 455
276 360
168 300
504 532
75 311
180 432
51 355
78 363
384 420
268 480
90 92
420 536
320 516
88 390
27 132
428 444
89 160
300 338
336 495
195 434
97 192
360 393
246 392
306 420
114 558
206 588
104 560
4 232
370 464
242 411
440 587
125 340
420 445
230 384
77 284
268 294
240 324
148 534
312 406
226 354
31 164
256 519
240 560
132 419
4 48
220 385
60 351
354 578
199 500
64 540
400 480
87 440
103 564
309 346
193 554
72 564
78 336
300 520
64 370
190 388
62 528
256 342
66 432
255 568
1 396
1 264
234 303
116 176
40 590
122 168
204 552
172 182
114 460
325 432
92 415
1 205
183 316
450 456
120 245
200 318
92 181
503 555
25 365
344 528
43 360
332 554
267 300
165 428
520 579
114 469
91 508
87 120
535 579
117 212
504 540
112 555
390 396
16 301
249 258
330 376
349 565
65 510
80 258
40 330
515 532
32 440
130 276
249 543
1 570
30 129
20 501
189 331
8 306
41 51
264 375
48 164
306 465
198 240
392 483
20 508
400 504
202 260
84 310
227 406
33 72
38 265
396 504
276 480
120 549
45 224
35 116
171 568
389 415
343 360
30 286
192 585
415 466
164 485
181 196
384 387
90 254
255 432
98 423
236 236
170 386
96 520
216 372
250 501
500 548
100 552
1 65
300 446
260 300
195 400
156 511
362 560
24 450
90 146
88 352
344 440
531 540
143 145
294 575
213 330
134 184
186 580
36 90
160 431
4 320
38 100
465 480
325 556
587 588
264 588
48 352
222 572
255 506
12 288
130 440
225 580
50 564
66 280
240 420
128 196
420 472
166 432
20 93
68 340
56 510
249 536
102 552
40 200
324 545
180 508
379 450
72 246
1 168
258 400
401 480
60 233
25 200
126 280
140 394
150 256
199 432
168 420
96 304
541 591
198 468
1 465
264 390
417 576
276 573
100 288
72 117
302 356
3 444
55 570
46 60
288 376
1 142
76 534
320 490
384 456
238 340
290 400
132 555
133 220
43 285
369 570
169 348
50 240
60 392
27 454
175 246
212 348
525 597
312 432
405 495
38 60
122 272
376 488
400 552
21 570
18 135
340 440
315 520
122 564
40 574
384 386
259 300
348 360
132 330
1 598
1 533
240 300
13 168
136 396
162 171
127 471
230 395
120 204
14 390
96 492
227 510
495 595
62 204
105 417
170 264
56 300
206 520
178 350
240 540
16 250
260 320
41 456
183 375
78 270
105 140
11 124
272 372
417 564
318 504
20 474
45 54
350 495
322 512
22 72
336 408
72 593
324 540
160 525
336 364
1 102
184 300
123 141
528 580
312 484
420 520
184 468
200 380
158 312
274 462
200 396
330 332
248 468
169 269
321 448
101 556
388 568
144 441
54 88
75 101
75 582
40 540
36 497
149 520
50 111
24 38
75 220
50 257
96 335
212 270
360 420
560 572
292 480
160 250
15 129
270 510
150 508
1 290
231 282
244 555
294 551
90 344
400 480
146 180
142 180
100 490
200 285
120 507
366 582
324 490
15 100
50 480
140 564
35 576
395 444
75 377
75 149
171 236
335 342
228 400
164 447
1 320
382 520
133 570
386 470
366 500
216 408
168 300
80 569
432 456
296 586
192 538
420 448
520 576
389 594
196 198
540 561
294 466
238 405
90 92
290 560
359 450
120 532
30 160
85 396
238 321
66 252
1 416
1 438
240 330
390 560
162 384
248 540
241 465
144 433
223 486
504 530
216 272
120 504
9 580
108 330
196 255
312 498
368 530
182 203
288 360
1 450
432 580
120 375
220 369
8 417
519 585
98 324
264 306
84 160
200 200
333 418
145 540
291 566
258 372
152 368
216 360
442 550
256 288
90 408
1 374
220 516
200 368
178 418
350 531
471 552
180 345
61 336
200 552
540 544
296 423
516 528
315 362
132 360
198 432
141 246
144 394
101 558
396 423
30 462
370 386
40 417
276 386
297 488
91 197
328 505
36 288
96 189
128 270
1 376
66 265
216 516
213 528
118 306
120 340
140 396
1 288
81 360
432 471
450 536
210 262
34 150
413 462
225 420
252 497
123 300
216 582
336 483
202 324
120 525
459 475
440 594
156 468
36 120
229 300
33 480
330 390
105 185
376 480
308 564
24 280
288 313
26 200
186 328
56 60
460 530
117 246
447 508
1 260
42 232
177 280
443 472
450 597
28 216
291 381
376 378
240 336
231 280
78 220
262 442
8 138
262 378
59 561
1 464
408 592
358 445
277 550
155 330
192 300
392 477
1 135
93 312
100 488
28 484
3 150
172 330
144 160
170 192
125 267
160 405
104 284
188 380
504 520
128 321
410 453
296 582
124 592
327 582
192 300
72 234
222 585
302 480
162 205
415 545
128 375
204 260
516 555
132 576
151 288
352 576
203 255
470 480
184 236
264 444
348 396
324 342
471 480
180 399
192 486
142 401
76 252
120 420
72 320
159 387
438 450
212 344
590 594
127 315
352 432
