60
72 236 219 394 120 276 208 399 238 1 368 108 94 370 387 14 384 304 258 347 220 373 302 6 320 324 1 384 326 53 202 146 50 80 100 120 184 48 1 188 130 236 100 23 208 58 353 120 279 50 16 360 217 183 156 372 272 200 320 112 
60
13 40
12 28
14 58
24 36
1 32
36 49
45 52
10 20
25 30
7 17
1 44
2 40
16 50
46 58
12 24
9 42
6 58
12 24
1 55
34 36
35 48
33 52
1 30
9 24
36 57
33 52
12 13
18 45
3 40
30 52
11 12
36 45
3 4
6 48
2 14
1 11
18 51
12 36
1 52
44 55
1 48
24 54
20 30
12 33
3 46
1 28
16 32
4 51
24 48
6 33
21 58
29 32
24 48
30 59
1 18
6 26
27 32
5 51
12 22
33 48
