100
1 2 814
1 21 569
1 22 663
1 23 758
1 24 964
1 25 469
1 26 930
1 27 568
1 28 840
1 29 585
1 30 292
1 31 265
1 32 954
1 33 182
1 34 728
1 35 150
1 36 134
1 37 1
1 38 707
1 39 201
1 56 761
2 3 664
2 85 891
3 4 270
3 59 151
3 95 518
4 5 926
4 49 286
5 6 440
5 42 999
5 57 20
5 87 112
6 7 443
6 84 381
7 8 504
8 9 724
8 44 117
8 67 582
9 10 971
10 11 255
11 12 111
12 13 107
13 14 51
13 80 555
14 15 627
14 47 755
15 16 795
16 17 212
16 96 845
17 18 731
17 41 750
17 62 483
18 19 767
18 65 779
18 100 695
19 20 107
20 76 516
22 53 194
22 58 294
23 40 186
23 51 205
23 71 472
23 72 491
24 43 361
27 45 580
28 52 365
28 66 465
28 70 67
29 60 792
29 86 413
30 46 996
31 79 263
35 89 650
36 68 881
36 78 215
36 82 43
37 54 934
37 81 596
40 48 516
40 64 172
43 69 366
44 55 429
45 97 807
49 50 29
49 77 497
50 93 535
55 73 720
55 75 531
55 92 819
57 94 22
58 98 31
59 61 937
59 63 462
62 74 382
63 90 530
72 88 760
80 83 372
87 91 622
87 99 453
