100
1 2 861
1 21 571
1 22 610
1 23 743
1 24 353
1 25 724
1 26 754
1 27 360
1 28 676
1 29 741
1 30 228
1 31 498
1 32 421
1 33 387
1 34 678
1 35 659
1 36 417
1 37 896
1 38 976
1 39 579
1 43 164
1 91 410
2 3 511
2 63 876
3 4 726
3 57 631
3 59 325
4 5 984
5 6 280
5 67 991
6 7 727
7 8 179
8 9 927
9 10 299
9 48 494
10 11 284
10 40 390
10 73 471
10 76 330
11 12 283
11 61 329
12 13 113
12 50 329
13 14 356
14 15 20
14 77 495
15 16 587
15 80 765
16 17 778
16 41 630
17 18 837
18 19 63
18 54 716
19 20 987
19 84 974
19 92 758
20 89 80
22 66 46
24 58 951
25 47 241
25 49 709
25 55 622
26 79 166
28 53 950
29 65 520
29 71 635
31 46 369
33 51 614
33 52 736
35 83 547
35 94 353
38 44 553
38 45 289
39 42 2
39 75 380
39 88 437
39 98 407
39 100 390
40 62 255
43 72 682
46 56 881
46 78 275
46 85 67
47 60 710
48 81 324
49 93 823
50 64 815
54 86 543
58 68 869
59 99 979
60 69 465
60 70 800
60 74 953
71 87 88
77 90 216
79 82 196
87 95 602
87 96 793
90 97 998
