100
1 2 644
1 21 804
1 22 129
1 23 885
1 24 45
1 25 190
1 26 766
1 27 883
1 28 517
1 29 444
1 30 524
1 31 791
1 32 603
1 33 195
1 34 355
1 35 499
1 36 862
1 37 161
1 38 924
1 39 27
1 91 246
2 3 592
3 4 916
4 5 131
4 68 294
5 6 636
6 7 91
6 50 785
6 60 121
7 8 863
7 67 51
7 95 881
8 9 841
8 83 959
9 10 482
10 11 57
10 54 17
11 12 175
12 13 665
12 42 640
12 49 578
12 89 897
13 14 535
14 15 257
15 16 475
15 75 292
16 17 920
16 52 163
17 18 452
17 43 228
17 45 256
17 55 534
17 66 974
18 19 202
18 73 303
18 85 778
18 99 375
19 20 47
19 76 794
20 63 137
21 59 181
21 71 671
21 94 726
23 65 729
24 77 925
25 46 31
25 96 604
26 51 36
27 69 909
29 41 102
30 40 425
31 47 313
32 81 939
33 82 630
33 100 526
35 97 962
37 53 158
37 62 827
39 78 8
40 58 987
40 93 609
41 44 966
41 87 284
42 48 309
44 84 911
50 56 692
52 57 394
52 61 615
54 92 571
56 88 903
59 64 806
59 72 945
60 70 430
69 79 571
72 80 241
73 74 166
76 98 161
81 86 589
83 90 573
