10 10 6 9 5
17731081 282727545 974427409 367732109 427792173 227311759 302104199 247555581 141058861 524670781 
456619559 638285706 673867967 199048983 728702521 423770065 32802965 842138783 925628629 159083813 
745156609 900552801 387947873 83322563 301148127 700133153 342183961 367614641 276969373 600832289 
214254261 47579661 4497001 472077941 76421741 358426331 676364881 135898897 30943933 344646961 
826671121 52625265 925778321 539428869 43767640 380467585 147661633 818043739 710061201 179837913 
116407001 164385563 46449368 835653141 791267905 819602601 582371685 649415441 654906396 749049737 
901823489 424084161 97720701 779513306 737629601 950846077 847858141 915096593 390800660 618526301 
948153205 961495001 286788985 803483297 370068745 584809018 282559721 295096551 321396496 87079707 
287193126 772702657 728812721 25689849 888945697 108901089 517317753 896708725 251031229 457779665 
313057601 35843501 816237390 206505021 129145326 105713841 813336321 893178801 558944985 128060929 
