1000
373 36 367 223 410 499 332 270 62 427 81 228 125 458 446 420 242 104 166 417 314 51 424 209 312 146 228 208 360 413 137 222 312 261 129 415 248 240 371 101 96 422 53 419 428 369 275 190 326 278 270 93 336 457 443 457 260 407 2 192 96 18 227 337 279 25 80 369 191 25 1 312 65 327 231 23 361 30 7 440 87 223 158 419 466 412 476 96 471 342 322 209 234 306 359 493 375 113 148 385 495 243 248 118 351 145 260 299 446 147 62 372 383 53 383 199 110 287 27 271 436 94 73 138 363 45 84 203 450 270 472 343 248 53 396 91 324 2 424 283 266 86 117 382 24 34 368 318 39 459 391 321 362 1 243 171 63 274 471 210 306 18 28 400 407 85 450 36 263 408 449 20 5 60 408 488 264 287 446 7 357 308 389 246 175 249 227 313 87 271 387 382 153 37 237 291 222 433 278 184 236 460 438 436 411 444 122 444 381 51 88 238 268 218 328 474 246 379 330 75 249 82 450 52 261 129 427 28 315 234 467 427 455 142 361 470 100 120 312 430 26 152 175 331 40 272 345 130 431 282 264 85 395 188 36 247 272 212 261 204 368 360 361 353 116 57 367 135 484 238 481 16 370 104 227 383 273 96 64 265 266 276 76 480 307 109 314 119 316 292 348 186 167 115 134 443 131 431 279 457 111 420 194 472 303 204 439 69 435 280 364 92 3 491 62 475 495 100 244 53 272 295 204 190 326 379 175 176 128 70 258 75 325 56 38 261 356 440 112 342 290 153 453 18 146 180 87 62 406 155 41 323 164 465 216 441 295 463 439 157 415 171 407 369 302 470 358 276 117 348 489 232 470 46 28 147 379 251 191 350 479 500 178 172 268 204 180 10 121 452 132 185 52 86 471 104 86 296 254 336 282 155 419 317 440 29 309 207 67 428 321 418 328 100 418 497 344 227 33 477 184 398 254 220 47 214 334 283 286 365 421 153 371 139 425 217 458 172 271 159 92 359 66 230 324 191 50 360 296 173 387 270 159 393 294 186 89 381 19 223 108 280 240 403 12 498 440 399 189 285 219 122 19 239 385 490 243 209 386 52 48 267 457 326 128 193 300 436 348 225 226 86 326 114 186 459 85 249 267 71 58 142 445 412 129 457 451 251 389 129 493 257 436 121 404 196 198 129 75 213 482 311 28 278 78 443 456 352 222 64 119 289 159 292 496 6 148 217 271 340 166 396 499 88 85 163 259 441 114 466 448 493 325 19 173 319 302 79 305 275 200 466 348 421 82 286 480 307 22 343 30 166 114 422 21 84 225 280 463 200 146 8 270 109 431 117 280 3 300 69 246 382 277 333 481 112 86 378 494 415 445 47 52 180 33 159 467 18 377 373 96 389 203 491 418 160 334 29 110 172 210 234 314 223 198 195 187 50 458 90 462 91 259 392 68 378 128 27 500 248 242 35 145 236 257 191 291 370 484 458 367 477 231 95 70 78 388 169 5 37 88 183 259 58 323 331 219 68 361 414 345 404 234 208 470 318 112 119 82 391 80 301 358 151 431 442 366 117 485 259 384 119 231 153 90 432 141 400 16 371 369 247 446 238 255 188 144 450 173 25 203 72 38 38 67 201 442 71 41 442 383 53 448 419 403 232 146 26 4 291 380 450 317 423 306 196 115 393 307 296 406 123 161 457 454 37 119 215 228 480 228 349 117 62 192 142 60 191 448 78 386 280 138 281 235 74 453 424 380 89 42 65 417 438 416 480 408 18 278 289 353 167 350 292 242 348 20 231 150 468 199 259 170 31 491 153 185 336 172 457 61 470 110 276 68 390 26 43 160 52 215 100 213 406 88 193 228 393 209 14 257 305 468 430 296 59 83 397 397 81 271 64 118 42 339 225 129 242 496 205 222 368 243 171 36 203 110 363 294 266 247 291 297 415 311 349 313 1 429 389 133 416 117 136 495 165 268 289 163 424 397 222 54 10 81 267 150 266 447 311 340 422 457 15 19 478 271 235 323 113 186 318 484 222 67 29 83 125 77 387 334 134 87 475 64 214 90 498 179 77 47 240 250 171 340 341 233 481 221 236 75 39 149 450 410 79 232 28 225 57 319 19 405 77 414 379 376 496 270 255 152 386 455 246 356 207 35 41 120 310 20 161 301 6 59 64 203 71 285 75 10 412 490 461 438 193 251 171 331 63 64 235 123 379 471 389 474 311 323 432 425 191 321 13 450 364 259 49 218 54 422 80 211 67 421 34 360 389 262 317 
1 207 483 19
1 528 750 417
0 23 64 427
1 207 490 66
0 375 916 269
0 405 413 93
0 10 48 156
0 296 931 401
0 502 570 327
1 481 787 376
1 350 643 408
0 290 993 154
0 61 81 250
0 24 76 276
0 584 725 76
0 213 511 347
1 13 846 116
0 240 556 486
1 354 869 2
0 99 172 344
1 148 503 234
1 478 825 471
0 139 662 273
0 476 988 334
0 290 713 125
1 41 975 108
1 230 887 120
1 90 405 347
1 151 496 197
1 19 381 202
0 57 228 211
0 123 155 123
0 120 321 264
1 418 566 430
1 246 522 10
0 109 363 435
0 328 514 486
1 142 528 284
0 103 237 457
0 253 866 229
1 74 272 85
1 779 912 127
0 185 884 134
0 61 317 406
0 162 303 90
0 57 186 290
1 168 259 59
0 200 274 461
1 325 381 281
1 71 429 167
1 291 463 322
1 494 605 309
0 480 518 172
0 19 36 316
0 603 772 402
0 4 436 383
0 496 680 219
1 37 133 276
0 44 497 46
0 412 930 223
0 14 31 269
0 517 892 212
1 3 10 46
1 432 702 350
1 589 649 373
0 36 872 467
1 165 676 419
0 298 828 13
0 18 698 92
1 513 636 161
1 554 652 190
0 14 258 206
1 659 983 156
1 36 94 15
1 441 671 497
1 66 131 74
1 554 823 494
1 17 282 293
1 56 57 175
0 440 886 125
1 192 597 91
1 134 311 481
1 458 833 439
1 321 807 284
0 19 158 431
0 93 608 69
1 103 339 285
1 190 204 265
1 90 848 139
0 301 867 456
0 155 268 45
1 86 889 83
1 570 671 70
1 226 525 204
0 126 289 371
1 168 659 42
1 41 81 139
1 162 706 14
1 188 223 329
0 36 239 437
0 3 314 451
1 1 8 171
1 216 219 265
1 121 530 201
0 14 320 333
1 266 372 291
0 142 234 137
1 131 322 27
0 232 487 255
1 216 635 269
0 465 817 136
0 299 467 205
1 182 573 105
0 102 706 449
1 508 981 493
0 281 666 404
0 79 271 70
0 535 813 483
0 24 523 96
0 159 413 79
0 34 297 480
0 464 682 401
1 341 664 330
1 121 168 297
1 172 264 124
0 183 550 160
1 406 529 128
0 446 912 103
0 738 930 158
0 10 574 89
1 243 395 415
0 362 786 37
0 74 211 319
1 122 150 101
0 91 404 357
1 252 340 80
0 19 593 210
1 105 252 477
1 87 271 265
1 384 546 170
1 159 377 434
0 109 285 202
0 1 2 350
1 219 441 339
0 245 391 117
1 10 190 53
0 89 602 464
0 109 607 36
0 468 705 383
0 205 459 42
1 22 92 280
1 100 487 231
1 411 875 34
1 217 386 364
1 57 149 39
1 90 192 0
0 80 354 259
0 2 8 66
0 210 427 226
0 43 118 401
0 27 44 454
0 88 282 410
0 93 657 123
0 135 591 218
0 646 702 293
0 92 101 437
1 117 205 446
0 284 343 212
1 310 420 312
1 58 541 20
1 616 780 59
1 66 459 333
1 153 340 89
0 144 504 344
1 744 843 29
0 277 928 125
1 692 898 453
0 348 731 46
1 768 928 28
1 103 284 282
1 213 539 197
1 4 50 266
1 576 742 281
1 230 314 320
0 115 894 93
1 33 252 327
1 823 955 386
1 320 850 292
0 236 325 34
0 38 172 440
1 337 445 378
1 334 702 268
1 20 39 87
1 84 568 496
0 37 703 128
0 57 77 80
0 74 401 163
0 39 900 162
0 255 551 403
0 419 658 234
1 101 111 235
1 619 743 208
1 505 691 194
0 356 717 154
1 226 455 50
1 223 564 447
1 616 806 81
1 47 120 201
0 887 941 175
0 158 905 412
0 73 887 93
1 165 818 45
1 298 623 71
0 583 858 372
0 74 169 276
1 434 551 482
1 687 738 485
0 372 550 43
1 531 778 277
0 11 796 309
0 85 489 243
0 79 80 36
0 461 584 258
1 339 782 376
0 233 460 385
0 180 238 330
1 621 766 373
0 305 899 259
0 108 390 490
1 45 53 28
0 287 443 210
0 121 479 244
0 43 52 236
0 94 129 25
1 190 466 346
0 124 207 267
1 332 572 107
1 609 737 263
0 377 586 450
0 67 137 165
0 138 602 305
1 10 216 403
0 456 478 103
0 500 633 424
0 14 36 67
1 372 924 378
1 167 605 439
1 792 852 316
1 592 718 269
0 509 553 265
0 348 850 425
0 653 687 151
0 259 694 213
0 193 238 68
1 639 772 44
0 599 784 325
1 40 689 140
1 392 566 166
1 132 311 268
0 340 947 123
0 582 747 334
1 510 599 286
1 41 807 42
0 821 925 111
0 205 785 177
1 225 509 223
1 76 107 227
1 342 587 273
0 101 769 322
1 769 831 276
0 121 414 80
1 26 403 423
1 195 728 209
0 324 936 271
0 88 167 2
1 267 385 57
0 708 858 476
0 192 286 269
0 333 514 215
0 457 874 460
1 176 916 239
1 145 301 475
0 653 868 7
0 280 412 222
1 548 557 4
0 496 684 58
0 102 473 178
0 195 594 215
1 7 39 180
1 802 822 254
0 715 800 23
0 419 875 41
0 158 321 255
0 161 577 190
0 810 877 307
1 324 420 239
1 147 928 83
0 409 618 17
1 208 308 245
0 128 280 41
0 308 664 253
1 423 581 238
1 214 756 379
0 279 806 73
0 531 631 141
1 78 105 268
0 108 649 467
0 100 730 42
1 123 705 357
1 225 681 297
0 289 360 280
1 232 505 281
1 817 947 454
1 158 299 194
1 177 294 197
0 89 393 122
1 330 620 408
1 589 691 488
1 164 687 338
1 297 870 450
0 215 358 29
0 28 48 80
1 368 698 316
0 12 341 379
0 281 961 314
1 156 493 455
1 32 115 216
1 462 619 229
1 512 559 15
1 14 32 197
0 181 535 76
1 152 406 205
0 143 568 194
0 465 797 133
1 125 307 59
1 2 2 485
1 678 694 431
1 257 763 110
0 190 388 440
0 556 788 17
1 399 425 40
1 283 685 446
1 248 375 78
0 51 169 147
1 538 891 242
0 127 353 139
1 179 361 440
1 131 287 219
0 95 500 485
0 12 300 112
0 156 343 198
1 27 34 130
0 476 495 283
1 222 746 395
0 322 470 322
1 704 999 274
0 381 513 69
0 294 617 368
1 796 986 447
0 315 412 447
0 39 528 299
0 168 486 478
1 453 482 199
1 188 389 403
0 327 328 239
0 910 982 481
0 33 66 28
1 348 415 25
1 73 231 406
0 204 646 317
0 485 616 330
1 179 751 349
0 104 561 316
1 2 34 469
0 440 487 286
0 827 987 425
1 334 596 163
0 507 968 328
0 30 765 413
0 17 214 149
1 12 45 295
1 5 13 412
0 340 671 204
1 111 208 391
1 198 528 234
0 307 726 182
0 147 578 216
0 298 739 326
1 120 290 313
0 210 759 147
0 443 723 175
0 264 454 262
1 55 145 228
1 6 22 380
0 133 151 256
0 63 117 465
1 16 26 413
1 254 944 498
0 891 963 498
1 67 165 99
1 43 89 357
1 218 330 141
1 12 28 349
1 327 507 405
0 210 731 244
1 456 536 384
1 29 695 346
0 12 149 253
1 66 374 240
1 37 184 246
0 565 738 290
1 265 599 11
0 153 567 166
0 374 639 410
0 18 136 298
1 200 814 101
0 456 538 442
0 500 722 463
1 216 487 212
1 7 216 171
0 116 141 142
1 149 190 43
1 243 252 343
0 218 632 311
0 259 796 363
0 684 911 119
1 46 237 190
0 5 13 296
0 150 276 277
1 98 419 204
1 119 229 377
1 158 908 37
1 206 348 78
0 153 551 66
0 811 858 173
0 154 944 55
1 253 550 386
0 310 695 140
1 768 929 167
0 287 544 230
1 284 841 71
1 45 274 378
1 571 976 17
1 44 96 443
0 106 682 122
1 583 683 88
0 83 202 390
0 496 509 128
1 64 141 467
1 11 312 220
1 658 661 217
0 682 853 409
1 211 912 312
1 103 413 308
0 424 575 129
0 276 372 192
0 233 791 262
1 845 961 215
0 34 203 445
0 790 967 497
1 54 160 425
0 49 215 351
1 172 327 109
1 56 68 477
0 401 855 395
0 103 117 77
1 441 569 478
0 403 486 434
1 526 562 69
1 318 552 25
0 186 188 193
1 29 60 492
0 30 77 447
0 294 508 242
0 513 711 268
1 165 594 312
1 34 470 259
1 118 183 431
0 60 333 422
0 172 414 72
1 55 649 101
0 116 230 439
0 15 333 174
1 434 772 444
0 120 684 419
0 262 470 425
0 359 386 208
1 247 329 310
1 111 980 486
0 906 907 419
0 101 515 429
0 80 866 434
1 514 989 115
0 213 372 155
0 228 491 370
1 50 533 286
1 153 460 138
1 426 532 192
1 93 857 440
1 19 21 409
0 222 615 316
0 119 145 23
1 164 168 137
0 25 353 175
1 896 930 428
0 110 927 323
1 79 407 488
1 413 750 254
1 4 11 369
1 10 413 460
0 102 993 340
1 460 719 337
0 795 911 172
1 195 518 371
0 141 429 261
0 225 395 377
1 184 306 24
0 213 400 416
1 23 919 292
1 235 390 497
1 100 441 364
1 542 791 449
0 422 635 122
1 76 134 13
1 37 146 209
1 535 626 136
0 621 648 104
0 935 958 99
0 232 242 61
0 716 836 396
1 615 953 271
1 97 205 82
0 132 325 457
0 20 211 119
0 51 101 137
1 7 80 110
0 12 480 306
1 548 804 374
1 288 528 354
0 420 986 101
1 16 153 244
1 61 643 389
0 596 647 318
1 64 546 291
0 361 541 240
1 98 214 35
0 470 950 420
1 254 380 342
0 505 624 417
1 43 706 264
1 44 100 20
0 2 213 158
0 475 792 418
0 355 420 324
0 15 797 164
1 208 659 64
1 704 945 465
0 13 17 278
1 22 29 255
1 127 233 18
0 235 280 30
1 136 301 441
1 30 323 380
0 225 694 356
1 447 772 51
0 39 326 331
0 348 683 406
1 89 663 203
1 392 807 176
1 153 177 377
0 98 538 308
0 151 423 25
1 207 744 212
1 834 914 240
0 199 757 302
0 313 317 34
1 561 852 366
0 235 592 149
0 261 593 97
0 532 613 440
1 520 719 159
0 230 430 452
1 874 930 374
1 398 685 391
0 167 343 477
1 138 530 28
1 385 695 499
0 400 864 492
0 204 232 477
1 201 352 332
1 612 868 231
0 42 781 177
0 46 192 67
1 478 967 311
0 397 430 209
0 65 145 62
1 14 35 157
0 193 994 376
0 139 378 120
1 288 455 53
0 452 527 64
0 634 783 353
0 107 133 27
0 257 486 358
0 357 633 333
1 129 499 263
0 538 788 198
0 273 690 202
0 287 924 340
0 576 922 231
1 539 588 199
1 129 752 307
0 174 672 310
1 8 843 234
1 688 874 261
0 448 997 333
1 111 176 101
0 70 161 313
0 35 795 70
1 178 639 398
0 1 89 270
1 306 369 52
0 83 92 476
1 66 490 446
0 98 289 234
1 86 106 26
1 368 738 435
1 295 444 106
0 373 964 69
0 457 487 274
0 47 418 224
1 35 416 296
1 467 720 297
0 143 198 19
1 497 545 188
0 51 61 236
0 139 362 166
0 249 668 176
0 819 972 220
1 441 551 163
1 101 374 223
0 183 246 499
1 192 632 401
0 429 684 311
1 32 97 198
1 91 984 361
0 215 626 357
0 481 503 352
1 573 673 83
1 160 352 431
1 294 327 55
0 193 871 148
0 276 363 441
0 377 875 421
0 639 700 434
0 658 784 191
1 138 187 358
1 102 222 302
0 874 943 2
1 9 16 355
0 341 638 114
0 68 77 10
1 443 499 124
0 240 666 299
0 109 466 435
1 193 927 393
1 236 238 233
1 83 573 27
1 79 84 5
1 87 695 497
0 3 5 274
1 765 790 285
1 32 48 343
0 24 66 471
0 943 957 185
1 77 600 320
0 182 307 348
0 61 127 85
0 57 652 105
1 133 394 49
0 47 380 249
0 574 609 366
0 219 757 397
0 608 752 380
0 606 901 280
0 24 142 191
1 106 158 13
1 482 783 282
0 193 197 230
0 111 123 159
0 6 44 86
0 445 981 408
1 659 905 84
1 333 572 334
1 525 853 33
1 441 862 432
0 509 613 270
1 193 240 460
0 302 444 339
0 88 143 99
0 154 343 409
0 336 618 212
0 29 351 306
0 397 597 436
0 191 491 492
1 91 424 133
0 125 260 189
1 356 622 202
1 4 151 86
0 221 542 121
0 415 950 451
1 172 558 326
0 418 679 392
1 418 739 369
1 250 779 272
1 574 634 460
1 356 785 349
1 308 674 114
1 20 393 425
0 243 911 353
1 69 169 412
0 78 81 81
0 734 739 363
0 13 531 403
1 37 613 38
0 110 477 231
1 36 176 359
0 276 890 62
0 178 241 129
0 80 178 205
0 39 91 451
1 86 193 87
1 765 987 206
0 402 710 71
0 104 475 258
0 31 94 252
0 69 87 230
1 148 590 4
1 1 3 359
1 304 404 326
1 252 475 241
1 448 503 259
0 249 681 70
0 602 650 284
1 80 116 341
0 148 246 194
1 369 859 356
1 559 709 489
0 40 93 206
1 231 279 174
0 361 404 346
0 449 824 6
1 219 718 230
0 90 368 320
0 361 491 45
1 756 786 207
0 17 74 306
1 344 830 221
1 438 468 47
0 79 943 57
0 221 966 306
0 8 13 414
1 245 411 243
1 340 380 93
1 668 864 188
0 10 12 328
0 547 607 308
1 694 935 101
0 741 917 117
1 309 374 299
0 172 187 406
1 544 604 94
1 51 361 337
1 46 49 214
1 200 614 138
1 296 560 292
1 29 73 386
1 81 169 324
1 76 228 325
1 5 96 372
1 187 443 145
0 2 461 123
0 561 657 452
0 347 642 375
1 64 156 210
0 196 488 360
0 242 996 40
1 356 402 187
0 469 904 447
1 73 136 20
0 853 888 39
1 126 141 53
0 41 100 360
1 9 18 36
0 367 636 161
1 62 361 252
0 66 822 415
0 25 26 465
0 42 212 130
0 304 545 83
0 12 291 213
1 370 742 272
1 302 741 469
1 112 876 339
1 259 655 434
1 62 451 5
1 482 675 98
0 497 943 484
1 28 95 88
0 5 14 11
1 320 349 159
1 522 989 475
1 111 146 492
0 157 260 445
1 83 847 419
0 151 557 330
1 182 330 446
1 9 17 453
0 5 22 293
0 468 803 481
0 131 182 484
1 210 435 149
0 145 206 12
0 102 140 417
0 133 491 351
1 93 231 92
1 145 462 111
1 83 254 432
1 171 173 215
0 490 561 236
0 281 986 438
1 31 45 334
1 310 594 78
0 3 40 441
1 89 127 262
1 75 110 197
1 26 206 128
1 392 983 350
1 44 98 128
0 159 222 229
1 371 567 276
1 549 588 7
1 680 688 230
0 126 507 132
1 510 817 308
0 784 948 160
1 268 437 191
0 129 457 237
0 217 322 464
1 149 691 352
1 624 728 478
0 842 877 188
0 725 758 247
1 169 767 358
0 218 349 142
1 449 597 251
1 791 987 107
0 671 925 332
1 53 353 306
0 446 484 1
0 227 301 112
0 174 354 391
0 25 393 370
1 791 857 490
1 55 138 40
0 4 234 24
0 432 578 460
1 299 497 36
1 325 327 176
0 555 684 268
1 246 345 403
1 285 287 395
0 259 799 240
0 66 163 296
1 301 939 17
0 60 74 13
1 768 770 386
0 255 564 252
0 418 661 212
0 153 230 466
1 311 747 90
1 332 550 307
0 43 116 40
1 6 512 443
1 425 711 63
0 186 404 364
0 77 317 374
1 90 166 458
0 215 668 419
0 343 372 241
0 500 773 423
0 370 476 327
0 705 751 202
1 115 211 416
0 234 433 140
0 147 639 151
0 1 3 355
0 467 902 272
0 255 326 238
1 39 388 224
1 623 632 440
0 19 57 243
0 663 882 135
1 13 25 351
0 269 641 273
1 198 242 129
0 308 336 198
1 687 810 451
0 147 619 52
1 417 614 205
0 481 982 158
0 19 300 383
0 317 916 386
1 94 634 303
1 18 113 155
1 543 900 348
1 129 889 455
1 368 618 187
1 38 38 382
1 149 504 138
1 137 382 81
1 552 613 72
0 721 954 136
0 507 580 46
1 72 137 9
0 260 406 61
0 158 267 422
0 45 45 186
0 441 806 387
0 559 778 436
1 151 300 42
1 95 209 398
1 20 202 177
1 102 912 294
0 133 403 231
0 12 627 463
1 589 939 472
0 163 635 260
1 59 341 180
0 406 906 351
0 281 678 100
1 73 137 39
1 2 95 205
0 357 555 394
0 214 679 411
0 162 215 92
1 472 487 499
1 62 393 305
0 50 372 21
0 488 682 311
1 208 744 111
1 25 267 158
0 98 209 188
1 130 150 307
1 545 592 122
0 192 757 258
1 497 540 129
1 187 209 79
0 255 661 162
1 175 197 229
0 392 625 160
1 403 672 270
1 460 730 46
1 516 614 424
1 58 118 483
1 224 519 371
0 291 909 137
1 25 447 368
1 6 7 359
1 383 845 172
0 80 420 407
1 325 484 43
0 151 330 88
0 28 173 238
1 2 2 297
1 365 419 329
0 371 883 456
0 465 797 158
1 141 166 284
1 143 183 416
0 1 8 284
1 16 634 489
1 10 899 237
0 89 575 156
1 395 997 264
0 218 792 199
1 90 151 94
1 336 360 99
1 539 808 86
0 159 661 455
0 102 544 266
1 241 285 149
0 83 309 2
1 817 854 24
1 311 313 196
1 48 261 403
1 553 994 418
0 217 384 261
0 267 329 28
0 307 676 166
