26
28
19
185
15
121
3
14
229
134
8
96
253
32
48
25
305
32
12
46
92
6
60
92
358
12
24
188
57
24
222
285
148
85
15
390
17
335
51
75
55
84
368
5
228
19
1
185
153
131
93
375
28
12
39
64
103
180
269
13
26
171
136
127
178
60
119
117
3
2
361
215
324
297
18
17
138
69
92
176
7
31
310
366
167
195
80
33
354
91
357
226
353
8
33
36
203
26
229
40
239
7
209
343
26
111
8
115
47
203
350
69
91
338
230
72
1
134
27
7
43
34
6
107
77
2
35
218
30
2
0
77
27
99
104
3
21
34
212
409
34
66
295
16
211
1
232
267
323
7
93
0
24
158
86
41
95
67
68
3
154
135
236
149
388
19
2
51
364
234
25
83
186
135
38
46
169
94
65
164
388
3
395
130
21
220
259
11
20
165
481
14
99
60
115
234
1
69
15
3
141
130
57
10
35
46
98
296
204
68
172
329
59
147
125
222
134
358
24
68
224
0
0
4
13
63
31
132
51
114
283
330
0
174
6
35
156
312
24
111
234
73
106
0
16
136
87
130
120
402
293
52
111
79
7
10
198
200
2
25
1
28
259
403
278
45
249
276
18
24
126
15
157
148
296
34
440
300
150
153
91
216
38
95
110
131
69
20
18
122
275
4
143
433
209
25
291
246
15
81
159
18
206
1
49
354
40
101
62
12
23
296
102
378
110
157
3
19
152
98
55
353
165
160
127
92
211
293
99
121
152
428
48
227
149
15
214
38
96
240
75
140
70
41
118
3
158
80
13
171
186
263
415
218
461
26
175
0
468
56
132
33
87
193
33
78
279
68
23
331
34
108
87
114
366
69
181
137
121
178
176
150
223
32
53
284
112
422
147
259
114
132
105
63
152
278
272
18
284
174
57
159
141
97
12
27
42
206
6
409
150
86
207
9
1
14
96
6
235
150
1
91
62
82
58
12
378
28
172
2
13
40
185
477
44
10
78
254
11
151
213
252
108
183
10
139
170
3
10
1
7
235
43
218
2
322
191
62
135
126
13
17
204
239
202
211
17
205
15
18
121
109
122
22
65
212
194
82
232
321
107
217
14
275
198
211
105
50
350
55
182
123
438
76
13
320
22
58
330
69
5
164
82
151
355
142
447
97
341
154
11
19
72
24
174
119
382
324
221
29
53
116
2
183
406
73
48
291
40
114
4
30
185
139
81
267
314
74
248
84
99
98
26
3
234
51
8
138
124
84
122
27
215
19
5
104
28
53
152
351
338
168
50
156
10
4
327
273
105
17
36
49
11
374
70
28
111
85
26
203
77
215
18
255
181
3
434
28
43
0
308
212
443
280
3
120
22
134
147
130
317
77
222
56
219
16
99
69
90
351
275
136
7
126
23
281
15
186
271
16
20
65
222
4
257
64
119
21
151
42
40
236
79
116
278
1
145
106
67
137
76
214
6
18
58
160
416
139
156
319
425
5
18
55
23
60
49
150
382
0
343
55
110
42
301
134
64
68
1
109
323
21
99
90
6
252
14
158
92
36
156
56
356
130
100
2
296
228
251
33
130
49
187
174
137
259
192
29
168
420
17
25
242
238
30
5
209
75
6
227
59
55
307
179
95
18
7
72
1
365
326
62
368
311
179
50
66
73
17
4
93
20
40
397
118
6
12
77
70
5
46
280
2
128
0
123
3
63
19
101
155
94
15
319
27
130
113
273
19
10
20
48
23
374
223
157
59
93
357
80
31
91
14
245
398
71
247
358
107
21
202
43
249
165
27
359
283
133
61
95
112
25
193
181
41
110
58
125
17
332
19
173
164
91
2
100
117
112
145
2
308
220
170
65
3
131
66
55
31
51
20
111
68
13
51
50
244
8
5
202
145
30
183
292
40
43
314
417
3
27
24
115
88
293
300
143
129
76
33
179
227
150
1
118
49
261
3
232
87
210
253
247
197
270
353
76
16
144
261
68
462
79
27
75
60
418
231
30
82
82
307
397
16
119
164
68
74
96
76
146
467
4
165
19
260
5
163
116
101
302
274
13
162
155
56
21
211
223
163
308
132
284
198
80
35
239
367
287
128
247
168
68
163
452
148
197
67
191
39
12
48
1
127
19
14
79
23
42
71
66
230
145
176
405
66
76
187
112
16
300
44
22
154
238
50
102
11
0
141
70
0
22
226
147
76
15
321
169
241
328
75
287
380
356
45
167
162
6
247
241
21
128
64
181
318
449
294
110
108
35
36
45
56
2
19
179
157
132
4
23
351
183
411
65
18
160
1
55
101
178
34
38
1
41
312
13
176
13
1
103
19
89
6
112
136
97
230
11
66
105
37
127
200
311
42
206
108
54
15
120
106
148
122
7
178
249
0
52
359
79
220
3
70
3
146
14
109
306
96
429
304
219
7
195
90
194
184
16
169
87
154
113
36
103
353
38
1
36
306
175
42
2
71
190
24
121
1
176
51
36
155
147
38
188
27
135
331
21
15
149
113
308
168
54
237
111
60
193
354
178
174
305
18
289
151
12
29
323
10
127
11
34
264
49
105
99
149
245
18
181
110
210
50
60
65
253
6
173
10
100
152
204
32
0
1
51
221
29
18
406
29
147
71
179
146
11
17
10
326
45
94
97
119
0
63
124
77
91
109
36
49
2
367
179
80
8
20
223
35
148
337
115
23
432
20
22
24
410
22
40
76
25
46
72
28
235
86
45
249
145
111
5
83
6
188
144
34
96
89
8
31
262
49
104
81
13
17
195
155
80
315
222
58
60
18
160
17
107
122
15
0
166
113
3
57
20
84
341
282
101
35
165
13
132
17
119
3
274
107
135
149
104
43
40
76
27
75
33
273
324
287
31
228
142
41
14
2
249
83
107
24
2
23
268
300
151
129
347
6
160
53
78
31
146
19
12
129
104
54
27
8
69
422
1
205
34
171
56
21
105
12
1
52
172
64
23
291
50
19
245
288
12
177
184
165
25
5
29
155
18
19
20
86
93
174
7
12
19
145
28
4
73
7
184
39
15
312
287
481
1
7
299
87
277
209
56
70
46
19
6
280
79
149
177
199
15
11
446
243
120
104
120
30
120
0
382
42
219
17
0
9
40
374
77
115
336
58
30
119
298
83
11
284
321
174
321
156
154
98
107
106
29
183
183
390
66
23
238
164
2
72
80
25
1
348
184
14
72
348
6
33
104
147
176
20
25
116
110
288
146
176
130
20
84
8
108
254
5
100
63
220
295
204
238
120
74
99
28
80
49
61
477
375
93
44
192
341
95
104
34
216
114
