29
29
161
216
148
126
45
114
115
150
1
76
12
119
39
49
288
5
14
234
57
196
307
55
29
41
24
291
103
0
14
469
1
30
153
425
248
302
25
124
0
54
177
471
41
25
210
104
15
298
154
118
178
207
20
10
294
96
149
377
21
189
35
6
32
142
1
142
211
40
45
386
255
284
22
129
336
20
201
100
37
21
66
68
108
63
143
212
126
13
58
74
14
57
0
281
292
146
99
164
24
123
15
11
216
170
224
276
155
183
69
364
374
444
277
119
111
313
328
61
55
220
47
10
17
55
144
108
265
203
20
28
113
26
326
35
28
22
165
166
63
35
201
308
49
269
159
14
99
54
355
325
6
89
314
104
22
59
259
2
155
54
145
113
13
55
64
273
230
25
4
152
29
223
114
35
286
60
34
25
11
29
78
46
27
84
150
198
3
138
55
285
128
48
257
230
273
9
11
268
404
149
31
53
84
2
182
33
138
115
8
44
223
122
23
1
262
300
13
177
0
147
181
4
48
182
4
373
11
19
157
22
122
8
132
104
89
188
304
17
269
6
169
236
11
13
18
187
53
41
54
118
17
57
20
147
101
328
68
17
4
55
123
115
81
36
399
176
54
256
165
132
0
250
326
21
10
215
62
119
136
216
75
456
9
433
286
59
177
17
16
85
172
45
79
91
59
6
44
68
96
69
129
88
71
215
319
28
55
146
241
285
81
31
348
105
277
2
12
166
50
7
104
330
281
1
171
103
8
167
23
60
43
295
256
2
123
186
108
122
18
99
33
257
135
74
291
26
3
212
109
284
81
205
31
71
232
2
271
241
155
396
221
99
154
22
21
21
4
14
27
60
11
74
14
21
153
141
91
338
7
233
289
5
54
240
23
10
259
126
206
72
30
165
130
312
51
13
195
8
126
89
373
7
49
103
202
207
100
218
97
6
93
114
145
19
196
14
184
115
16
32
80
221
252
362
374
229
221
196
21
42
186
258
81
56
37
152
130
32
2
56
14
153
447
272
222
188
356
76
1
201
12
126
236
67
161
221
197
356
97
57
2
9
112
92
160
227
26
83
6
107
130
330
6
9
84
277
66
12
221
81
4
15
11
268
13
38
81
93
43
41
6
95
45
26
18
313
22
3
94
111
175
299
404
73
7
194
143
17
16
8
56
8
50
40
90
218
242
79
58
188
22
103
5
116
218
222
65
19
8
251
14
68
7
142
92
48
137
83
5
26
60
16
12
278
202
337
120
0
55
94
1
53
271
333
263
18
285
34
60
9
196
259
183
14
93
127
17
135
16
231
429
227
7
235
68
113
363
378
46
9
178
94
146
302
72
12
399
57
35
6
269
34
74
110
159
322
35
85
200
14
138
323
283
25
29
67
137
11
43
76
86
84
11
80
294
37
14
2
13
148
161
246
310
225
100
179
19
195
17
293
94
181
193
21
142
99
119
69
387
256
195
239
27
364
24
19
53
18
69
61
244
38
42
115
26
1
55
70
168
298
166
83
144
59
9
424
15
257
109
118
0
5
13
52
154
2
141
56
297
186
184
5
155
292
9
31
401
159
150
218
192
5
22
11
23
279
103
35
71
4
108
86
158
69
42
2
58
10
85
168
46
140
295
41
88
47
2
2
172
9
70
1
31
10
329
197
36
216
79
10
98
32
65
21
219
122
27
19
323
136
33
53
37
156
13
253
22
0
141
378
455
9
58
179
37
417
264
1
31
40
166
23
398
50
1
388
43
33
74
135
116
14
0
162
256
41
82
299
19
79
64
10
312
2
130
7
346
183
57
35
3
51
265
31
82
22
75
173
346
42
53
5
309
68
156
62
122
204
91
79
261
95
141
254
190
62
20
9
2
158
47
82
128
111
26
236
6
182
362
126
3
141
21
77
264
99
183
389
4
44
30
194
26
76
32
143
113
117
10
317
107
4
123
251
381
104
76
23
79
12
166
200
24
167
152
8
200
36
8
289
14
44
240
445
466
33
312
83
140
32
401
5
152
320
78
34
185
15
75
42
185
177
26
201
79
37
0
368
14
48
243
160
241
25
334
202
27
21
125
70
19
303
9
183
100
36
24
13
19
430
101
212
395
129
97
1
49
61
77
49
119
53
39
175
35
15
0
178
326
364
19
105
85
384
65
323
23
309
224
347
39
174
311
52
123
0
235
184
142
51
28
140
33
134
225
16
7
1
97
88
249
1
81
44
172
37
85
76
48
84
326
195
15
63
146
12
28
163
81
208
34
58
23
17
13
39
138
164
128
158
190
194
29
262
11
92
106
18
123
64
5
318
56
20
92
148
35
388
40
23
78
71
354
103
20
53
252
38
111
3
1
12
7
92
42
318
144
316
45
276
104
93
8
181
155
51
224
47
250
73
41
17
286
211
77
357
132
200
66
93
30
55
190
14
109
78
183
76
187
269
317
17
77
185
414
0
14
242
111
6
178
1
0
234
18
116
78
122
66
470
190
2
297
379
303
31
473
154
145
157
239
224
222
54
31
296
73
27
16
421
0
233
4
7
348
13
16
354
50
70
21
61
0
164
135
73
75
241
336
220
22
88
51
121
435
122
64
90
336
115
214
1
42
75
139
131
263
63
238
150
106
47
6
63
138
176
288
16
70
246
32
13
140
111
153
12
26
422
45
347
91
192
61
32
35
94
205
7
13
28
4
59
159
192
100
236
193
243
161
65
339
90
101
180
75
10
50
177
212
394
33
285
53
469
126
422
39
136
181
16
115
10
275
175
32
19
75
62
140
98
171
83
16
69
68
5
63
4
37
39
88
291
0
9
87
97
51
199
479
137
221
115
54
71
278
254
48
61
173
59
3
13
111
5
33
79
126
37
28
52
82
108
45
75
135
235
5
291
8
152
182
7
91
8
46
63
373
303
0
315
207
38
65
12
388
368
145
143
95
188
54
11
91
173
383
73
31
42
176
88
38
179
303
78
185
151
39
12
50
188
146
13
9
1
13
79
99
289
53
116
58
82
137
177
68
214
46
343
144
53
71
11
82
73
217
184
148
263
152
95
204
145
8
166
12
61
244
289
50
84
47
201
32
258
81
37
149
281
109
196
6
362
91
39
67
90
85
0
296
443
221
7
188
324
331
166
57
126
104
108
175
392
45
93
90
167
95
78
24
77
394
333
149
23
125
84
152
68
131
165
436
96
28
89
310
82
2
270
129
79
23
40
4
96
147
29
83
317
245
223
119
216
3
183
119
260
52
112
42
174
241
6
38
18
2
41
25
71
150
45
37
45
190
99
90
25
190
30
10
14
47
2
23
0
97
171
29
12
347
16
56
158
32
307
91
115
21
51
286
41
318
310
84
416
2
109
161
9
157
0
266
146
28
48
27
78
90
196
59
261
128
228
3
134
39
1
17
427
28
180
33
27
72
190
97
33
40
1
433
154
39
136
86
116
25
82
14
200
13
96
39
21
108
59
29
70
87
24
18
333
149
7
75
75
298
169
49
234
50
83
445
48
22
127
114
14
92
47
193
106
160
24
192
108
152
250
164
0
401
296
55
22
45
13
264
469
218
209
279
10
148
167
94
193
155
74
47
319
9
128
143
38
15
29
82
1
280
7
237
51
9
37
319
20
84
9
78
112
126
47
31
60
28
314
5
111
133
146
241
110
138
430
18
202
16
270
254
224
259
237
103
14
131
391
108
18
16
13
112
212
221
112
137
256
230
122
228
435
42
59
37
177
156
22
25
27
53
71
122
323
35
21
29
79
18
104
413
58
383
84
221
182
81
203
325
347
275
12
228
0
1
312
128
65
86
58
290
22
45
140
82
17
147
397
191
67
2
27
93
36
76
1
122
63
27
3
275
265
160
30
14
93
110
124
78
432
454
13
131
21
24
6
387
36
338
9
220
124
88
310
8
98
2
19
156
162
82
72
99
146
204
6
131
46
1
36
97
153
47
227
72
161
320
36
60
32
11
91
140
252
30
171
275
173
114
403
52
314
33
113
115
0
247
79
76
10
10
141
16
21
29
64
30
25
340
33
453
116
50
173
4
214
98
135
103
272
211
441
16
124
139
87
105
127
135
234
124
15
36
81
80
91
31
84
314
24
41
157
1
12
86
243
284
105
268
75
17
104
41
132
118
393
99
97
71
25
50
220
68
129
314
232
208
69
10
134
342
63
268
161
31
69
17
108
57
57
108
350
69
20
2
13
53
127
173
9
41
12
150
150
21
26
141
119
150
90
82
163
26
390
119
19
55
7
0
181
29
51
78
21
141
79
32
235
95
211
113
231
14
288
303
51
384
294
5
5
45
377
81
102
343
101
50
36
141
43
55
349
146
114
162
2
410
7
57
82
283
43
215
127
61
288
276
85
314
358
25
145
160
117
108
33
21
69
63
39
23
99
6
37
146
225
277
23
188
194
74
10
214
353
92
46
287
0
34
33
107
117
187
143
27
24
32
92
433
101
9
394
4
181
123
54
70
131
9
419
9
195
64
227
10
98
216
68
75
58
175
67
36
48
74
423
208
436
4
207
1
123
156
209
96
199
277
210
43
5
114
149
9
289
244
105
126
9
115
58
327
107
411
65
443
65
16
15
220
113
206
118
257
243
124
310
48
29
64
140
142
21
47
212
49
61
228
36
59
325
46
64
195
49
50
339
90
100
5
18
25
23
104
33
27
8
215
175
66
35
161
253
137
154
36
112
88
349
140
110
61
37
52
33
247
2
224
8
167
377
78
4
1
93
423
57
115
177
39
64
167
300
92
182
86
18
103
148
390
206
43
313
97
323
2
308
27
9
180
147
314
2
249
274
121
158
156
136
18
16
0
263
120
22
123
3
55
28
14
187
1
218
32
2
102
231
114
255
132
141
322
261
176
218
118
169
35
202
296
35
182
291
2
41
32
114
17
47
40
19
242
317
331
173
32
74
250
358
243
102
3
57
274
73
74
97
8
28
243
255
22
49
28
140
69
23
14
377
28
105
47
95
166
227
195
232
146
270
2
398
79
108
41
100
61
371
176
335
100
216
63
159
440
75
14
186
180
187
34
153
25
156
433
5
163
364
13
116
127
127
4
63
275
91
43
233
32
324
147
31
154
6
13
61
358
273
137
285
22
2
238
46
124
112
143
54
55
221
235
281
82
117
59
29
102
49
46
432
46
123
78
120
206
169
73
55
232
258
60
344
152
8
211
106
147
111
19
125
70
165
133
7
51
103
82
340
147
10
46
10
103
5
62
44
99
57
82
225
53
418
82
137
55
35
214
22
30
343
57
320
217
291
327
203
119
55
1
37
171
93
112
170
143
254
452
56
26
50
157
357
28
79
178
202
160
176
207
0
193
170
36
30
237
403
58
36
281
10
42
4
90
2
62
38
14
286
110
33
1
121
173
186
61
2
28
199
92
64
22
97
288
19
98
111
218
334
373
7
24
64
85
183
24
14
45
246
177
263
89
2
87
27
52
177
96
117
111
310
91
147
107
24
38
317
104
194
140
30
48
98
271
415
25
33
52
296
51
155
93
68
51
91
26
252
1
81
289
275
72
0
233
348
40
178
476
110
69
8
16
18
93
250
55
23
43
224
5
35
60
158
130
80
36
74
267
370
59
31
159
50
164
304
25
245
11
11
268
145
3
68
258
2
13
25
56
63
2
31
209
75
247
139
173
262
128
4
12
266
5
68
241
61
2
198
343
37
80
163
34
45
224
2
129
203
442
250
274
0
206
60
143
22
115
24
55
56
156
25
219
164
111
2
7
121
46
259
74
