1000
-16260 -31965 53
14892 23768 36
-21339 -16245 44
18015 -2714 19
-21223 -29007 81
3297 24221 51
18803 9890 51
-19337 -26049 5
6069 24376 82
2634 -25476 38
15359 7254 28
-16510 -24334 53
10151 10222 45
-13681 -28547 3
19891 30978 55
-26673 -21380 8
-22216 -24923 16
-2708 -8198 48
9812 -28779 21
23433 4695 85
7418 14206 93
27810 20845 90
-17469 23335 11
7906 10864 77
20336 7658 88
25283 5258 41
-7645 -20517 92
1931 -2030 15
-10804 -20804 81
9679 -29735 36
4917 3620 48
-28999 24993 44
10656 10439 45
-32211 -2684 70
12125 -13625 45
17358 -30352 61
-13287 -14273 72
-28562 26299 92
-14845 20555 58
-18507 -7026 72
4748 16149 60
-14848 17030 17
-6358 -11928 74
20190 -6198 48
-15335 28345 35
-9158 1909 43
-313 -3376 29
-9242 21885 2
27813 -30520 61
6339 -9363 74
31116 4215 99
-22149 23068 25
-4422 27439 29
6023 -13280 43
-10955 3493 82
19485 -6301 65
32671 28881 82
-28376 -28623 38
515 -9288 61
-10192 -3261 52
-88 17254 53
-19247 30919 76
8662 10174 17
32513 -10478 70
10350 -1222 3
-5178 -27299 78
-9211 -22718 4
24328 -5076 99
688 24288 87
6746 16948 19
-10941 -28366 57
8880 13770 67
2371 -30007 91
-5156 -4796 40
17018 -29131 53
-6073 -5724 38
-28448 9826 80
27618 -2931 75
4900 -25447 95
-29781 2509 59
-14739 -7561 57
23825 -19716 61
25026 14500 65
-7341 11920 41
-10684 -13293 11
-25059 3855 41
25069 -9053 91
-14428 -15057 62
-30224 8799 87
-28860 5543 19
-22357 11196 99
6129 -6635 0
-21462 -709 63
2487 -30418 1
1852 6594 39
27247 -23025 66
20653 -8602 76
5152 -12302 25
-31224 -11972 62
-17101 -26920 68
-31746 8045 31
-3066 3017 24
-3187 12010 60
-28024 9098 88
-24732 25183 55
32632 22246 94
-20908 15024 25
-5583 12354 47
19987 22440 64
23686 26172 80
17461 30823 96
15269 12084 41
29266 1296 63
-3647 -27672 75
-18357 -3507 13
30912 13940 78
-17179 -27256 0
-27254 7609 43
-31333 26893 90
-5726 -8140 9
-14209 13137 24
28464 -10449 69
-22165 23361 44
29356 9785 53
20846 -14369 5
-20518 30985 7
-9255 -239 57
-13903 -21356 18
-30492 20484 32
21574 19836 31
-14865 -31755 76
23006 -15692 36
7326 -29223 50
816 -7736 92
-4061 32095 88
-31588 4976 73
15703 10060 54
8891 20930 100
7979 -7686 99
-993 31911 21
9599 -19275 8
-1136 17041 62
-5419 2288 87
-7367 17523 88
2979 -7821 2
-8972 5264 26
21541 -29795 73
-30079 -22663 69
-31267 -10129 94
4097 23198 85
17651 27511 38
-22755 -5710 37
-2228 -25705 21
12531 -3088 76
-30851 -26519 59
4804 -26726 65
26078 19515 11
-19772 18987 66
6488 14853 94
9571 -13343 22
-12414 8387 63
27498 -30125 6
-11528 17748 88
-20218 5886 38
-8515 -4046 93
32446 -5187 12
-9661 -1773 52
-24371 -29758 18
-1074 -9406 58
-25774 -1554 90
17335 -28813 31
-23725 -21068 83
548 2571 9
-12898 -2865 47
-18118 4547 13
31357 2120 6
-14917 6846 92
21048 6442 67
-28626 4469 3
23976 15241 17
11157 17398 23
28994 -127 27
21077 -30554 89
-12972 11544 72
-28264 -13926 57
-15557 -25121 82
30173 -17791 13
4854 22322 72
-15848 26578 90
-28602 29945 69
-18318 -25028 4
-14955 23240 51
20880 -25751 37
-12366 -7009 37
-23452 -20318 11
3297 -15616 97
-1713 28962 4
15716 18601 14
32466 -14421 31
27557 -29875 20
23023 -31606 69
-27664 -13973 85
6160 18181 30
-23285 18415 22
12482 -23721 19
-29979 -27355 97
22982 -20383 74
-30598 -31093 81
-29432 -27237 9
4740 -3240 52
-17277 -18855 22
-15357 -17979 46
-29744 22633 28
27899 2586 7
-29517 6518 43
-5751 -13033 44
11614 27144 2
-22886 -3526 20
-18277 10679 26
-19971 -10589 85
-17995 -29607 15
-26206 17457 31
20361 -21740 11
-14373 -26153 57
-28436 -11329 60
-14769 -29016 35
3725 -7913 87
-15956 -13841 47
-2472 20196 34
15840 -22059 88
-3037 -15957 23
13178 912 6
9037 -3123 68
8096 26123 15
13558 30254 55
31097 13394 20
15898 19428 93
-7003 19538 79
3820 -16196 71
-30370 22202 86
-27260 -15937 58
-6831 -16841 3
-14308 -16827 34
-23357 8027 10
12468 -15786 29
8683 12849 28
-14490 -7819 66
14086 13953 95
-19029 -15 36
3479 -12734 32
9690 -2306 80
24236 21927 27
11207 -6264 83
-8170 17045 91
4617 -12350 1
8531 13568 12
24009 18559 87
24148 27219 19
-20123 30901 31
-19985 18673 57
-9961 8659 26
-16116 -6023 61
32156 -1455 18
-2419 -20372 97
1292 -30645 46
-9761 22325 48
29482 4809 13
29431 -11828 64
-30443 8316 34
-13283 23123 54
-26359 7538 45
-6801 -7893 50
5522 -1811 74
24953 19278 6
-30153 24176 68
-17960 11691 35
-32225 3191 80
-28371 -29572 40
29436 4954 47
-1816 -1696 84
2572 -14652 28
-8214 12489 6
2557 6173 79
-8112 4817 68
23325 16135 38
19230 -15076 17
-12238 -20601 67
14516 -26128 25
12911 -18963 65
13557 14609 10
25735 24963 26
-26330 31841 61
-6963 8879 31
-16223 -10111 82
-17617 15139 73
79 18302 7
25581 7868 27
26192 -3281 25
-27499 29077 64
16945 -3158 35
26613 -25393 44
3442 -32672 5
8871 -26346 56
-17940 -4232 35
-10489 -30105 60
-7586 31733 38
-26092 -17542 72
-18303 6122 77
14455 7570 53
29297 -2257 91
13107 17570 8
14702 12807 20
-28998 -5710 58
-6053 -11687 85
11404 -19401 64
11216 22426 86
268 -4115 18
-22200 14302 4
2457 -21085 94
-264 22550 57
16839 444 64
-5206 20562 29
-22800 7698 46
-29550 5920 82
25414 -19000 92
32225 -24786 20
-4667 -19311 6
-27342 6673 1
25775 -8713 27
-1775 18850 100
30329 -10066 57
-8678 -25974 22
-24057 23748 28
-14024 26360 79
-17084 -22635 43
-7146 10898 82
6513 -31381 52
-17898 26240 41
-12555 22718 30
-27137 17625 58
32055 2490 35
-2951 -27866 16
-18944 16163 39
16583 1908 9
17600 -22533 97
15108 2841 0
1609 -22727 26
-24010 23234 48
2644 29788 11
29050 -1092 10
16425 -4779 3
-15632 10708 14
8335 59 31
-4918 25303 98
-29942 13090 27
7822 8174 55
-15330 20783 59
-31035 -24129 26
-22170 25429 75
-23472 13834 7
-27666 25178 1
-28349 -4197 27
-11541 2241 21
-3286 4182 49
26037 5620 41
32421 -31515 14
2039 28341 54
32467 11187 96
-7098 18118 52
4370 -23982 81
16360 -16343 36
30830 -23350 94
10464 -10671 13
22740 23134 33
18466 20382 60
-20451 5546 48
2364 -32545 79
4337 -27614 51
20467 -13270 18
-20576 -4874 22
-9141 -5283 14
-2595 -10965 42
13374 11810 10
28555 14856 71
9097 -5711 37
2134 25438 78
-16633 -25971 32
-21241 -23947 48
8648 -12371 77
-28716 -31370 25
-17071 -28564 68
-9654 18987 32
7894 -113 67
-17530 -9179 4
-26621 -10912 39
15810 9141 4
19435 -22401 33
29642 -26313 2
29463 26248 55
-4495 4780 18
9365 -19180 40
30169 -29759 10
-15170 -24209 17
-32134 -16835 93
22578 5682 72
14617 19485 23
-32345 -721 61
-22914 11110 53
889 -19555 18
24622 -12982 12
-587 -4535 89
-24145 14128 33
14832 -22951 57
-20339 30289 100
-1689 -386 21
-23353 -10101 78
-24436 21688 15
-2676 -1193 49
-1498 -14790 99
15215 22200 52
-20919 8292 96
24948 20591 9
-18233 -7405 85
-23455 17715 4
-25019 -23822 91
-28390 1733 32
16371 25009 38
12136 -30292 26
7515 -10796 60
25846 -5315 83
17628 15525 22
14047 -7739 11
26817 14280 32
-11007 31988 97
3033 -22956 37
17418 8000 25
-26606 10241 87
-19220 -31960 1
-32102 -9598 7
-4196 -22377 20
-14391 16522 52
12154 -609 83
22031 26408 64
-8798 -15862 59
-31172 -27688 5
-12330 29048 91
6137 10635 95
730 -20696 52
10513 3126 48
-28754 14712 75
-19544 -29914 43
-17072 -21043 77
-18543 6690 58
3027 -15023 62
5368 22558 3
-20523 -21986 89
-22914 -6383 76
5314 31714 18
3511 17076 12
-7306 7921 46
9923 22195 27
24809 -12232 57
32263 -11723 68
-4482 -19746 15
23806 -32281 51
-10053 -2700 38
23150 -5608 53
-22200 23147 58
29907 -30686 10
-28039 26445 49
-5639 17508 1
26442 -26740 69
-27702 -7254 92
-17813 -15776 39
-17409 -26859 19
30533 24092 57
20465 -13542 19
-23305 26379 17
2334 765 51
-10542 21747 59
-5407 19849 71
20655 -13449 77
23859 7023 49
-4988 22206 14
-17072 -22094 72
28169 21514 19
-7340 19945 79
5658 27384 100
27370 -5334 91
7373 1522 50
27143 8807 34
-32743 29774 44
-29925 26072 77
13923 -8856 97
-24406 -14010 80
-1080 24097 80
13836 -20127 55
8553 28615 41
-4032 -14342 84
-83 -6662 92
-23457 24200 62
16177 -17982 25
-22782 -11332 95
4339 27974 93
9271 24711 75
10560 -1842 35
1248 -3007 24
30664 -3680 17
26935 23714 9
-16079 -25032 27
-15048 10905 35
-20726 -4740 58
30814 -26994 52
588 26782 74
-16684 -29254 45
6292 11033 33
-15675 -19879 68
-18135 30529 7
3862 -27405 44
45 -13110 58
15028 -29058 96
-11719 -26550 94
-11685 5516 99
5184 -3370 10
-21632 -8282 29
29733 -6132 17
-27019 5170 25
-12737 20470 59
-26796 -6682 24
-4141 16229 63
-21647 9413 0
-19352 -17616 63
14616 -29888 82
7891 -5227 11
-5899 -27100 46
-31 13472 55
-9465 -19934 15
-8506 16855 47
-4461 -1125 40
-32422 -1412 40
12887 -19482 5
2620 -11377 94
-19895 32030 80
-15601 10318 0
26510 28848 96
7143 2166 90
16641 -32285 57
31927 22018 21
-29903 14573 9
5372 -16147 31
-23797 -23626 56
-8482 7515 91
11678 4019 57
11888 9197 35
29008 28898 77
-21588 -16453 23
21076 -3834 25
-26861 31386 46
23909 -17140 81
-31966 -24931 1
-10652 -4427 75
10833 19495 23
4507 -229 54
-840 -393 72
-27128 4933 1
-11051 -3218 81
-24812 18926 65
-26511 -19776 51
29500 -25882 3
13379 -4175 29
-8806 18331 51
9888 -14919 60
22543 11280 17
11281 20934 96
-8876 5964 30
-28639 29966 17
14191 -13315 58
-29762 1745 41
-25972 -950 58
-10917 7739 49
26156 4320 26
5944 -1600 4
-14089 3681 90
-19388 22567 94
-26730 4138 36
17801 -32087 97
3528 -18729 63
-31459 -9312 74
15137 -31350 27
9086 -30028 86
15269 -32703 13
-2126 -4391 4
28063 -9457 29
26259 10444 9
28581 12583 71
-12836 -14065 98
-2818 21207 63
17147 -10613 13
1891 22842 39
14849 -1512 100
21440 -26363 99
10523 21851 46
-12429 2595 61
19060 -25449 47
18209 -25924 61
21260 -7301 61
23142 21988 7
11393 6022 2
31938 -17452 87
-8732 5743 97
-30532 -2000 31
-19742 2691 92
-19986 -3649 39
19532 26504 77
-3602 -11793 2
4792 21083 64
-20439 -21413 45
22993 30388 52
7118 29473 29
685 4154 86
-7080 27536 23
-29333 29385 61
-17673 18259 57
14033 -7682 17
26994 1484 90
-31669 10260 97
-22380 -23114 0
8939 -3017 86
-30965 3126 40
-1282 -9683 12
-6959 -25726 49
10807 -27991 96
19270 -21569 92
-1667 -13242 64
29857 16572 66
1252 30635 22
-11341 8308 91
-28143 -6000 71
21926 -21925 12
-30102 28277 85
3142 -29161 52
31797 -10769 30
-32562 20268 93
20195 -24986 33
10562 10702 22
-29431 15788 30
-4817 -10266 28
18647 15029 39
2213 -31462 98
-4616 -21189 23
-29728 -907 14
9842 6803 2
-16552 11016 87
-25843 7634 79
-31315 22128 78
-11047 -1717 95
-4566 -9372 49
-24694 23743 29
29104 -24846 28
-24670 26320 71
-20625 22562 31
-20481 31852 73
27920 -30844 25
10992 -21069 56
7821 28077 40
4921 -3628 46
26467 8231 58
12463 -11723 99
-29777 18018 49
-11129 3398 52
-13610 29519 66
3550 6299 62
-31419 -19964 57
-6478 -29814 53
-17917 -24200 81
-23219 -10817 48
-13435 -7242 39
-2553 -9067 0
-13829 10556 64
218 32759 18
-30613 26285 7
21743 -5192 55
-12160 20262 46
24819 -6699 50
-14049 -16796 61
18777 24869 18
-7234 10711 9
18449 -2558 28
-7052 12834 10
19350 -6542 27
-10033 -27187 45
13627 -28358 98
28311 3932 9
-17078 -26625 52
3526 25075 91
28397 -17291 23
21077 13310 36
22016 -1905 47
-16785 -7458 78
26774 31883 10
19439 32717 19
31339 2248 98
22964 -19362 67
-30745 29880 4
7394 -10532 58
-20518 26718 95
-21604 31398 12
23374 11063 63
-27773 -24178 76
-20498 29573 14
10350 7736 89
3456 -20705 95
-16742 14264 33
18756 -32255 55
-9902 27314 75
27887 9667 16
-19220 30734 96
11910 26500 86
-11159 -32327 4
-12366 9887 72
-31571 -7964 97
13270 28992 33
-8367 -23162 37
-11332 2667 1
-28614 -19107 17
-15331 25424 77
19986 -11683 33
26861 4048 69
11102 -26612 95
5525 -586 44
31725 -27759 85
1879 -6827 15
8166 13685 2
2436 21684 9
-25603 -15198 97
30472 -8589 22
-1913 -5154 3
14205 -14474 23
29482 -10309 27
31605 27452 10
-3592 -10504 84
-17410 -18618 78
-23244 13260 70
-394 7217 53
19160 20169 43
-21961 -4778 54
-29288 -10992 3
-17702 5146 82
-2559 22301 1
-25403 7087 62
-26896 -20608 10
-18078 -7000 75
-26092 -7245 79
-20468 13973 25
18155 22177 54
-4152 24704 84
12510 25271 29
-23111 -10523 76
16051 10316 77
-19376 -17884 78
-11881 -2639 94
-22713 -8566 91
-20278 717 7
-10164 32489 2
-7415 -4123 81
-18308 -31692 95
-13527 -24388 96
3433 32217 31
3906 24501 62
9747 -22456 58
-11020 -11302 40
-9702 -12560 59
-5597 -29898 6
-9354 32203 3
32224 22202 28
12214 -4265 0
14507 -19615 41
8509 5383 75
-27504 9375 97
9305 -31728 92
16484 -10121 30
-30262 -10340 95
21871 23874 37
-11713 26343 35
-20501 -6770 24
5810 -31821 32
17060 17258 21
-27607 -22468 68
-20127 -28761 42
-31907 -13346 15
12393 -24239 65
2550 13423 80
8245 23504 60
26157 18357 63
-13357 -5372 64
9324 24583 30
-12256 -30846 98
-25387 -18639 9
-27889 -5139 44
32254 -10332 26
18685 -7325 24
12969 -30890 6
17612 2823 36
1379 -884 42
-16571 -31355 7
28777 11639 40
-616 -13250 63
-10950 7432 67
-28575 -4602 51
-4705 -2008 60
10885 11391 69
-1351 -13317 14
-31490 -29202 78
13881 -30821 66
-12659 -8526 61
-18552 -18446 58
28304 -19020 5
-16079 -5417 88
-31899 -17813 91
-2530 -5879 67
9673 -19528 32
16821 16163 70
13301 -7563 51
-22143 27210 58
-1410 23862 16
17584 -6088 59
-25488 -6077 22
-6208 13508 77
-1379 5982 93
19257 18045 49
-27919 -30347 28
19335 -32726 95
-2408 7066 16
-13310 -3616 59
-18729 2474 29
1195 -10534 42
2914 13016 60
-26207 12926 14
-6438 14242 21
17785 28686 0
-5237 16283 76
20467 11740 62
-2151 22352 58
8880 -21274 95
1690 -32633 66
-12803 13937 37
32221 -22883 6
-14722 -15756 84
-13852 -7324 89
-16140 -5095 78
-7566 16864 32
29976 -1241 92
21277 3908 38
-2111 -17632 19
-6677 -29088 49
9228 13868 43
-8977 20289 91
-15106 29805 56
-22049 -16335 2
-24046 13280 97
-2623 21883 10
-11887 -16279 41
-22003 -25453 39
-14530 -8968 29
-25925 28012 29
-16594 -19160 24
-227 -11471 15
20095 10472 79
-12946 22179 29
1325 10144 76
-13018 -3868 45
4752 30843 45
3052 -13889 40
16565 -2515 24
7638 -31186 49
30548 12270 12
-28650 22653 22
14420 19784 77
31595 577 5
25503 -1569 18
23418 16929 32
-20008 -19274 81
3647 23821 65
30777 18475 10
13146 4621 37
-28416 -24 23
29579 -10159 57
9564 9941 63
-32160 12977 61
-20452 -102 51
-17567 -498 30
4152 -21531 39
27444 -23446 46
-31628 -16092 7
2141 30584 64
18545 -28849 5
12627 25300 33
-12261 -8596 78
29882 -14644 56
-19869 18810 77
13068 24218 100
-2962 -26526 49
-66 9967 68
-25801 25872 51
31428 5804 92
2918 24190 12
-17299 10438 24
15859 24897 58
-948 17886 24
-22509 -26538 89
-10975 22696 12
-27024 -8334 60
21352 -11164 29
-25315 19983 81
-30573 -31707 47
-7685 -18348 92
25408 28003 83
21689 -27531 19
-4375 19574 31
19759 2821 47
-23025 18503 41
-18965 -7794 77
-10187 -4838 23
2525 19510 3
-5379 -4717 74
24912 -3852 78
-9483 -3948 82
-15699 -1937 75
594 3217 75
-6136 17683 73
-28015 13211 89
11463 -4506 83
-18831 -896 81
-30798 -3383 73
-29216 11228 90
20198 9356 45
17854 16796 10
5831 11932 14
-4701 14571 11
29006 -15827 97
-20152 -20572 56
-24461 -28760 11
-19704 22873 73
11795 -19346 13
21160 2507 26
-13309 -28407 13
16856 -17162 42
12605 -10780 92
-16272 -31239 35
22568 16890 68
-887 11447 25
20038 29053 79
-15555 -4290 68
-12373 -29010 31
14435 -26476 53
26014 -4848 25
13419 -8899 2
20091 15079 88
3263 18441 35
6696 18024 52
-11523 15203 10
-20426 -10261 55
-29633 -24770 75
-22205 18442 97
-29403 15890 1
-2593 29483 27
14643 -2721 100
9126 -26031 36
-4505 22481 43
-2455 15597 38
-25332 -16129 48
19492 23653 32
-7604 16568 94
-24052 -4625 94
-25207 -16659 41
-21482 1517 63
19961 -19824 59
-14390 16579 8
-5697 -5979 77
15519 -22076 90
25865 -20664 50
22543 -32291 5
-7021 -21809 97
-7007 -10491 89
27351 19682 9
18788 -23492 92
-28457 13379 35
-32313 24329 59
-13868 -30037 7
29134 -3374 8
-24632 32271 2
-8625 19447 3
17956 -10 1
28187 32090 20
20592 17772 64
-30269 -29577 77
-27568 18193 84
-16331 13370 6
-17980 -28672 97
30153 -5946 8
2 1
3 2
4 2
5 2
6 4
7 2
8 2
9 4
10 1
11 2
12 10
13 7
14 10
15 8
16 14
17 3
18 1
19 10
20 5
21 20
22 10
23 11
24 17
25 8
26 11
27 22
28 15
29 8
30 9
31 13
32 11
33 3
34 9
35 10
36 34
37 11
38 1
39 15
40 6
41 6
42 16
43 15
44 18
45 31
46 4
47 25
48 45
49 35
50 8
51 9
52 26
53 48
54 30
55 31
56 35
57 48
58 46
59 27
60 50
61 31
62 5
63 54
64 51
65 9
66 35
67 32
68 55
69 25
70 22
71 70
72 43
73 6
74 64
75 9
76 55
77 12
78 3
79 48
80 52
81 63
82 14
83 42
84 54
85 72
86 1
87 12
88 35
89 14
90 56
91 66
92 10
93 43
94 17
95 51
96 59
97 12
98 4
99 3
100 40
101 33
102 5
103 85
104 74
105 90
106 6
107 17
108 98
109 47
110 69
111 50
112 68
113 89
114 105
115 17
116 106
117 114
118 112
119 73
120 14
121 73
122 48
123 42
124 107
125 76
126 57
127 14
128 12
129 77
130 110
131 80
132 44
133 113
134 31
135 24
136 44
137 76
138 26
139 48
140 29
141 87
142 93
143 2
144 142
145 112
146 72
147 16
148 79
149 133
150 71
151 46
152 103
153 122
154 98
155 43
156 106
157 59
158 83
159 98
160 127
161 74
162 94
163 43
164 28
165 23
166 20
167 3
168 121
169 131
170 65
171 27
172 94
173 76
174 164
175 44
176 122
177 148
178 168
179 47
180 40
181 126
182 105
183 39
184 105
185 111
186 5
187 154
188 149
189 130
190 146
191 73
192 74
193 5
194 123
195 176
196 63
197 134
198 96
199 30
200 128
201 175
202 78
203 157
204 167
205 202
206 80
207 154
208 91
209 86
210 105
211 106
212 84
213 20
214 79
215 195
216 97
217 50
218 80
219 150
220 29
221 7
222 100
223 67
224 151
225 157
226 32
227 94
228 108
229 10
230 147
231 179
232 107
233 152
234 180
235 135
236 62
237 2
238 132
239 173
240 192
241 180
242 143
243 85
244 100
245 127
246 166
247 205
248 31
249 178
250 219
251 177
252 105
253 50
254 34
255 189
256 78
257 51
258 205
259 220
260 143
261 224
262 250
263 141
264 234
265 207
266 213
267 19
268 47
269 215
270 133
271 255
272 257
273 32
274 260
275 113
276 66
277 231
278 173
279 121
280 45
281 40
282 21
283 53
284 52
285 181
286 274
287 228
288 43
289 261
290 245
291 174
292 159
293 139
294 158
295 120
296 239
297 51
298 146
299 220
300 170
301 293
302 229
303 145
304 23
305 250
306 232
307 144
308 257
309 268
310 297
311 77
312 239
313 58
314 310
315 133
316 100
317 86
318 1
319 20
320 56
321 85
322 227
323 140
324 219
325 259
326 122
327 263
328 106
329 92
330 32
331 316
332 206
333 8
334 138
335 90
336 169
337 160
338 172
339 161
340 244
341 299
342 33
343 28
344 286
345 114
346 130
347 319
348 44
349 8
350 133
351 98
352 118
353 226
354 69
355 59
356 230
357 156
358 181
359 342
360 119
361 107
362 322
363 333
364 161
365 113
366 338
367 18
368 158
369 356
370 247
371 370
372 38
373 271
374 123
375 127
376 337
377 159
378 357
379 257
380 216
381 39
382 133
383 50
384 187
385 365
386 189
387 42
388 283
389 143
390 20
391 163
392 201
393 7
394 306
395 154
396 208
397 19
398 203
399 325
400 197
401 53
402 303
403 299
404 158
405 244
406 369
407 124
408 49
409 321
410 99
411 381
412 41
413 96
414 361
415 40
416 384
417 181
418 117
419 293
420 74
421 410
422 231
423 216
424 352
425 327
426 285
427 88
428 297
429 162
430 13
431 382
432 410
433 83
434 40
435 271
436 246
437 22
438 335
439 377
440 123
441 129
442 156
443 105
444 387
445 121
446 210
447 247
448 48
449 57
450 157
451 372
452 164
453 452
454 37
455 321
456 331
457 158
458 215
459 125
460 274
461 322
462 412
463 440
464 262
465 351
466 266
467 227
468 165
469 270
470 221
471 251
472 369
473 214
474 451
475 7
476 446
477 316
478 4
479 46
480 219
481 28
482 183
483 198
484 190
485 338
486 460
487 202
488 188
489 89
490 381
491 113
492 416
493 152
494 464
495 215
496 345
497 296
498 240
499 62
500 214
501 339
502 398
503 79
504 235
505 440
506 190
507 470
508 220
509 29
510 53
511 120
512 161
513 123
514 226
515 72
516 418
517 405
518 24
519 384
520 207
521 42
522 20
523 259
524 50
525 267
526 425
527 141
528 485
529 254
530 509
531 24
532 238
533 153
534 506
535 383
536 163
537 7
538 277
539 200
540 173
541 402
542 140
543 45
544 71
545 88
546 287
547 528
548 197
549 306
550 18
551 83
552 74
553 528
554 404
555 268
556 329
557 539
558 98
559 204
560 490
561 145
562 4
563 353
564 467
565 449
566 385
567 345
568 476
569 20
570 375
571 120
572 224
573 433
574 252
575 65
576 491
577 370
578 471
579 542
580 332
581 84
582 554
583 418
584 528
585 203
586 332
587 86
588 178
589 212
590 496
591 421
592 259
593 65
594 429
595 355
596 257
597 121
598 140
599 542
600 383
601 134
602 600
603 53
604 392
605 285
606 162
607 538
608 439
609 553
610 73
611 321
612 197
613 608
614 577
615 317
616 182
617 460
618 288
619 284
620 44
621 211
622 243
623 69
624 233
625 559
626 595
627 67
628 286
629 295
630 426
631 7
632 469
633 77
634 203
635 179
636 520
637 294
638 371
639 629
640 43
641 477
642 270
643 81
644 354
645 284
646 133
647 402
648 573
649 401
650 185
651 198
652 213
653 443
654 49
655 139
656 382
657 90
658 177
659 404
660 263
661 514
662 299
663 264
664 9
665 241
666 659
667 102
668 241
669 208
670 157
671 75
672 423
673 495
674 129
675 491
676 661
677 314
678 401
679 269
680 61
681 116
682 626
683 568
684 177
685 12
686 311
687 447
688 101
689 259
690 491
691 412
692 580
693 43
694 457
695 601
696 557
697 259
698 137
699 51
700 228
701 116
702 352
703 112
704 376
705 446
706 562
707 584
708 471
709 261
710 391
711 338
712 457
713 532
714 201
715 713
716 105
717 474
718 64
719 109
720 608
721 344
722 97
723 248
724 435
725 220
726 688
727 83
728 336
729 393
730 450
731 172
732 219
733 85
734 404
735 240
736 429
737 682
738 95
739 526
740 413
741 461
742 692
743 151
744 265
745 722
746 653
747 716
748 685
749 662
750 740
751 14
752 670
753 619
754 44
755 229
756 40
757 611
758 755
759 47
760 252
761 614
762 194
763 437
764 663
765 255
766 644
767 294
768 485
769 531
770 648
771 765
772 588
773 659
774 646
775 683
776 252
777 597
778 520
779 759
780 748
781 615
782 736
783 364
784 618
785 267
786 132
787 416
788 127
789 436
790 563
791 240
792 625
793 671
794 792
795 472
796 744
797 583
798 731
799 553
800 525
801 442
802 69
803 718
804 654
805 610
806 573
807 724
808 540
809 109
810 605
811 686
812 345
813 361
814 641
815 264
816 298
817 8
818 197
819 772
820 59
821 769
822 51
823 285
824 630
825 293
826 130
827 455
828 594
829 244
830 772
831 631
832 212
833 734
834 562
835 754
836 718
837 466
838 471
839 563
840 358
841 322
842 182
843 300
844 110
845 72
846 640
847 451
848 380
849 803
850 170
851 600
852 739
853 128
854 190
855 111
856 746
857 105
858 771
859 846
860 334
861 570
862 288
863 859
864 762
865 767
866 6
867 137
868 393
869 259
870 103
871 547
872 176
873 732
874 359
875 852
876 853
877 533
878 519
879 203
880 77
881 490
882 243
883 64
884 431
885 28
886 530
887 291
888 636
889 218
890 400
891 630
892 414
893 349
894 883
895 59
896 853
897 157
898 676
899 513
900 634
901 158
902 404
903 892
904 445
905 548
906 186
907 587
908 850
909 267
910 848
911 480
912 468
913 591
914 544
915 767
916 804
917 581
918 471
919 837
920 58
921 33
922 700
923 917
924 788
925 177
926 252
927 155
928 35
929 153
930 77
931 507
932 13
933 745
934 238
935 886
936 781
937 729
938 551
939 128
940 188
941 374
942 781
943 165
944 4
945 306
946 862
947 81
948 21
949 231
950 776
951 727
952 313
953 236
954 96
955 898
956 412
957 787
958 485
959 191
960 660
961 850
962 635
963 346
964 769
965 130
966 109
967 331
968 510
969 371
970 410
971 820
972 162
973 930
974 899
975 857
976 716
977 33
978 298
979 555
980 790
981 327
982 337
983 836
984 389
985 581
986 39
987 968
988 250
989 958
990 879
991 549
992 270
993 712
994 778
995 778
996 468
997 801
998 497
999 544
1000 112
