1000
8126 1905 75
-28960 23064 0
-18742 -16353 73
2068 -21552 25
-8123 -30526 29
-25557 -12644 43
29279 -1111 23
16795 -7234 57
-5396 -11263 17
16042 -26345 37
-29139 20469 9
-24220 18709 58
5899 16147 24
15600 19815 84
-28492 4790 25
-13779 31220 91
3636 -17772 17
-4653 -17 50
16025 -28388 94
-751 -32605 0
-15863 -20753 100
30619 -10254 24
20763 -8864 37
-7187 -18559 3
-7696 -17052 6
2470 -4602 14
30537 16735 17
30551 -8386 99
-1040 27323 80
-30064 -4964 87
29230 15721 83
-71 15678 10
7387 31665 17
30286 -16463 44
-21735 -16730 10
-15713 -6721 44
13865 -19156 47
9035 28851 60
13864 22947 96
17816 10443 1
22536 -25102 59
-3234 5627 41
-12726 28168 53
-1494 19475 98
11863 -24926 54
-10566 24711 73
-14829 2850 36
22131 -9986 1
-16970 12375 83
5211 -13610 4
14649 31709 81
24769 -14772 29
1002 32670 27
-6844 -29355 6
927 -13049 42
-21634 -20221 100
-9108 6766 52
-6262 -1862 54
-6195 -1162 67
28014 14816 8
-15224 2069 97
9801 22058 77
-12961 12154 87
18609 25367 68
-18713 -32118 93
-5932 -27898 70
11430 -14084 58
2664 -9872 73
-30418 -7815 27
17863 2382 82
-12182 -3129 43
21289 -236 28
-13645 -4051 54
12793 28209 25
-13783 -1917 42
-1402 -3328 38
-9483 -22519 59
-28242 2467 28
-23650 -12808 69
-23383 20822 9
20449 4391 28
-23960 27158 71
1095 -24424 72
19374 -23979 75
12919 -27304 89
16453 1011 23
17447 -5883 61
-16357 14449 32
-5578 -31317 47
-4612 -18197 29
-10682 -19831 58
-6481 -7244 78
14505 -24093 63
-14137 1099 59
-19273 -28261 10
-1726 -1431 27
-18745 -11649 15
-31352 8920 58
-10547 13727 22
10731 -4063 59
11891 -15128 1
-23051 -9716 0
-24426 22744 21
-3341 -9060 81
8611 -9741 28
9584 586 76
9972 274 3
-26698 29341 15
-6121 15261 34
27350 17274 90
10093 -5159 65
-14141 18354 89
31674 10396 53
-13477 -406 13
6274 -20035 14
-7799 -8706 51
-13917 31471 69
-5876 -9895 46
13173 11111 59
8442 9117 54
-2416 -29458 97
3347 -1064 93
29854 8422 74
-9662 -20168 83
-14435 9617 57
9985 -14471 36
-11494 9960 21
-19758 -4991 4
506 27793 98
1780 25769 96
25420 -4588 19
-5802 -11500 70
27086 -10566 99
-11991 -12645 98
1634 15424 18
-22020 -20211 18
-20938 21884 52
-7621 -9478 27
28111 32649 30
30981 9128 18
-25520 25872 57
15761 18636 15
-11213 -32320 48
7399 6357 36
19091 30582 7
8256 -7785 99
11946 -15664 48
-29659 32119 35
-15453 22836 66
3467 -25990 53
-12873 -3323 36
31363 28479 94
-21320 -21859 12
24672 -12605 32
415 17301 87
32119 -6164 48
14183 -22323 50
-13408 -19871 81
-2105 -17862 97
-28354 -15245 19
6173 23398 100
25440 -29998 33
13235 24745 44
-2915 5241 5
-30114 12753 95
21225 22113 33
9536 29489 89
20687 -602 27
14979 -3808 50
-4538 -26917 8
-13095 -26529 7
-17003 -1763 38
-9504 27921 24
-17732 -5209 88
14914 32018 7
32533 4991 12
302 -15990 4
26411 9039 90
-16255 -24815 34
-9882 -9932 40
12597 28214 66
21193 2896 74
24929 6265 72
-3903 14874 90
2066 -12810 86
8876 278 2
6526 -14918 79
-19259 32494 7
-29300 11202 52
-24086 24146 40
-19969 -30652 92
-32312 27779 44
28768 -23232 45
-30330 -22309 16
-13095 -30360 24
-728 -7494 35
-24239 -23930 19
5379 32681 33
31939 31340 78
-24620 -31831 68
4237 762 22
14350 8552 97
-24508 -24090 83
3901 17165 19
14586 -11359 53
-8365 24801 21
25484 23900 52
4229 -18033 13
9290 -32347 24
-4133 13065 98
-962 11838 100
-20852 5312 0
-16807 -25269 66
21871 8901 44
-8575 -27297 65
-25070 -25323 73
-31884 -22982 42
-10936 -26226 33
-17658 18872 67
31178 -18968 30
-26186 -7167 4
-25315 -17760 85
12030 -10635 28
-20051 21792 87
-12165 -2911 81
-26372 -19793 66
-14952 -26745 41
14280 24081 60
29109 29951 48
996 22524 2
3500 3760 41
-9949 15276 26
18600 -8841 7
1922 -24718 91
7247 -18357 86
27194 -16103 98
15356 15290 99
-11918 -10533 54
30828 -11233 40
-17401 106 58
-30888 30693 80
-25070 12373 43
29746 23007 6
-20266 -32275 17
23154 8049 95
17468 -30374 79
4962 24625 81
13649 2164 36
17784 -23896 73
-3907 5138 93
-19667 -30379 47
13284 -81 5
-20393 -24744 16
-16775 7561 64
-7152 -2036 74
29136 -25637 31
-14923 -19972 88
7101 -23151 56
-25143 -2826 80
9459 11676 47
15221 -290 22
28237 18970 22
6329 -11453 9
1953 -32537 21
6036 -7757 63
-14037 31063 56
20895 18737 66
-7714 8495 18
-2792 -29666 22
-3494 10212 89
2465 -13662 23
-19504 -20522 84
-774 11220 18
25415 -15861 80
18831 -22673 37
14971 22917 36
10326 19755 6
3567 -4530 28
6090 5611 76
3111 -2420 68
-14229 3455 48
9998 31925 99
14794 -1503 21
25674 26713 1
-11090 -29311 72
14531 -16782 3
17816 -32694 5
15216 18513 73
-13682 17262 57
-15205 16704 66
850 -29453 79
-1306 -8870 42
-2222 -19106 50
25340 -196 40
-7852 4435 8
9529 17756 35
-29202 -26374 13
15559 32387 33
10348 18254 5
-13749 20647 2
-17022 28055 78
7350 22494 19
26603 1685 61
7146 1137 67
2086 -23273 44
-23279 -16040 27
-31897 -24341 98
-28199 24023 3
6164 -21665 88
-24907 16041 50
20344 26766 73
10544 1195 6
-26531 -31483 58
-2263 -21275 18
-21661 -31765 43
13755 2289 52
-13828 2627 24
18262 -19502 96
-7348 15762 23
-15860 -28772 7
-1467 19549 68
11452 1157 24
13947 -30017 9
21243 -5104 70
26144 -23104 27
-12467 -26296 95
24644 -14643 14
25187 19767 32
-3297 -11637 28
-20504 17107 46
2422 -26316 100
-31668 29710 22
16252 -410 85
-31356 29652 50
9227 27717 5
26087 -11264 2
3271 -1507 46
20390 21807 97
-17937 25129 69
1262 456 64
22123 24213 78
11533 2123 94
6954 29914 14
3884 -22745 80
-10850 30348 28
-2912 -2564 26
9742 -7692 16
4855 10456 26
27775 8372 15
-11264 -6185 23
-20998 11846 60
-19483 -2846 31
-20452 -2450 26
-5763 -26365 42
-21618 9830 66
-18776 -6200 75
-8332 -30906 19
26161 9912 78
-24130 24860 93
-25057 -5481 96
23745 -25176 77
-26504 22790 47
7550 3180 75
31453 29221 88
7844 -18602 96
1466 30341 17
-3775 29486 59
-7400 -5526 53
-21930 -28034 40
2092 -25672 8
-7862 5775 14
22929 31768 18
20507 -21447 65
-8183 14680 74
7074 -6032 35
-219 -9407 85
-5267 4338 95
17768 -21552 88
30428 -28804 34
9918 20174 13
-2947 -28307 98
25986 -16447 23
-22094 -32404 14
30886 -1855 28
30896 23500 54
-24441 -27496 19
30197 -23357 20
-25329 1600 24
17584 -11986 11
-21046 11139 84
-22884 1486 21
-1650 -23730 89
5746 13937 16
14808 5084 89
-19778 23788 37
32242 -29099 10
15541 -7047 29
-23855 6833 81
14537 26640 29
-29612 -20467 56
-26509 -4743 61
2881 -3765 60
-16200 28934 16
-1743 -17288 2
-12772 -23797 0
10440 -23697 71
-12704 28014 23
-254 -18204 50
-31477 6894 82
3504 9312 81
20424 -14397 59
-23505 -16787 25
4049 27807 68
12955 7985 21
-23114 -6971 77
5715 -5000 49
-9436 -25547 99
-11870 21639 6
29638 10372 24
-23172 29895 78
8014 17735 34
-899 -8154 3
21100 25609 23
29399 -8659 50
-11957 -6784 85
15815 -1557 84
16773 15630 58
-4019 -22879 15
13935 -4850 83
24476 -23320 79
-29417 22444 19
-23795 -10711 44
-1842 -13744 66
8102 14133 84
8327 9807 36
-26472 3799 85
26759 25313 15
30272 -15541 70
32226 -21302 55
21076 24240 27
29256 9535 81
-31478 11603 12
31121 31224 28
23791 2024 8
-13864 -21400 23
-4619 20414 22
-20156 12539 46
14308 -7864 36
14633 -591 86
-27122 9497 5
26276 -25341 36
-10963 -14990 88
15653 -17626 62
-18647 -28284 20
2585 30862 31
-2510 9098 44
-23112 16195 82
-10773 -626 39
-25348 -20882 44
31454 20484 2
-26771 -1962 31
11199 -29306 69
-19933 -3777 38
-2942 12803 0
-14681 22463 60
19482 137 78
-31540 -11048 1
5660 -21701 31
-8386 3658 5
30495 -25733 50
-24874 26024 32
-30621 19003 34
20301 165 17
-25596 -25033 73
31990 -31348 16
-5336 -26763 76
-31560 -7230 5
-17042 -11430 40
25699 11413 57
12312 22415 83
-23128 -22552 17
14582 8158 68
-10063 -8039 63
-3741 28243 71
27382 30282 70
-12530 -16937 93
300 28 0
-28185 24729 98
-3566 -5500 46
-30083 7089 11
-23168 32566 79
18997 15447 7
-28639 4719 60
8282 -23448 91
-6759 6671 88
-29196 14133 41
17088 -14707 89
-22366 19823 19
18446 -13395 15
28076 19474 66
18264 -18416 2
23078 -7871 84
31799 -386 32
-13210 -10366 20
9923 15841 26
24449 -29827 58
-8890 -15985 3
-11853 27198 16
-7153 -32594 23
-17136 -20649 81
-3072 15048 7
-4528 -11469 74
-27944 -17895 19
553 18326 37
20103 12931 20
162 26328 82
13696 -25175 100
-2708 -1441 48
-30820 -30579 19
631 -6080 87
-32356 -19946 35
22224 9365 6
-4282 27324 99
-18551 -17690 76
10517 -3073 56
-23596 20785 3
-26950 -18007 76
17245 -18479 20
-10281 23437 100
18480 -16553 62
-16341 13967 19
-2263 -27518 69
-2310 -14484 14
3604 -30245 5
-12233 -17286 43
-2314 22584 17
-19817 -11697 78
17478 22591 56
29594 2735 52
-5132 21441 42
-5348 -30099 4
20966 5768 57
30289 -18516 31
12138 19763 16
-5721 -27771 93
-27723 24322 80
13581 -12560 3
-15267 -15068 20
-27010 -20929 58
-25726 25508 33
28800 6995 55
27049 18365 37
-8299 -22862 74
-17596 -12251 82
-11889 -30947 89
-100 -20748 41
12533 3360 61
-15862 -19973 87
-2874 -8279 49
-29233 -13233 99
11859 32459 50
-25938 -15606 25
-23369 -26268 75
16989 -27082 96
-21133 18677 59
-16809 13686 89
-7329 -2163 98
-15021 -30761 64
-22530 24791 75
10505 16319 20
-14424 25583 12
-28887 11218 100
-8928 -14273 72
-28211 6402 30
5144 -505 85
-7176 -10112 40
-15020 11413 7
24092 -26848 81
-29600 -28622 84
14942 -16672 69
5055 -19784 44
3439 -18163 88
-10819 -26749 40
1646 12114 70
10436 -26726 18
30215 -4164 44
-7270 20075 53
-15549 -1773 94
-25661 -28301 48
25718 -3285 14
4355 29905 73
12616 2169 72
-23038 -9199 33
13699 25879 64
21291 -14651 6
-13566 -15797 82
-20654 -8659 1
-25510 -26482 25
-9086 -27913 85
-19267 -26385 44
6987 10258 30
-25740 7619 84
31155 3824 89
-12142 14643 1
17061 16028 99
-22167 13015 14
-5652 21624 43
10825 -27252 50
-32480 -9971 66
32349 10226 51
25344 -893 55
-14229 -4194 59
-244 -7597 77
-5159 23117 57
9834 7088 30
-31621 19774 11
-3118 27636 51
24945 -22673 5
-855 -20501 65
2113 -19837 25
-24495 -18695 60
-11886 -2143 54
19298 20612 49
-29539 5449 58
28650 -3000 4
32643 -7115 55
8250 -25387 21
15227 -7679 38
28712 11246 17
-8905 22234 30
25888 19977 39
-32141 17329 55
11270 -5155 36
-3470 9481 11
107 4210 77
31375 675 37
-12531 17125 3
-2515 32455 2
-27909 -27791 20
27885 -1232 33
18357 15447 49
-13261 -7928 34
-7150 16605 90
-11784 32612 27
-15843 -19375 41
18278 -2162 82
-9655 12716 69
-11185 -24641 38
32618 5303 29
-15803 -23425 18
19462 8864 29
11696 -19325 35
-10 -30030 71
15005 31589 78
-19222 49 29
-27457 26848 98
29912 14055 14
-18963 -977 52
-31542 -22828 14
28819 361 45
23996 4103 58
28116 -3693 98
16967 -18481 59
21577 -27848 25
-24306 -30153 61
31440 18515 79
21824 -11573 36
15612 -20194 75
27275 -15707 62
18086 22419 33
-18860 14081 37
14005 -9554 84
-14827 -3456 4
-9516 -4272 94
30505 -15535 83
22645 9445 6
5963 8206 1
13805 31778 52
-10473 26417 69
14767 26396 19
30518 -21359 91
-420 11221 37
-7986 10956 18
-14282 26540 92
-25102 -3107 78
26564 24743 67
-24799 -4247 73
-2978 20991 7
11655 26170 6
23538 32748 75
-23775 -20478 78
12038 -7857 14
-1576 -14044 54
-29575 -22763 85
-23475 14403 55
-4665 -278 94
-18639 -24004 8
-17168 -14944 97
16627 -27130 5
-8564 -9393 48
-11308 -26302 36
3024 -22522 42
7368 24715 3
6752 -15036 41
14915 -31534 56
14651 -32732 18
3441 -19378 5
-12702 -22438 21
6636 9098 54
-11898 8222 64
-28864 14592 63
-2113 8334 32
10324 22749 35
25580 -7243 83
26011 3417 37
-29008 -18634 7
25212 26180 57
21665 -29411 38
7550 -20086 32
-1863 24420 40
-7863 -6771 87
15328 13017 21
32246 -15458 8
4500 27801 81
5678 -18735 1
-8864 -16660 98
4645 -15103 96
14877 -24411 91
15966 -7380 35
-15632 28144 38
19523 2944 1
-4791 19151 26
-29334 14286 15
6161 23228 56
5913 21998 99
27310 29646 14
28027 9762 6
5816 -12091 73
14214 678 8
-29762 11877 73
4742 7908 7
-16335 7973 51
-32252 25560 3
-14886 -2903 3
-1923 5568 45
23380 16293 98
18434 12039 13
25857 21911 62
7698 7283 3
24566 11483 72
20913 18062 8
20718 -24529 57
-3368 5201 10
12445 32602 82
-22329 21271 9
-29438 -8673 1
-31373 -12224 89
-10721 -4521 38
1628 11555 33
3763 9816 66
-21597 17337 89
32655 -5571 28
-16368 5767 20
15237 18428 99
-31369 26956 61
27177 -31385 68
-10591 17387 20
14943 -16198 75
-14421 28442 24
-9317 -8589 88
3624 13900 52
-6945 32740 28
-3546 -6875 60
14508 -25591 7
4446 -25721 95
12830 26167 53
18820 -15064 34
-7834 -26786 47
12070 13463 97
23965 13524 44
-29074 -1904 38
10370 18766 27
3642 17823 69
7001 25093 99
32155 -21653 15
-16617 -2094 97
8555 -2269 9
-28163 13639 54
-24581 4941 9
30729 -21864 12
-6424 11121 81
4797 -13516 95
-24462 9012 96
24909 9370 28
9402 -20432 65
1695 -25336 33
-16582 29687 48
16601 -4690 59
1115 5953 15
-23604 19430 29
-16273 -30424 13
2305 -6547 29
27160 31586 85
24828 -25314 91
22695 -24623 73
10191 -6485 84
11173 30627 33
4841 -12270 63
25365 -14565 71
9344 -10755 86
17351 -712 14
-26084 -19776 1
-31164 16377 58
3334 -17148 87
9177 -22634 0
-22855 -13504 38
-13519 7165 59
13189 -12309 42
21833 4724 70
23907 23949 7
-13143 -23704 54
15320 22292 23
-27418 4776 61
2298 10615 28
29872 -19460 46
30987 19764 62
-17250 -15385 30
7876 -8836 64
-524 4239 40
-6880 15526 24
6348 -31921 71
25324 -2157 64
-26605 -7708 53
-11085 6668 96
-25621 -9898 37
-16529 -11807 69
-32685 30625 46
-23546 10749 59
-3473 -6679 65
16200 10045 98
-2296 -16552 68
-9158 22150 21
28325 15963 17
18582 -17819 66
4942 7888 36
-11328 -21670 21
-9036 -19374 26
15737 -26307 72
14212 27467 44
3888 6607 29
11157 25757 28
23518 4466 40
-8514 13408 15
-25614 -8554 76
-23841 32648 73
29738 25369 82
26756 -3817 53
-7560 593 3
9383 -8228 77
28340 -19806 60
15131 -14292 80
14079 21589 31
-6002 -24825 75
8519 -9115 85
22059 1444 92
12808 -26040 85
21727 -19684 90
-29858 -30812 23
20397 10735 29
25580 -16561 39
14306 2196 45
-23034 19171 40
12268 17120 7
-4906 -237 9
22656 -19470 89
4212 -1190 29
23306 15540 15
25842 -30986 12
-23893 -11307 91
15022 -18125 62
19066 830 17
-6827 -10269 66
7437 -13335 35
-17461 1974 66
-5766 -869 25
8044 32555 72
-4077 -20178 82
5902 115 21
20425 31908 65
-25988 30386 63
4425 -176 0
-8495 27208 67
-10419 8839 62
-5108 -29727 86
-28941 28891 85
-10757 -3120 20
28426 -3634 98
1009 32599 53
-21815 17102 72
30703 6232 65
-21861 -32731 77
-3686 18480 49
27481 16346 62
-17855 22944 54
-3250 28749 3
-10606 -31735 58
-27161 20643 21
-2109 12575 36
11695 -29285 26
21980 -27370 63
25267 -18081 4
934 -25502 2
-29298 25751 26
-23732 -32190 18
25204 -30114 29
-12583 -14106 62
16355 29288 37
23729 -31512 18
25662 7492 44
-29797 24644 50
-32575 26099 6
10175 -7445 72
4617 8830 16
8438 16386 40
18325 -18791 87
28801 -30405 59
-22110 6422 78
-20455 -28909 21
-22346 -22661 85
18379 10665 51
-15836 -7466 76
1334 9427 94
-23959 -16932 52
27174 27451 93
10421 31913 70
9559 21045 34
-5128 -14767 24
-23889 -23140 80
19503 12505 43
15026 12744 23
10237 22692 9
-23996 9478 67
1062 -10193 11
-2849 -3062 57
29739 -20500 28
-7181 32114 63
-29831 24062 15
-32116 22108 41
-2586 27176 81
-19101 -24560 73
-31445 -18336 26
20207 8524 89
-2982 23448 12
-31482 -10300 40
28581 -2636 52
-6344 -21834 70
-21632 25908 48
19301 30470 99
14372 -1642 7
-9644 -16529 74
29612 17757 67
25683 26479 68
10126 12471 32
5945 -29837 79
-29954 31115 41
17902 -5264 52
-12470 15298 71
-23427 29537 32
31408 20423 26
-26003 28405 25
-26499 4464 61
-29329 -11616 34
-9909 18479 41
-6996 -25116 28
-21102 7290 34
991 -20118 33
21605 -18039 59
-24437 18937 41
-3080 25068 34
-17372 -23614 38
8682 4965 9
-22513 -14452 28
13424 27302 40
-10604 -8779 98
18878 11858 52
-13812 2791 44
13023 31964 81
29541 28898 82
-19508 28334 45
25440 -20386 19
18207 -9624 53
-32276 10716 83
26863 30075 46
-75 31592 24
27405 4661 21
-26807 7751 78
-26727 -28366 63
12413 -28401 89
1052 14820 64
-2818 -15332 88
2 1
3 1
4 2
5 1
6 3
7 2
8 3
9 6
10 3
11 5
12 11
13 5
14 13
15 13
16 5
17 3
18 14
19 9
20 5
21 20
22 16
23 10
24 23
25 22
26 23
27 20
28 16
29 21
30 20
31 1
32 12
33 21
34 8
35 9
36 11
37 24
38 5
39 2
40 10
41 4
42 21
43 37
44 26
45 11
46 30
47 45
48 18
49 35
50 49
51 35
52 31
53 30
54 45
55 5
56 40
57 34
58 4
59 7
60 43
61 58
62 56
63 26
64 19
65 52
66 38
67 6
68 31
69 45
70 17
71 36
72 23
73 72
74 43
75 46
76 22
77 19
78 59
79 33
80 21
81 64
82 63
83 43
84 29
85 1
86 32
87 9
88 53
89 68
90 81
91 57
92 33
93 28
94 74
95 47
96 93
97 95
98 21
99 44
100 40
101 38
102 77
103 45
104 57
105 24
106 54
107 105
108 35
109 39
110 81
111 17
112 75
113 10
114 70
115 52
116 28
117 77
118 9
119 67
120 83
121 36
122 15
123 78
124 89
125 112
126 123
127 85
128 47
129 55
130 95
131 96
132 41
133 57
134 35
135 89
136 1
137 94
138 74
139 13
140 27
141 137
142 4
143 53
144 127
145 65
146 34
147 26
148 91
149 30
150 142
151 130
152 126
153 104
154 99
155 116
156 76
157 16
158 93
159 96
160 92
161 157
162 118
163 103
164 73
165 21
166 56
167 81
168 135
169 41
170 63
171 118
172 86
173 17
174 80
175 33
176 70
177 117
178 112
179 85
180 170
181 1
182 144
183 22
184 178
185 98
186 105
187 106
188 123
189 66
190 157
191 82
192 18
193 176
194 3
195 131
196 121
197 54
198 118
199 179
200 67
201 58
202 127
203 106
204 36
205 189
206 205
207 194
208 122
209 39
210 198
211 160
212 84
213 1
214 53
215 25
216 73
217 9
218 124
219 9
220 8
221 202
222 191
223 154
224 84
225 145
226 45
227 140
228 142
229 33
230 76
231 197
232 54
233 23
234 166
235 198
236 36
237 147
238 179
239 146
240 199
241 54
242 127
243 222
244 181
245 198
246 145
247 122
248 8
249 213
250 177
251 7
252 225
253 190
254 133
255 171
256 194
257 94
258 135
259 175
260 82
261 4
262 221
263 52
264 93
265 154
266 11
267 37
268 159
269 106
270 40
271 212
272 114
273 34
274 64
275 249
276 95
277 96
278 207
279 194
280 259
281 255
282 217
283 109
284 61
285 132
286 20
287 169
288 66
289 25
290 85
291 120
292 205
293 93
294 265
295 237
296 53
297 10
298 20
299 253
300 172
301 14
302 67
303 42
304 163
305 284
306 73
307 300
308 245
309 76
310 154
311 203
312 292
313 46
314 173
315 51
316 234
317 27
318 7
319 272
320 206
321 257
322 321
323 207
324 169
325 248
326 270
327 229
328 136
329 40
330 239
331 14
332 248
333 136
334 30
335 192
336 2
337 210
338 241
339 123
340 177
341 309
342 281
343 235
344 17
345 10
346 205
347 269
348 75
349 195
350 348
351 349
352 6
353 55
354 165
355 48
356 38
357 151
358 32
359 36
360 1
361 291
362 299
363 177
364 200
365 299
366 350
367 218
368 124
369 134
370 298
371 128
372 56
373 59
374 270
375 207
376 55
377 83
378 203
379 335
380 231
381 20
382 279
383 357
384 102
385 217
386 332
387 351
388 80
389 108
390 365
391 348
392 381
393 370
394 88
395 257
396 79
397 107
398 308
399 18
400 360
401 167
402 188
403 74
404 231
405 390
406 355
407 153
408 31
409 177
410 181
411 135
412 154
413 287
414 160
415 298
416 31
417 329
418 302
419 372
420 112
421 374
422 364
423 151
424 244
425 88
426 389
427 98
428 347
429 16
430 201
431 28
432 71
433 406
434 257
435 38
436 356
437 167
438 212
439 335
440 81
441 365
442 387
443 187
444 328
445 139
446 10
447 286
448 321
449 102
450 191
451 164
452 385
453 217
454 218
455 12
456 239
457 226
458 2
459 236
460 175
461 215
462 252
463 435
464 323
465 306
466 203
467 240
468 249
469 173
470 59
471 137
472 449
473 126
474 277
475 310
476 378
477 232
478 452
479 152
480 388
481 400
482 73
483 73
484 385
485 42
486 41
487 368
488 370
489 42
490 442
491 54
492 235
493 487
494 81
495 477
496 358
497 107
498 39
499 52
500 237
501 224
502 173
503 17
504 3
505 300
506 429
507 96
508 473
509 426
510 349
511 247
512 316
513 40
514 70
515 68
516 272
517 471
518 389
519 253
520 12
521 407
522 456
523 501
524 269
525 48
526 516
527 191
528 174
529 145
530 240
531 246
532 422
533 460
534 113
535 329
536 500
537 128
538 260
539 372
540 525
541 502
542 230
543 369
544 491
545 365
546 291
547 276
548 96
549 326
550 295
551 315
552 529
553 489
554 474
555 105
556 422
557 130
558 50
559 240
560 511
561 100
562 421
563 48
564 298
565 514
566 422
567 336
568 375
569 289
570 518
571 10
572 390
573 419
574 162
575 574
576 232
577 31
578 169
579 303
580 90
581 387
582 51
583 475
584 485
585 88
586 389
587 390
588 321
589 149
590 342
591 156
592 106
593 197
594 193
595 196
596 537
597 421
598 353
599 87
600 338
601 263
602 490
603 274
604 560
605 409
606 175
607 113
608 395
609 446
610 462
611 431
612 410
613 320
614 364
615 148
616 575
617 205
618 156
619 541
620 464
621 282
622 334
623 299
624 538
625 611
626 54
627 41
628 346
629 93
630 5
631 202
632 187
633 162
634 492
635 15
636 187
637 221
638 603
639 477
640 410
641 203
642 328
643 576
644 41
645 191
646 474
647 374
648 96
649 31
650 647
651 529
652 59
653 68
654 421
655 617
656 463
657 62
658 22
659 431
660 252
661 462
662 244
663 541
664 239
665 571
666 79
667 98
668 265
669 297
670 213
671 248
672 463
673 453
674 639
675 571
676 442
677 551
678 645
679 156
680 330
681 438
682 189
683 366
684 83
685 52
686 616
687 225
688 635
689 391
690 39
691 552
692 184
693 297
694 436
695 329
696 389
697 648
698 139
699 404
700 433
701 43
702 18
703 348
704 439
705 492
706 61
707 213
708 464
709 644
710 382
711 222
712 154
713 210
714 562
715 544
716 569
717 84
718 457
719 572
720 611
721 556
722 200
723 337
724 588
725 589
726 458
727 716
728 134
729 67
730 423
731 183
732 524
733 546
734 617
735 216
736 437
737 512
738 355
739 691
740 253
741 351
742 389
743 498
744 263
745 660
746 265
747 710
748 29
749 206
750 331
751 376
752 347
753 447
754 411
755 501
756 494
757 746
758 548
759 35
760 316
761 4
762 60
763 495
764 427
765 451
766 577
767 239
768 69
769 66
770 665
771 581
772 508
773 598
774 518
775 640
776 134
777 211
778 316
779 536
780 748
781 33
782 431
783 66
784 262
785 560
786 94
787 214
788 56
789 224
790 283
791 585
792 234
793 73
794 215
795 208
796 66
797 541
798 14
799 627
800 526
801 689
802 722
803 789
804 585
805 111
806 409
807 12
808 363
809 511
810 491
811 639
812 778
813 285
814 103
815 591
816 263
817 541
818 350
819 688
820 658
821 580
822 5
823 262
824 806
825 116
826 104
827 383
828 7
829 283
830 144
831 222
832 506
833 781
834 255
835 524
836 109
837 74
838 220
839 558
840 70
841 8
842 162
843 640
844 799
845 495
846 573
847 381
848 189
849 712
850 822
851 666
852 197
853 397
854 734
855 24
856 290
857 188
858 316
859 609
860 136
861 796
862 119
863 183
864 373
865 726
866 657
867 748
868 546
869 85
870 776
871 361
872 799
873 287
874 116
875 167
876 171
877 866
878 381
879 746
880 634
881 48
882 688
883 19
884 548
885 851
886 333
887 634
888 613
889 441
890 480
891 480
892 835
893 457
894 272
895 97
896 18
897 141
898 871
899 518
900 244
901 846
902 85
903 823
904 391
905 595
906 710
907 214
908 906
909 506
910 809
911 494
912 316
913 517
914 792
915 905
916 881
917 450
918 259
919 360
920 314
921 860
922 466
923 457
924 692
925 144
926 393
927 702
928 235
929 816
930 600
931 723
932 466
933 552
934 718
935 348
936 157
937 908
938 203
939 247
940 896
941 563
942 402
943 460
944 520
945 791
946 331
947 478
948 936
949 535
950 383
951 309
952 106
953 155
954 315
955 557
956 155
957 732
958 466
959 292
960 116
961 258
962 913
963 715
964 19
965 523
966 343
967 3
968 497
969 466
970 316
971 340
972 590
973 38
974 877
975 351
976 101
977 775
978 468
979 807
980 848
981 113
982 259
983 428
984 171
985 521
986 647
987 783
988 200
989 89
990 248
991 190
992 33
993 96
994 447
995 748
996 377
997 4
998 665
999 449
1000 65
