1000
-29100 21539 25
-14324 -23284 8
-3169 -10175 75
21388 23857 33
30648 1379 61
169 -6022 91
32149 20238 68
13493 21305 75
-19943 -9217 5
-22092 32217 95
6401 30676 72
-27955 6131 43
-21564 2007 94
-8857 2064 84
1228 19118 21
-3472 -3569 46
11490 13863 88
1997 21005 34
14083 -30558 49
-1695 -19787 11
31656 -30995 6
-13357 -1276 45
15638 21578 69
-17652 -22299 19
-13694 1828 11
17791 21191 80
-4951 -3581 63
-23655 22784 43
32763 15046 49
-15502 -417 66
-3200 26275 4
17303 -157 24
-8409 22984 76
-168 1917 53
18732 -1424 75
-8035 -24345 80
32117 -27870 95
29473 13718 47
16219 -22200 23
7792 23711 60
-10833 10016 38
-4815 -29671 25
-20976 31285 90
-25768 -15326 51
2708 23947 14
-12174 3250 54
-30773 17351 12
1719 -11656 27
32646 -3709 67
11708 2043 36
30035 -19021 40
5518 -29653 69
-10263 -31035 36
22972 -5900 4
-8156 1871 38
-14819 -5631 24
12376 -17773 62
19316 4081 65
-14660 -1654 58
24493 9157 50
12542 15006 75
22993 30971 5
-21857 9487 48
-29098 -2282 40
-7908 1983 34
7744 9279 91
20977 -24974 79
9434 -28853 99
-19079 -6819 34
2101 -23318 5
24083 -15111 24
21507 -14705 12
28554 -1922 61
167 6557 11
-4554 8373 85
27438 30701 24
-21554 120 95
-7567 23092 83
-5503 29046 40
-25382 2811 53
30953 -23814 52
25966 28929 81
22909 -2891 51
19710 16115 18
-22461 12686 28
8902 30572 62
-23925 27354 50
-28042 -303 99
13280 -30424 84
18334 -18339 4
2042 23277 60
26851 -9102 50
31015 -16785 0
-24833 2069 50
-3589 -13298 65
32229 -12275 54
-11149 2505 8
6781 18169 20
-27248 11131 18
20914 -19398 57
-26288 627 3
20902 9670 12
25981 13245 20
-19247 -11120 48
27985 230 80
14738 5307 6
11342 -27412 44
-32388 5600 17
18646 -29792 26
3677 7766 29
-30827 7035 23
-10398 -30731 40
30921 -28032 62
-22693 -17119 78
-18242 -18966 12
15022 2149 98
-12889 -13770 27
-16653 25565 18
8608 -22187 32
-30121 31339 72
12246 30501 38
-29628 -16285 63
-29499 11042 84
-5577 -16924 65
4151 29534 26
5084 31920 24
29227 31498 72
3592 26489 50
-18069 -19365 28
-16158 17771 60
5738 -4886 92
21418 -27146 76
6575 22540 15
-8499 -29543 37
-8537 14489 6
14770 -13402 96
-13158 -3853 37
5970 19201 86
13628 -6416 21
23658 -8056 33
-16449 -32003 78
-25527 18137 63
31930 -18839 40
-7389 1654 84
7912 -19373 38
-28960 -29525 0
-25184 22128 2
-11358 -27116 95
8107 -22961 60
9808 -23069 23
-22558 25218 78
10241 9076 37
-21498 25109 35
-18830 -32159 26
-11975 22230 47
-17439 -10541 8
28140 13254 91
-29733 25739 9
-32146 -8729 27
2004 -24891 89
-12219 -30995 46
5603 13653 10
6557 2079 31
-6274 -1347 80
-27460 3888 49
2204 -25016 27
-7527 348 41
5454 5617 28
-4490 -28086 38
-13222 -25135 3
84 10859 18
-672 -24180 82
21041 -7711 84
16221 380 99
15915 -17289 20
17829 -2046 58
19205 -17229 98
22687 -14372 71
3737 16409 66
-12239 15687 30
18291 -12546 16
1103 6127 23
-11437 26143 59
-6737 -24073 80
-4109 4967 47
-724 18282 16
11868 -32199 7
-4517 17027 1
-18952 -9863 39
17305 3430 88
27645 -4318 3
4360 3833 43
26303 -32211 33
26764 27768 45
-30667 -14934 49
19963 -5936 47
-9008 -23454 18
22945 20089 66
9576 1477 52
-5058 -20980 74
-6011 -6305 26
-26703 16390 91
8534 -24292 88
-12006 -23700 8
-22120 -7030 0
-784 15359 61
-6271 -4369 2
-26805 3682 44
7393 24606 83
30947 1802 63
-28588 22223 10
-4799 7222 64
4466 -3965 63
-19659 6928 22
2831 31043 68
8793 19434 95
5070 -9947 59
6479 8892 18
-9660 32695 72
-23580 14302 0
-7242 12131 94
-1017 1281 38
-14633 28442 61
-3940 -8819 75
11106 1446 56
-16602 147 50
-29876 -6524 77
25044 -22929 31
18737 -12567 47
9731 -22379 43
-17691 32147 55
-10958 -10787 61
5371 -19342 7
-20236 -2629 88
-27651 -13883 74
-24317 25496 81
25766 -30919 33
-20622 9251 9
-10100 31216 45
3022 -27491 28
29754 -28130 12
31658 5577 43
-26970 10836 93
-25328 -24698 4
9575 -2275 48
-12674 -8513 68
7939 29613 32
-21977 20184 8
-20221 -30769 14
18109 -21848 97
2213 -31846 8
-16707 29436 85
-7283 -29209 14
30470 6429 89
-8408 -9355 26
-10409 -3434 11
-32098 31819 44
-26764 18278 59
5142 -21840 69
461 -17959 24
9481 -17241 48
-16257 -23116 41
-18496 24713 76
4147 -8255 62
6602 -573 68
-16796 -9900 26
29722 28720 30
-20644 32065 32
21673 -31186 81
-2457 -10151 70
-18124 1508 43
-29870 12479 93
-28882 -30808 82
-19126 -23073 85
8033 2663 21
-28193 -9169 9
27410 28914 96
-9270 -10307 53
-21578 -27934 89
-2706 -2193 17
-29018 -9002 95
-1248 25851 38
-2778 21394 82
-7898 -7583 9
-16961 21097 68
7807 22393 73
-7881 22771 48
17046 -412 73
7297 -3458 47
-26978 22194 56
-6579 23954 2
7078 5809 95
15992 -1574 0
-14299 29918 7
15000 26212 32
-14768 -30215 50
30118 30831 12
-22978 15100 61
3420 -3204 45
-412 -29518 86
15923 -8792 91
-20464 29771 0
4678 -31919 10
-10519 12344 11
-29288 -19264 99
-4039 -2512 53
30083 1736 98
-16915 -16381 45
2611 23404 52
22183 -28117 91
22178 -15700 79
22083 -23255 5
27302 901 32
3448 -5990 63
-8216 9469 48
-4769 -8582 53
-17782 29716 12
-15397 -3541 19
-28348 -29713 10
-747 28875 29
2174 9483 97
3356 -1077 17
-2378 -25090 31
23839 17647 61
23868 -11581 18
-24785 1248 12
26594 1766 4
-23813 11579 65
-14417 -10723 41
-28987 11507 22
19335 19190 42
12195 20351 74
30979 -13847 77
-1364 -30671 83
26018 26129 87
28360 -31629 79
-6332 29275 15
-13467 -6808 35
3967 28472 85
-11396 20157 57
27275 7185 29
14995 28600 63
4557 31761 82
-3756 -26474 68
27296 13570 22
23107 29274 13
-31777 -20582 84
-31321 10353 15
-7633 15065 73
-20918 -18929 64
-3185 -7590 61
-20328 -3255 87
-282 -28327 43
23931 26033 86
9883 -21089 0
-13305 2721 94
-2327 -11359 82
19492 -10259 1
23518 -31182 55
28658 1947 56
-12682 21081 48
-8649 8787 7
-605 -11078 96
-22651 23444 77
-7385 14545 72
19332 24564 19
23713 2504 43
-19329 25727 11
17295 -14695 38
25332 16952 28
-20757 21365 29
-15158 10706 80
13272 -18079 75
444 27562 84
12682 -276 25
-18830 4104 32
24840 -4961 39
-9475 -15254 41
4788 30094 75
29633 7201 75
-787 19064 50
-8436 22926 75
13225 -15728 26
19917 -18206 29
-1556 22037 17
-9278 -20709 93
-30054 -24174 52
19955 -24968 25
2504 -14154 47
19347 15414 60
-25164 -14044 66
-10295 1768 31
28945 -28049 86
-17707 -220 48
17821 -27957 28
14819 -8526 28
-374 28229 47
1088 6776 93
-21250 -28566 17
-1283 31948 61
4768 11302 20
1169 30320 75
-24070 -833 50
15336 27386 1
-19933 -11992 69
7649 -24429 90
8602 -25629 2
23719 30323 49
-32158 -14946 80
-26487 30939 1
6033 29747 11
23705 9812 45
-27899 1713 68
11166 -19051 2
-24611 31537 69
25563 -20930 19
-22316 -1813 82
27429 23442 67
-14700 -30185 18
-6349 -866 11
26383 -16832 50
-28894 24328 32
-1772 -30160 96
-31637 27873 83
18087 -14156 50
29985 -28236 42
-26887 -4225 16
-20891 -27244 95
16025 23092 36
20808 -21789 61
-25733 -24378 70
8461 -5686 89
-26031 5720 25
-17202 27905 84
6673 -3676 36
15451 27639 89
-24663 26747 45
16578 2240 39
3515 31981 42
23993 -31850 91
-12323 -1478 16
-23392 -28647 47
-32376 -27671 37
21154 -12492 91
4936 -4933 85
13173 -27208 3
19871 16040 57
14161 -7778 86
29730 28007 55
31728 23414 98
30316 -18578 68
16968 27121 100
26796 32640 92
3526 -28236 89
-5503 11883 85
8139 15174 63
16906 -11081 37
2923 20581 20
92 21740 82
-23908 -16558 65
-11266 -16477 9
-5212 32163 93
27882 -24692 94
25951 -17020 45
23676 -955 36
-2200 7082 30
-10486 -17540 7
-2637 18057 56
21256 -18248 73
-23584 25955 26
-25007 25411 36
8835 17325 64
10326 4428 3
-31356 -9852 76
-31530 -15609 28
-13210 -25929 81
28093 21491 69
14903 18149 26
-30686 -12182 98
-11759 24254 33
7350 -13516 0
-24672 26195 71
28710 17962 19
14371 -20213 88
-5728 25675 8
-13321 1983 78
-6596 6252 80
2714 -13271 34
-13053 -1352 0
-8650 -19686 80
24410 14901 12
-23293 28116 63
-24945 -9344 100
-28477 16840 3
2034 15109 61
-22457 21343 91
22216 -16401 85
-32385 14379 78
-28277 -13691 66
13184 21614 12
-19886 -24320 10
8634 -13079 52
-18741 28383 56
-16582 11772 42
-22007 14517 59
-32397 25177 52
-358 -1689 84
-7491 -11657 82
13335 -27771 77
-422 -11779 86
-6814 -13753 73
-28022 1175 47
20649 -18691 92
-25140 20968 5
-10843 -7792 84
-10270 -11308 66
14314 -9184 13
13673 2339 81
-24443 -11155 76
-29120 22613 79
-10557 -16650 79
4605 -18831 52
-6596 -29 62
-2086 31647 22
13991 19037 21
17322 -3918 76
4443 30379 53
15836 -23198 34
-29778 -22297 100
3759 14404 15
3663 -12544 20
1459 12136 59
-14347 866 13
-848 28571 66
-12302 -14209 51
-3648 -23832 18
-26822 6079 77
-24914 -10559 6
17644 -10424 24
27997 13134 49
-24088 16541 34
-2945 11617 29
-12705 -30931 76
-23460 -16811 31
20410 21964 94
-2860 13302 56
26826 16676 95
32761 15192 90
-21770 12798 29
-9125 -4151 90
29285 -8096 77
19199 27263 14
-29835 6733 37
30148 27680 35
855 -9827 76
-25247 -13262 9
17250 13748 65
-13155 -5108 11
-9447 -23336 43
7559 -10744 34
-5338 5267 54
25313 20918 95
27715 18131 69
-3751 12598 76
14815 18478 85
12962 -22703 71
16888 -5354 94
8371 -12992 34
20612 2604 46
-23691 -16620 14
14716 17173 63
16806 24663 74
-9087 29722 43
6536 -4799 71
-30886 24739 44
-7739 1980 72
6569 -18151 66
9480 -25147 86
12082 -24070 48
28020 30264 50
13697 17000 70
20606 -31419 85
-7745 -27732 22
19478 -27669 81
9384 -3283 59
-9951 -6746 60
12244 -27847 62
-10281 8225 70
24420 10822 44
-8233 -15738 35
-7766 28732 10
15482 -21296 88
-22560 1088 91
25816 31295 47
11281 -18101 79
7194 -29592 49
-15080 292 93
8560 27667 1
27317 7896 76
-19935 -20660 28
15600 11195 49
-27129 12066 64
-4823 -13680 6
30688 -24164 43
31756 27313 82
11644 27613 59
-27502 5353 28
-6907 2186 17
28214 -18453 86
14729 29305 93
-16726 -25815 35
-24144 5772 1
24846 -18651 72
-19890 26223 15
28367 18798 15
-27333 -7895 84
2387 21595 54
16143 31228 80
-29436 21257 10
-22147 2648 71
-8813 -11218 49
11194 14753 63
-6502 -32165 86
8309 -10243 10
-7653 -29150 27
-15955 -26529 37
-12665 -16485 49
-15310 -20558 3
-25320 16901 85
379 26504 31
-22020 -11533 25
-11138 -6325 27
7626 22572 16
17243 14752 63
17596 -8073 23
-11722 -5941 92
8063 18466 98
2332 -1660 51
17847 32102 99
30626 -13779 8
19746 17685 13
-4718 -14960 98
8947 -1366 9
-76 5653 34
8049 31001 34
-27907 -12564 94
-12239 11950 38
23757 1158 18
-12876 -27814 4
-6163 -28870 70
-24718 6377 31
-11117 -31796 46
-25659 -32280 92
14296 30247 64
-29145 -2853 50
3897 -14899 55
-1511 26927 5
-22802 -3996 95
-8252 931 90
15234 24857 40
-6558 -24207 28
-17538 18637 84
-28582 -22345 35
3934 11393 84
-8914 11072 45
-25201 26151 8
747 -24865 21
-16676 -13451 77
1433 28717 13
-11816 28763 53
835 16857 71
-6642 -16729 96
30252 27047 71
14711 20446 98
6091 -12099 4
-16680 11922 60
30826 -18145 96
16432 -30825 37
-27905 21461 65
6125 -24288 46
-28500 -4467 76
19371 -9337 85
-19530 -15912 10
-9383 -16244 75
15504 -9433 66
26179 -8398 53
-17262 -24699 17
-3717 23423 36
-28648 13811 43
24277 -10222 31
23577 8239 99
-10487 -32696 80
1739 27268 13
7237 19874 72
-25433 30026 78
3890 -28122 26
-15305 182 7
251 -31349 10
-16676 6647 13
-20398 8229 76
-26137 -1683 44
-24160 30522 78
24530 18946 61
-10154 -7387 18
-26900 8587 73
30820 2181 13
-9117 -4702 74
20133 22979 57
13241 26099 10
-6394 -6702 0
-29222 -12449 64
20965 -12199 50
-20522 16002 7
13208 -31444 99
18929 645 16
32754 -24024 33
-811 25555 82
-6329 10070 55
-27110 1383 84
-25625 7591 95
-31656 -25576 80
14684 -9817 31
-2256 -26057 43
20971 -17899 25
-4653 14756 79
31365 29639 47
7391 7890 1
190 -32384 47
6254 -29774 1
-6329 -31820 10
13096 -10699 19
14121 963 89
14527 28435 1
-7045 -10457 61
-22306 -15777 86
-1674 31257 26
-26011 6274 30
-22774 31268 98
-2601 7784 94
5762 20840 35
-22815 18959 60
-2335 -13348 2
19197 -31956 52
-117 14491 49
9358 -12179 53
27032 6551 65
11586 26048 80
-15116 8480 45
-20428 16072 76
-28924 14205 29
-255 -16809 64
-5557 21099 59
-2277 16080 81
4712 -16540 49
-2593 25650 22
-17440 3442 42
25478 24493 100
4353 -30973 98
-18423 11168 78
-31170 -16433 33
-10369 -25032 58
-25452 12651 73
-19638 12381 82
5460 18726 51
-13643 -19821 100
-10070 -21241 30
-9461 1143 59
23634 19156 3
27519 -14923 26
-9452 31355 59
-20272 -800 31
-18047 3906 87
-12379 9974 56
25185 -9225 99
-17222 12333 11
22877 -31610 82
31808 -24678 51
18285 -26242 59
-2557 -10138 67
5047 4877 57
31284 -31096 16
20683 -16133 1
-25723 -7426 96
26906 -2956 69
14177 -21098 40
-21432 -27767 71
973 27433 45
-19797 -28686 31
25237 -12385 2
20857 23298 29
20578 -13172 100
-20479 21679 78
-7106 -25829 14
23251 8083 41
16782 -3438 91
-18415 -6669 62
21374 1377 5
-915 -857 20
17674 17987 42
-3779 -16587 56
-14978 12966 57
-26118 8010 51
-13936 12358 6
19548 -19728 67
-16685 -28775 80
13951 1951 49
-26306 -621 2
-21086 14854 9
9984 3260 10
26326 -1877 35
13282 18385 67
1971 -32094 79
6690 -6049 38
-23014 -27565 30
12313 -24369 52
25607 -6857 39
26331 27254 79
-9996 -24491 49
22930 -2670 12
31563 18302 59
-14107 16255 34
-28077 -22424 0
-25054 -3599 39
6452 -7609 9
25074 -22883 47
-14511 3202 21
-1393 -24764 90
-27835 -24632 56
19223 15024 21
-29180 1977 58
-29473 -27333 6
17308 19902 25
-21092 27987 9
26116 -15954 37
-17323 -21914 31
-21977 1170 64
21334 -23074 45
22330 15526 81
-304 27474 8
-8503 -30206 72
-13455 12372 71
8596 -25041 24
-16050 -1575 44
-21694 27091 100
1878 -23813 54
-28173 -11061 97
16281 -4086 13
-19516 4578 23
14100 4789 36
-30245 -4087 71
12083 4546 89
7104 -11650 84
18646 -24775 17
-22366 27775 36
-26669 21296 1
-11041 15631 79
10960 -23301 64
-30398 -32250 58
19485 2570 99
-24950 17767 77
-5078 20760 27
-29778 28121 79
-11002 -6589 12
24733 9069 3
29411 5651 34
11943 27986 29
-15008 -25309 37
20663 -28552 35
28308 22503 73
22096 24796 84
-7760 -8862 89
15272 28963 75
-29868 1774 42
4454 -7093 23
-32299 25179 77
-30874 8748 43
-22928 19811 12
12033 -11102 3
-11964 -30482 96
10105 17047 82
-1994 5861 31
27330 13083 2
-26733 4324 74
15478 -31707 71
-16264 10234 44
16458 22389 63
3854 -23191 1
-7046 -5233 59
26140 17800 70
20162 14778 72
-2388 -10517 16
17378 13146 59
25980 27740 26
-19539 890 53
10326 15084 87
-2951 -13208 31
7105 -6309 18
-2478 -522 33
-7952 -1998 79
-27317 1970 13
-23209 7543 22
1411 20995 40
2530 8209 25
-22386 -11571 69
30487 -3146 6
4108 6849 7
-1551 7214 28
-12550 -12330 43
-26769 11387 69
32385 -23014 33
22849 7236 93
-15231 16041 64
-30911 712 48
28323 16087 17
-10497 -22420 77
-11052 -19527 21
752 26839 38
-6707 5692 4
-16962 -15364 32
16420 -17824 100
-17302 -13485 31
14970 -17794 47
-28885 -7582 78
-29118 21458 60
-14279 28729 41
31682 22107 74
26356 -30225 78
-10777 12288 59
3261 -8393 55
217 4666 47
-13498 -13357 33
4499 1745 10
8021 7825 85
30354 11738 41
20390 -7017 36
27220 27632 4
2961 -31785 29
-14150 1206 88
10782 13151 44
31683 -23948 22
-19479 32269 14
32333 -25743 88
23272 -18252 78
3597 -22487 45
27058 8734 63
-11144 -26860 81
21680 -30098 55
-30115 -30856 1
15055 -14110 33
-5849 26259 33
-11655 20280 22
11962 -12891 29
-13055 -1077 65
29606 26387 50
30305 1894 80
2251 -4238 0
17017 -112 75
17500 13372 10
8852 -13036 70
-25107 -2660 83
-17815 -6719 76
24040 29603 47
32606 -6074 66
-29458 -26276 17
1110 -3829 18
31550 21025 13
-15197 3176 46
-10766 12057 78
16857 21066 95
-24788 -16210 81
-32278 26542 35
5775 -13330 13
-23525 -1498 18
4134 -14617 4
-3953 32746 74
-25827 -8161 5
-31331 -165 59
-2865 10008 67
-3897 15006 16
-27033 -6749 70
20195 26255 67
10234 17978 27
15519 -11249 64
15624 -31842 56
25622 20447 67
29703 9260 66
19894 17964 89
-26312 -4942 37
-32081 194 49
-10210 10973 55
-22263 6461 10
6453 29829 96
-1551 12488 44
-10908 15364 31
17084 8758 99
-31985 24812 32
-4462 -25187 44
9542 23704 60
22726 10957 15
3168 -14447 4
2 1
3 1
4 1
5 4
6 1
7 2
8 1
9 2
10 3
11 7
12 5
13 1
14 10
15 3
16 8
17 11
18 13
19 15
20 16
21 12
22 2
23 16
24 11
25 24
26 8
27 22
28 6
29 8
30 1
31 2
32 16
33 22
34 20
35 25
36 33
37 36
38 7
39 13
40 26
41 1
42 33
43 27
44 20
45 40
46 28
47 23
48 44
49 7
50 44
51 33
52 20
53 41
54 13
55 28
56 7
57 28
58 32
59 57
60 25
61 56
62 35
63 62
64 4
65 22
66 50
67 2
68 67
69 14
70 16
71 56
72 31
73 58
74 14
75 53
76 41
77 5
78 58
79 56
80 29
81 76
82 55
83 13
84 47
85 44
86 22
87 84
88 38
89 74
90 19
91 29
92 27
93 18
94 70
95 46
96 23
97 81
98 67
99 75
100 9
101 71
102 61
103 4
104 97
105 85
106 29
107 62
108 100
109 12
110 61
111 15
112 51
113 108
114 31
115 7
116 97
117 86
118 66
119 105
120 98
121 11
122 88
123 77
124 29
125 38
126 70
127 30
128 92
129 38
130 115
131 122
132 70
133 50
134 47
135 63
136 60
137 91
138 87
139 73
140 17
141 37
142 9
143 124
144 65
145 134
146 29
147 73
148 69
149 22
150 27
151 123
152 42
153 78
154 130
155 65
156 32
157 53
158 29
159 94
160 106
161 117
162 23
163 40
164 130
165 139
166 43
167 133
168 5
169 83
170 112
171 156
172 170
173 85
174 163
175 55
176 155
177 27
178 27
179 30
180 100
181 156
182 13
183 168
184 83
185 75
186 149
187 71
188 80
189 5
190 6
191 100
192 157
193 31
194 54
195 66
196 131
197 146
198 132
199 59
200 173
201 53
202 138
203 1
204 49
205 79
206 200
207 93
208 40
209 10
210 43
211 107
212 193
213 80
214 121
215 9
216 62
217 34
218 43
219 137
220 199
221 84
222 136
223 135
224 121
225 163
226 191
227 14
228 22
229 43
230 30
231 153
232 105
233 137
234 188
235 139
236 44
237 51
238 9
239 141
240 133
241 146
242 209
243 222
244 55
245 135
246 133
247 31
248 26
249 115
250 124
251 88
252 172
253 174
254 244
255 192
256 30
257 129
258 101
259 238
260 21
261 123
262 30
263 110
264 166
265 208
266 255
267 23
268 83
269 129
270 213
271 55
272 215
273 150
274 59
275 231
276 164
277 240
278 162
279 181
280 231
281 279
282 84
283 211
284 26
285 125
286 139
287 206
288 180
289 185
290 43
291 263
292 274
293 101
294 63
295 269
296 72
297 257
298 270
299 259
300 70
301 14
302 293
303 149
304 54
305 147
306 48
307 117
308 71
309 171
310 117
311 255
312 104
313 205
314 261
315 298
316 51
317 211
318 212
319 273
320 312
321 268
322 32
323 179
324 177
325 118
326 5
327 248
328 57
329 28
330 60
331 213
332 297
333 57
334 97
335 158
336 136
337 299
338 234
339 167
340 169
341 149
342 316
343 9
344 281
345 53
346 10
347 270
348 106
349 267
350 80
351 101
352 97
353 280
354 242
355 276
356 54
357 200
358 231
359 39
360 197
361 145
362 263
363 272
364 184
365 286
366 347
367 115
368 328
369 317
370 15
371 273
372 20
373 316
374 34
375 221
376 41
377 168
378 206
379 308
380 324
381 333
382 233
383 33
384 14
385 127
386 330
387 346
388 63
389 141
390 231
391 359
392 203
393 297
394 53
395 307
396 164
397 265
398 290
399 64
400 374
401 249
402 160
403 346
404 76
405 274
406 254
407 358
408 12
409 316
410 321
411 243
412 90
413 322
414 385
415 273
416 314
417 225
418 138
419 197
420 221
421 44
422 349
423 57
424 392
425 227
426 128
427 310
428 236
429 199
430 336
431 106
432 13
433 399
434 125
435 260
436 357
437 358
438 136
439 3
440 117
441 259
442 247
443 134
444 103
445 400
446 409
447 250
448 261
449 412
450 157
451 367
452 428
453 65
454 313
455 159
456 385
457 79
458 377
459 261
460 23
461 259
462 196
463 1
464 216
465 80
466 31
467 113
468 374
469 349
470 211
471 358
472 369
473 205
474 446
475 354
476 306
477 377
478 435
479 448
480 149
481 242
482 371
483 291
484 264
485 409
486 121
487 385
488 222
489 357
490 149
491 11
492 335
493 413
494 252
495 189
496 397
497 267
498 35
499 416
500 365
501 114
502 430
503 8
504 219
505 88
506 162
507 405
508 35
509 461
510 216
511 39
512 148
513 290
514 215
515 221
516 363
517 47
518 447
519 286
520 165
521 126
522 519
523 95
524 235
525 81
526 488
527 7
528 504
529 480
530 222
531 460
532 417
533 368
534 71
535 531
536 302
537 510
538 466
539 290
540 308
541 526
542 362
543 357
544 121
545 332
546 149
547 184
548 134
549 511
550 67
551 250
552 249
553 432
554 242
555 265
556 288
557 36
558 240
559 502
560 240
561 319
562 70
563 328
564 287
565 286
566 340
567 475
568 498
569 14
570 480
571 113
572 5
573 270
574 116
575 114
576 527
577 529
578 83
579 261
580 469
581 401
582 469
583 351
584 59
585 261
586 45
587 573
588 324
589 537
590 269
591 434
592 63
593 585
594 581
595 567
596 284
597 549
598 261
599 327
600 77
601 480
602 226
603 361
604 344
605 304
606 329
607 162
608 378
609 48
610 64
611 260
612 113
613 90
614 581
615 391
616 360
617 93
618 591
619 386
620 482
621 388
622 258
623 515
624 553
625 205
626 574
627 454
628 404
629 595
630 369
631 532
632 154
633 524
634 122
635 548
636 338
637 520
638 155
639 212
640 223
641 361
642 47
643 181
644 464
645 288
646 119
647 412
648 176
649 446
650 528
651 187
652 270
653 305
654 620
655 184
656 514
657 219
658 358
659 332
660 313
661 287
662 37
663 661
664 207
665 179
666 548
667 340
668 284
669 59
670 106
671 262
672 137
673 636
674 529
675 491
676 625
677 166
678 670
679 192
680 582
681 82
682 446
683 326
684 337
685 145
686 171
687 332
688 224
689 435
690 223
691 617
692 456
693 449
694 381
695 185
696 427
697 636
698 400
699 197
700 659
701 79
702 26
703 637
704 649
705 297
706 237
707 350
708 36
709 385
710 219
711 296
712 71
713 96
714 544
715 181
716 179
717 359
718 571
719 113
720 386
721 582
722 11
723 306
724 542
725 277
726 177
727 449
728 256
729 391
730 265
731 225
732 351
733 706
734 561
735 161
736 102
737 113
738 511
739 510
740 257
741 350
742 700
743 127
744 580
745 625
746 242
747 607
748 38
749 151
750 295
751 3
752 616
753 339
754 554
755 361
756 12
757 376
758 309
759 68
760 208
761 653
762 432
763 286
764 398
765 332
766 375
767 378
768 766
769 83
770 609
771 329
772 389
773 242
774 123
775 653
776 246
777 203
778 758
779 741
780 474
781 745
782 308
783 17
784 479
785 538
786 315
787 28
788 610
789 405
790 210
791 520
792 632
793 12
794 509
795 413
796 200
797 147
798 397
799 146
800 523
801 207
802 131
803 795
804 55
805 40
806 768
807 794
808 551
809 368
810 323
811 341
812 165
813 342
814 263
815 18
816 88
817 379
818 103
819 492
820 218
821 284
822 658
823 636
824 259
825 662
826 487
827 648
828 410
829 825
830 782
831 495
832 533
833 742
834 366
835 552
836 755
837 177
838 605
839 151
840 355
841 735
842 410
843 297
844 171
845 577
846 113
847 374
848 606
849 263
850 344
851 306
852 284
853 18
854 502
855 832
856 201
857 139
858 401
859 823
860 466
861 473
862 301
863 395
864 346
865 759
866 215
867 585
868 119
869 655
870 559
871 256
872 685
873 825
874 843
875 382
876 499
877 726
878 81
879 141
880 527
881 141
882 506
883 384
884 493
885 877
886 2
887 360
888 786
889 665
890 678
891 355
892 741
893 743
894 836
895 831
896 633
897 610
898 421
899 12
900 366
901 636
902 748
903 884
904 481
905 636
906 579
907 434
908 669
909 481
910 34
911 770
912 536
913 589
914 638
915 396
916 443
917 319
918 635
919 549
920 644
921 226
922 497
923 219
924 348
925 128
926 696
927 477
928 126
929 711
930 46
931 64
932 114
933 567
934 35
935 390
936 897
937 914
938 903
939 78
940 434
941 295
942 514
943 692
944 20
945 504
946 318
947 885
948 366
949 35
950 49
951 318
952 889
953 845
954 829
955 813
956 370
957 314
958 365
959 944
960 736
961 327
962 274
963 502
964 380
965 160
966 75
967 816
968 172
969 730
970 791
971 901
972 865
973 491
974 847
975 287
976 669
977 396
978 345
979 606
980 585
981 750
982 934
983 891
984 526
985 386
986 633
987 570
988 536
989 659
990 62
991 111
992 169
993 480
994 303
995 586
996 53
997 508
998 741
999 832
1000 941
