1000
-148 -695 56
427 570 35
251 -241 20
-970 -460 41
-959 -248 3
-647 766 74
-1113 1104 19
-435 443 17
-68 -1063 60
951 1045 55
-613 -360 69
-641 1043 69
-64 819 63
-1066 87 30
1047 -974 23
-1118 393 56
-360 -221 53
-873 -440 88
875 -731 77
952 277 89
-651 72 2
381 547 41
1003 862 94
-1063 -400 69
-1018 775 75
-595 385 92
-345 26 12
-726 -239 24
542 452 42
876 326 91
266 817 5
622 144 43
151 515 29
-318 -1058 65
-222 547 34
-250 741 65
-154 798 88
305 170 35
81 -872 89
447 1056 80
545 452 59
-443 -599 51
-900 -500 61
972 -436 88
-1105 -236 83
914 -353 22
1053 -303 90
479 -831 100
1070 40 47
-115 262 79
888 999 21
1044 -275 70
559 815 23
-678 -1079 51
12 -920 88
-947 1132 85
-954 -1069 46
86 -232 0
0 -1012 19
310 585 36
-681 553 29
34 217 57
-278 327 70
-757 312 72
180 -431 52
385 -737 56
735 656 46
1035 213 57
-318 377 31
-968 239 57
1052 176 57
-1051 -515 89
60 -612 94
-450 -219 26
1100 720 54
667 95 25
685 -818 49
4 -233 85
-982 731 49
49 940 33
195 -168 0
-399 692 82
-194 407 75
47 -491 28
810 725 59
660 445 9
1013 -1004 61
-763 1131 58
895 782 70
-896 623 69
-628 -997 78
202 -140 94
1041 830 71
923 -552 53
-52 -135 2
-650 946 62
1024 29 76
652 459 99
-1016 -964 9
-900 -90 56
-70 984 24
-1011 615 93
-710 138 16
-1069 -679 56
-1125 561 60
430 -900 16
-38 144 93
-776 669 12
-893 -728 87
-621 -552 13
819 -251 27
-377 -327 46
821 637 74
346 471 53
-214 675 57
190 465 58
638 562 12
27 -45 36
-700 -833 28
491 -1019 11
801 961 29
806 336 74
792 1134 96
-483 -771 36
-18 768 32
549 316 31
898 -429 96
-1023 683 12
660 936 74
-1058 286 62
538 -809 57
-942 -91 22
-132 288 80
42 1025 84
671 819 50
386 493 60
-607 109 54
361 885 13
-54 -266 85
682 -600 42
304 -940 97
-929 -739 17
-470 1086 86
70 94 37
-125 421 10
-510 -710 88
871 877 11
-727 -797 86
-235 295 6
142 -492 84
594 -206 27
1066 -188 33
-8 -887 97
949 624 44
721 -95 95
-712 -930 13
-1109 1080 40
856 -424 67
-605 -444 65
-392 -804 61
-1018 886 42
-484 -363 95
108 -585 98
486 286 52
-435 287 87
307 -673 39
-176 615 51
386 -1107 99
143 -566 16
-844 -462 42
1119 -1082 17
-723 -703 88
738 -324 90
50 -909 50
359 -85 49
113 828 6
-486 262 13
656 -423 74
150 171 0
285 -1029 61
-416 1122 40
267 -461 14
-552 -154 61
-1051 838 47
-57 -463 13
689 264 1
-291 -1053 84
698 -193 64
419 106 14
-705 -1004 68
-213 1080 45
625 218 92
-785 797 66
15 -753 8
616 337 6
459 1101 4
391 -503 13
102 432 87
135 -733 44
1121 -1028 5
34 158 41
274 -436 3
286 487 13
13 566 98
766 561 25
893 495 63
-388 886 65
1134 1069 54
933 275 25
900 449 5
262 -193 82
1010 617 69
499 -721 51
621 -561 82
-348 41 23
-508 73 40
-991 821 97
450 -71 16
-438 1099 29
438 -885 93
299 -413 71
-891 -1122 8
947 862 66
-238 -642 28
310 526 40
820 -18 7
1017 898 95
188 -316 18
-367 -1080 94
-966 1089 36
498 713 24
-809 262 37
502 904 71
-1107 385 81
-523 495 46
578 837 33
628 -251 13
997 -318 9
-546 337 28
244 258 25
-1117 933 63
29 -945 83
778 -539 18
656 246 57
-153 289 39
466 343 4
-714 20 18
727 -365 79
-210 13 42
740 -1113 24
600 678 83
-721 -1001 84
-290 506 41
277 -904 41
1119 690 6
392 276 83
734 -13 83
-550 -947 48
618 -292 48
-1038 1082 10
-211 1104 53
-488 -789 29
591 179 15
-211 752 69
975 760 55
1029 1116 63
-735 582 94
822 -832 44
478 202 55
983 247 97
-28 661 31
633 1079 29
-505 -1041 0
721 -735 88
-35 553 53
-933 519 55
-987 -669 84
-730 1125 81
-715 331 26
189 127 7
-316 -752 68
-840 500 40
569 44 79
835 575 41
-17 -224 39
96 -832 54
372 941 38
-310 -673 20
-826 -261 0
1083 251 34
-392 -936 22
-752 -746 64
1000 12 81
206 -318 75
532 691 67
711 649 14
-966 -599 22
642 1060 31
893 1015 87
649 -493 47
-825 -595 77
241 -668 66
-1112 998 55
287 -684 44
331 799 10
617 848 34
-330 977 7
-30 -975 56
110 603 30
403 -166 41
-645 -691 76
1057 -250 50
729 215 14
-819 278 99
-220 -788 13
-423 -1036 4
602 -198 88
-1063 -323 42
180 663 55
-278 -198 85
-144 335 10
506 -551 80
355 144 49
425 -604 6
290 -323 32
-706 -549 57
354 -1000 50
-339 315 51
339 938 80
631 317 90
-340 728 47
585 -550 47
408 -1092 65
-538 -740 37
265 -840 60
-105 1048 93
769 -159 79
541 379 91
710 -12 80
-95 -363 42
274 933 57
-1120 638 70
278 630 80
229 1001 37
-618 -679 55
1104 -720 13
491 -1 66
-356 1003 35
-961 -868 11
-538 1005 36
-190 -234 27
-832 -1111 55
-183 529 20
-696 578 31
-1044 334 36
-362 -729 66
304 -1039 54
-92 -1124 29
-882 -811 12
-918 -193 76
-24 796 13
454 -1026 5
191 -697 50
-535 238 62
-174 -293 45
557 -850 53
203 474 15
1070 -467 51
762 735 66
-696 522 26
35 -957 91
-464 76 21
714 129 78
-291 238 100
346 1012 65
-141 272 48
378 -1070 29
1057 -875 77
819 418 31
-715 595 4
198 -139 77
-111 -6 32
1000 553 35
-1112 -633 87
-65 -347 3
-887 -394 58
1057 674 17
-512 -400 15
889 -535 59
970 188 33
297 -459 82
42 641 24
594 -1128 72
357 285 82
-60 563 73
756 288 28
985 -1025 18
-919 -158 76
-121 -538 83
-1084 43 44
-48 356 1
491 -644 67
-81 -328 26
117 -716 7
-38 888 59
-424 -284 13
1059 491 14
145 182 71
-928 63 55
-1104 -851 3
-289 -3 88
-1059 -12 28
-1102 -577 7
-578 534 75
-840 -147 6
-779 1024 89
-140 -352 56
-228 413 52
59 854 89
471 -396 35
-124 102 93
132 -817 78
-840 -1064 48
678 -959 7
853 -953 87
-673 -672 43
-1060 -157 90
-275 -1079 32
789 -1012 52
306 -903 91
-277 172 87
-694 92 91
-298 909 61
-127 -358 70
-1122 -114 65
411 -679 63
-207 -533 58
-781 -325 100
-421 -806 88
-1096 644 16
-1082 18 29
-606 -841 15
-627 -347 88
-760 -246 92
-923 -686 27
800 427 2
581 1059 21
993 -214 74
405 -49 50
1116 1136 38
519 916 51
189 -871 44
-854 1114 10
1057 449 91
-422 -1107 40
419 798 46
231 -353 75
68 702 94
-685 -701 80
-225 615 54
887 85 92
485 1099 75
742 -452 88
91 570 14
978 656 70
-868 341 73
-84 265 47
-598 -295 59
975 -1054 99
-707 99 99
496 -176 64
57 -611 84
-883 485 69
-698 -410 96
-919 832 10
960 187 43
-1138 307 4
-1138 165 2
470 233 8
542 628 8
-335 -168 94
1119 1125 51
956 -112 45
1116 752 80
719 -719 16
-101 -579 38
138 564 5
-380 165 97
92 1073 53
-16 1098 57
-317 -882 16
342 856 21
1079 -984 5
848 -1133 68
1065 -82 12
695 210 92
-158 -1049 49
624 -39 19
-1115 -208 96
-180 84 2
161 483 37
-67 299 30
871 773 61
-880 -1142 42
-728 -661 13
-742 731 68
-873 47 95
595 120 77
-309 -506 61
181 749 71
671 150 3
-1021 -737 92
635 47 4
-615 171 16
1113 67 16
-203 -26 60
7 1000 7
-744 496 6
896 -207 15
-8 -1000 91
302 196 29
767 377 80
10 -341 78
175 -952 31
812 375 51
160 165 79
442 -845 6
679 114 47
-737 -1059 82
658 -567 48
971 165 53
1138 -1083 20
-786 1080 97
768 -391 46
174 -818 59
-628 920 77
1098 94 38
19 -225 0
447 103 31
-806 -515 43
1059 414 67
-142 370 96
829 45 78
-74 407 45
945 -415 32
774 -543 25
-383 -33 17
-44 -783 21
-936 -686 89
215 718 1
87 448 16
416 -1021 86
644 -613 44
632 843 43
606 -53 38
1044 -573 53
-1032 -291 83
-105 -871 49
713 736 67
-1027 -598 55
955 449 75
463 664 16
-367 -1 82
246 -981 5
-1108 -334 92
-655 632 67
281 -465 17
-591 -566 11
99 -1 24
-889 501 75
-933 -1005 16
-965 77 81
638 828 100
-756 300 71
836 815 69
880 127 26
389 777 52
-828 180 48
364 762 23
1027 13 83
-629 -278 71
-1119 96 55
-742 747 37
1053 1024 15
-277 824 93
1004 575 37
-138 -98 76
-914 -15 83
-312 -833 16
-865 -120 97
-804 831 27
77 473 85
108 -316 23
-866 298 49
806 -1082 96
629 379 43
878 -777 88
1092 -488 90
-695 1097 30
-394 -178 35
-64 640 4
70 688 16
977 -722 73
1069 -857 38
-689 3 72
-94 -313 29
-65 -988 91
642 304 99
24 -552 72
-635 -205 75
-8 797 1
-727 786 25
-598 -86 45
-686 -563 87
-251 101 69
-33 1015 20
128 721 58
362 -296 0
594 741 66
-835 -800 34
473 -164 61
853 -861 65
-535 -271 84
665 -762 69
1015 -1130 92
214 -771 15
-274 -982 45
207 -670 37
-476 -1045 42
905 925 31
400 580 1
619 107 70
954 -60 61
-197 -540 49
-454 403 8
762 685 12
-316 590 62
-450 972 23
534 318 36
522 12 20
283 -389 6
-303 409 31
-207 618 82
678 528 22
-691 -1049 21
377 -700 70
1104 -698 39
-947 -1084 93
500 -385 49
369 -812 79
8 -752 86
1063 662 61
87 -1108 64
960 -835 73
1121 839 82
693 277 16
-413 281 6
-915 -197 85
983 -631 43
-253 604 4
-365 -231 78
749 700 47
-480 1003 68
-184 890 4
250 -977 69
276 -1043 99
-301 -306 89
914 197 50
726 574 84
-770 -469 82
-198 -764 77
-180 -95 56
206 580 53
-125 -64 9
1059 894 63
38 892 0
839 -1022 48
148 859 25
-525 1097 95
328 91 30
-31 -1126 94
-211 -557 41
367 835 9
-628 -251 32
-537 -1122 49
-745 -1139 49
-967 -93 49
-708 479 18
-1119 530 31
880 751 71
483 -331 39
-101 -428 6
1089 -1116 53
1031 70 55
84 233 45
649 -855 60
201 -1004 66
1088 -804 44
-1102 -166 22
23 1095 93
751 315 71
1060 -74 59
639 63 50
-776 -1044 63
-224 630 97
-481 -104 78
20 -250 89
340 -13 89
-891 234 80
1022 -765 27
-1005 50 7
-789 686 67
-878 -899 99
136 336 45
849 630 60
-931 26 44
-397 1012 16
-661 494 70
-415 -255 45
-901 887 28
142 1120 61
-665 382 55
714 -302 91
317 -36 15
-384 670 45
1096 355 52
131 -798 59
-660 -541 70
-853 -129 28
59 537 100
-794 781 89
-813 416 89
723 -796 80
533 1144 85
522 1049 25
390 1141 4
253 -1103 76
521 -947 27
185 -938 13
741 -961 69
777 851 20
-1103 498 39
204 -968 25
-278 -585 58
-262 141 50
-747 -164 61
7 1114 23
-293 -638 67
-1049 -961 79
-266 -870 21
-1032 900 97
-1110 1108 92
-737 -670 3
-33 558 94
370 682 17
-674 -113 80
209 -361 0
372 1103 14
-208 124 24
1071 296 12
747 544 39
-695 -266 57
-1107 471 26
1075 -1003 32
1057 86 45
-779 370 12
446 749 98
-888 2 39
-557 -358 21
-350 802 27
-1030 2 67
48 454 58
-345 374 67
-270 763 47
883 480 18
262 -315 82
-610 952 98
-874 -411 47
455 783 8
116 -258 41
795 629 37
-889 280 22
-1142 650 62
-382 225 64
-1057 712 42
-247 -809 12
-519 -711 62
-152 -116 84
-757 1032 55
-58 -198 38
-525 -33 22
797 -928 20
1073 -822 27
-423 706 18
-1125 472 26
-368 -769 74
233 -751 24
-304 -523 14
57 417 25
81 -928 88
-779 977 83
973 520 25
-634 -838 61
-855 416 39
672 -94 24
769 225 59
-870 -851 93
272 -588 49
289 -59 70
684 -654 15
-745 1049 15
-303 -241 93
144 -200 59
-67 -963 14
-732 -227 12
-846 -136 90
921 135 40
-92 -1020 25
20 -89 46
-816 -294 77
-116 9 7
726 624 86
939 950 25
693 496 71
-645 -429 78
460 -27 88
992 -956 72
354 268 52
-81 -423 7
260 -586 45
829 785 100
105 -99 95
-42 -883 35
-914 -602 92
325 -927 71
549 -565 85
188 677 3
-188 296 62
-906 562 17
902 -622 81
-311 272 74
154 554 83
929 410 97
-238 -342 17
-396 -43 2
712 -936 62
-578 -705 8
1111 797 67
65 202 93
1103 -722 57
-211 618 11
-939 540 87
-330 -1132 39
-139 -265 67
953 115 58
-549 -683 98
380 -934 64
-793 796 66
-502 -431 11
322 847 15
662 -961 51
297 60 91
-824 -545 50
351 -815 37
-985 369 74
-905 755 73
-908 -229 4
-852 -970 33
950 416 96
-774 785 63
400 1005 85
-973 149 90
457 -609 95
592 126 60
-103 -985 97
968 -64 87
645 -778 23
-362 -146 4
669 789 30
-1015 -504 85
162 -946 51
481 -946 64
660 1020 79
-565 -1103 64
-1071 -144 94
-16 524 0
-425 1119 37
-345 -963 79
-947 1097 69
77 477 45
-1111 1089 27
-353 -1040 4
-372 -267 33
423 -925 48
372 430 56
1106 -839 14
-877 792 26
-887 -333 25
-277 640 52
297 -205 45
244 957 67
553 -544 48
-802 828 78
-373 -675 96
-1032 -880 40
-395 -884 6
336 126 23
-897 576 38
-337 -920 79
346 -918 7
-908 -409 71
750 88 68
-510 -902 11
-1074 -513 41
-144 369 47
-259 22 79
-510 -615 6
-409 158 28
2 1034 87
308 -20 47
971 904 80
590 53 84
321 -1002 54
-5 -779 79
-1126 -1073 68
726 227 46
-263 -278 32
885 1015 51
-69 862 90
-448 -897 54
383 -1141 66
333 -630 60
-1000 -321 53
626 -362 25
377 277 90
-212 1062 67
-1111 -812 82
-1038 117 91
454 -827 20
908 -238 0
-689 -216 36
-492 -474 69
138 121 24
863 136 34
-928 -541 81
-1061 19 77
-522 821 25
230 -982 94
337 142 80
-309 840 81
-1123 454 35
-417 -328 23
851 696 24
988 861 73
569 -779 88
943 -452 67
1048 138 31
-338 821 39
1097 -821 86
-848 418 44
680 521 93
-402 1094 26
972 -631 78
910 1089 36
503 -154 65
871 672 82
-1010 -123 90
-1084 -253 68
829 -216 84
750 920 16
71 -274 54
-549 654 69
-441 1054 99
-711 263 94
988 730 38
-837 604 9
7 -251 41
728 -574 65
-133 -306 23
-168 -712 80
-140 -4 91
-206 621 99
-127 -325 52
463 298 98
192 897 19
821 -450 83
938 947 64
871 -1135 30
907 463 95
223 -625 13
1102 1022 17
220 -1036 74
-499 333 87
1044 194 79
288 214 98
480 -235 27
-102 329 6
-100 846 81
-967 342 26
-231 -108 23
2 1
3 1
4 3
5 2
6 3
7 4
8 3
9 4
10 1
11 7
12 8
13 10
14 6
15 1
16 11
17 9
18 17
19 5
20 4
21 6
22 19
23 17
24 12
25 22
26 9
27 24
28 8
29 6
30 4
31 15
32 31
33 28
34 26
35 14
36 27
37 32
38 18
39 29
40 14
41 19
42 4
43 40
44 16
45 8
46 18
47 28
48 42
49 22
50 5
51 46
52 20
53 20
54 11
55 35
56 4
57 45
58 18
59 42
60 30
61 28
62 26
63 38
64 27
65 33
66 6
67 58
68 17
69 50
70 39
71 19
72 66
73 26
74 29
75 42
76 63
77 2
78 38
79 16
80 73
81 67
82 57
83 54
84 77
85 61
86 23
87 41
88 31
89 36
90 31
91 28
92 60
93 77
94 51
95 17
96 76
97 69
98 67
99 60
100 99
101 39
102 68
103 91
104 21
105 25
106 81
107 60
108 25
109 62
110 46
111 31
112 32
113 47
114 103
115 21
116 109
117 82
118 116
119 57
120 35
121 73
122 86
123 20
124 84
125 9
126 90
127 40
128 70
129 73
130 31
131 17
132 78
133 95
134 87
135 23
136 47
137 102
138 111
139 69
140 112
141 78
142 9
143 52
144 58
145 122
146 8
147 115
148 142
149 89
150 28
151 17
152 87
153 143
154 13
155 77
156 7
157 17
158 72
159 58
160 136
161 108
162 8
163 123
164 35
165 74
166 147
167 126
168 50
169 107
170 83
171 94
172 92
173 161
174 140
175 8
176 123
177 133
178 127
179 57
180 14
181 16
182 140
183 61
184 35
185 179
186 9
187 164
188 180
189 132
190 50
191 164
192 12
193 110
194 144
195 150
196 74
197 157
198 35
199 126
200 22
201 103
202 179
203 86
204 168
205 88
206 202
207 99
208 121
209 175
210 55
211 4
212 89
213 203
214 41
215 91
216 58
217 191
218 203
219 168
220 107
221 142
222 106
223 8
224 182
225 207
226 170
227 69
228 14
229 178
230 113
231 205
232 25
233 202
234 186
235 118
236 213
237 10
238 125
239 189
240 104
241 120
242 203
243 74
244 58
245 120
246 85
247 184
248 130
249 113
250 199
251 205
252 36
253 147
254 39
255 210
256 42
257 16
258 225
259 86
260 198
261 104
262 83
263 110
264 250
265 45
266 203
267 214
268 116
269 126
270 209
271 148
272 182
273 96
274 215
275 153
276 110
277 89
278 103
279 34
280 154
281 44
282 160
283 135
284 11
285 228
286 232
287 49
288 131
289 208
290 161
291 49
292 84
293 236
294 264
295 186
296 106
297 46
298 57
299 176
300 112
301 27
302 254
303 135
304 240
305 40
306 89
307 218
308 295
309 145
310 39
311 228
312 39
313 45
314 41
315 252
316 190
317 23
318 76
319 66
320 7
321 47
322 314
323 298
324 323
325 68
326 260
327 39
328 154
329 255
330 10
331 187
332 137
333 214
334 3
335 251
336 109
337 239
338 141
339 288
340 18
341 304
342 266
343 175
344 4
345 118
346 134
347 281
348 303
349 254
350 126
351 347
352 341
353 110
354 211
355 345
356 268
357 110
358 265
359 311
360 89
361 168
362 66
363 79
364 207
365 45
366 68
367 278
368 176
369 165
370 320
371 183
372 154
373 214
374 244
375 219
376 154
377 229
378 324
379 187
380 157
381 221
382 205
383 28
384 324
385 75
386 82
387 296
388 143
389 160
390 107
391 329
392 326
393 39
394 278
395 171
396 70
397 31
398 254
399 35
400 398
401 218
402 394
403 275
404 160
405 404
406 307
407 68
408 304
409 157
410 385
411 176
412 237
413 158
414 299
415 300
416 10
417 200
418 172
419 140
420 369
421 206
422 154
423 132
424 409
425 358
426 48
427 246
428 138
429 396
430 51
431 321
432 102
433 398
434 158
435 171
436 176
437 161
438 285
439 377
440 326
441 395
442 426
443 1
444 355
445 307
446 395
447 294
448 158
449 292
450 48
451 37
452 355
453 226
454 243
455 144
456 455
457 388
458 212
459 298
460 199
461 332
462 349
463 302
464 437
465 402
466 258
467 202
468 123
469 217
470 49
471 465
472 266
473 249
474 165
475 194
476 379
477 263
478 360
479 236
480 148
481 320
482 217
483 172
484 118
485 94
486 240
487 42
488 150
489 417
490 414
491 191
492 2
493 372
494 201
495 492
496 149
497 149
498 357
499 402
500 460
501 93
502 33
503 470
504 209
505 317
506 249
507 157
508 43
509 102
510 211
511 98
512 338
513 379
514 375
515 497
516 142
517 249
518 246
519 382
520 112
521 118
522 455
523 40
524 306
525 135
526 328
527 119
528 380
529 488
530 432
531 422
532 363
533 40
534 214
535 56
536 491
537 458
538 158
539 55
540 347
541 129
542 313
543 465
544 350
545 85
546 275
547 340
548 349
549 124
550 18
551 550
552 140
553 33
554 112
555 494
556 212
557 309
558 298
559 176
560 402
561 313
562 467
563 148
564 206
565 422
566 318
567 97
568 544
569 309
570 23
571 517
572 30
573 7
574 314
575 568
576 416
577 78
578 150
579 433
580 501
581 129
582 273
583 111
584 342
585 236
586 315
587 265
588 319
589 354
590 414
591 20
592 473
593 506
594 398
595 380
596 158
597 579
598 434
599 240
600 56
601 32
602 568
603 432
604 167
605 408
606 475
607 117
608 357
609 518
610 147
611 380
612 152
613 346
614 43
615 264
616 408
617 55
618 526
619 127
620 161
621 107
622 354
623 159
624 354
625 250
626 307
627 239
628 458
629 603
630 61
631 258
632 39
633 537
634 316
635 99
636 68
637 412
638 4
639 32
640 584
641 414
642 259
643 99
644 43
645 370
646 155
647 243
648 428
649 608
650 316
651 223
652 535
653 219
654 378
655 518
656 37
657 377
658 525
659 406
660 546
661 335
662 129
663 148
664 328
665 147
666 344
667 299
668 489
669 76
670 322
671 188
672 481
673 213
674 516
675 249
676 6
677 302
678 243
679 74
680 33
681 665
682 382
683 30
684 500
685 414
686 607
687 125
688 461
689 392
690 402
691 595
692 325
693 254
694 449
695 662
696 525
697 3
698 287
699 627
700 375
701 290
702 196
703 385
704 584
705 555
706 277
707 494
708 213
709 96
710 682
711 183
712 514
713 473
714 413
715 628
716 481
717 112
718 457
719 370
720 109
721 134
722 414
723 600
724 443
725 208
726 424
727 700
728 22
729 123
730 441
731 661
732 321
733 4
734 238
735 120
736 541
737 672
738 115
739 29
740 736
741 466
742 352
743 466
744 269
745 208
746 645
747 439
748 688
749 522
750 690
751 173
752 219
753 179
754 286
755 574
756 660
757 106
758 344
759 425
760 43
761 266
762 404
763 82
764 144
765 674
766 162
767 126
768 161
769 181
770 604
771 529
772 176
773 695
774 661
775 65
776 85
777 495
778 365
779 526
780 487
781 15
782 294
783 766
784 712
785 335
786 360
787 416
788 656
789 158
790 135
791 249
792 249
793 568
794 610
795 296
796 441
797 234
798 232
799 299
800 106
801 649
802 95
803 300
804 628
805 743
806 775
807 763
808 109
809 676
810 562
811 645
812 88
813 475
814 604
815 451
816 504
817 443
818 186
819 382
820 761
821 726
822 244
823 151
824 808
825 333
826 9
827 247
828 321
829 30
830 120
831 187
832 362
833 316
834 447
835 618
836 517
837 271
838 823
839 584
840 363
841 305
842 106
843 596
844 403
845 223
846 694
847 237
848 642
849 550
850 503
851 172
852 54
853 814
854 355
855 478
856 666
857 442
858 170
859 678
860 476
861 753
862 436
863 249
864 570
865 815
866 33
867 819
868 467
869 830
870 89
871 136
872 593
873 174
874 542
875 689
876 248
877 529
878 203
879 684
880 107
881 304
882 774
883 223
884 514
885 356
886 434
887 360
888 478
889 54
890 630
891 680
892 420
893 867
894 680
895 854
896 55
897 576
898 27
899 234
900 134
901 156
902 40
903 834
904 95
905 793
906 553
907 358
908 489
909 719
910 408
911 861
912 581
913 905
914 843
915 156
916 115
917 786
918 177
919 457
920 71
921 289
922 147
923 311
924 671
925 601
926 466
927 578
928 662
929 241
930 662
931 230
932 116
933 517
934 605
935 473
936 125
937 84
938 903
939 381
940 72
941 268
942 275
943 422
944 534
945 609
946 775
947 519
948 24
949 319
950 656
951 939
952 698
953 67
954 92
955 406
956 481
957 302
958 244
959 77
960 346
961 1
962 356
963 243
964 143
965 934
966 98
967 517
968 861
969 518
970 902
971 415
972 217
973 433
974 391
975 783
976 465
977 777
978 933
979 682
980 131
981 651
982 386
983 279
984 72
985 901
986 100
987 843
988 925
989 550
990 773
991 518
992 311
993 305
994 464
995 94
996 299
997 318
998 330
999 758
1000 275
