1000
-393 -574 28
-1004 -85 7
-401 -1042 51
-908 994 55
-79 808 83
953 -886 57
12 439 36
-316 279 87
-202 352 85
-236 917 55
-815 174 55
636 -723 59
464 620 10
-821 -647 10
267 -563 90
380 903 94
-1084 611 81
163 1089 74
567 -657 48
-969 484 15
135 -123 17
-813 6 97
-316 250 95
504 385 54
-101 671 99
-681 725 30
-1086 973 39
1133 820 96
746 -420 10
-973 341 64
-839 1009 18
376 -497 23
-193 465 60
1043 291 92
-396 504 64
87 460 85
-1101 1092 66
71 184 91
309 227 53
745 1003 24
-905 753 81
-715 1082 60
-633 -829 20
-825 404 91
1073 417 62
494 549 32
-1035 -538 72
971 -470 23
179 273 53
-195 956 41
-952 -212 63
-6 1135 13
674 -268 30
-888 569 69
648 442 88
861 461 88
123 266 26
-186 442 27
842 -248 16
-163 -756 33
-539 596 50
-345 -269 88
170 -786 57
777 131 42
-28 47 38
-661 1036 12
-1051 622 20
589 382 12
-389 -791 80
466 884 43
-454 224 68
1083 305 33
345 715 64
-40 835 54
-794 135 86
-714 1026 55
-660 -981 65
-563 221 92
439 -894 38
230 97 26
-378 -827 96
687 -745 0
-367 -247 61
-258 -106 6
1137 -117 76
-96 119 87
-1014 -985 77
-637 117 95
-689 -652 67
-674 -824 53
-486 -483 39
-751 -317 42
-289 168 51
805 -391 1
644 -405 29
-1052 500 50
681 365 7
-1135 -601 94
-475 123 67
133 -583 44
-336 -436 40
965 399 81
1041 228 77
-1014 -411 16
943 361 29
856 -1136 30
339 -1082 55
101 348 83
-697 -66 5
785 -29 6
-446 509 55
-794 1090 45
-186 -330 74
-364 222 56
99 104 56
-1038 832 22
928 379 40
-875 -118 68
-875 -706 70
133 611 17
1128 6 43
-825 446 68
111 973 35
311 1040 49
498 -339 10
-1 105 92
259 -66 10
1017 527 0
831 -962 70
222 -511 48
-570 -274 73
-499 -96 18
-526 -39 89
146 -1076 29
566 -1096 69
-306 -904 27
353 -772 37
875 -301 0
-1123 -141 7
-884 -352 55
-284 -1073 66
567 690 75
-1084 899 39
-92 -964 90
478 -524 89
325 927 62
-1079 -80 85
-1034 670 54
-683 533 16
-128 364 22
-213 -204 67
710 118 33
-250 -291 10
-378 363 95
-165 -386 39
44 -776 0
881 543 19
512 305 10
366 -46 42
839 902 27
823 -594 25
-1051 -630 99
-862 -946 42
-990 -327 37
-1061 -129 86
542 -1037 54
332 -335 39
-934 574 52
-123 217 97
-888 -435 56
1044 1011 4
-570 380 42
621 884 64
-1083 715 1
446 232 56
325 -753 58
195 -339 20
-4 774 78
-14 661 63
-1142 -330 30
681 -412 33
564 735 67
72 324 30
-104 -772 99
1091 664 47
304 -1002 35
-1013 -577 21
361 -624 38
525 -129 64
-858 -825 30
380 981 44
-335 276 84
-483 387 62
-1110 902 15
-962 678 1
-387 144 98
816 -283 72
461 775 39
-853 384 65
-1085 -147 59
-198 -755 100
459 -563 9
-371 -165 71
892 -126 84
-99 -1045 6
1030 -1094 84
-415 -465 94
-776 701 17
-211 -1079 55
64 156 16
124 -126 69
320 -166 87
-1119 373 86
-395 -322 98
-1143 958 48
115 -749 33
-172 -363 9
73 858 14
-543 215 74
-612 18 9
-996 112 5
455 976 15
-945 -1131 15
-111 -484 46
-155 -948 37
363 482 22
-832 654 40
-116 244 46
602 -1029 6
-582 -264 48
267 -873 99
879 -978 35
271 385 10
1088 -499 53
-876 -861 64
-669 781 38
190 292 54
168 -1044 40
1101 -472 2
-1084 -967 67
176 530 17
-812 695 22
844 -273 76
337 -887 51
695 518 57
1023 -587 45
-1033 -496 85
-604 -871 93
-257 289 19
486 -1067 33
701 -885 10
-769 -495 41
-946 988 72
-114 593 39
330 1130 74
1125 9 82
101 1115 40
877 21 88
521 390 87
-541 -368 78
876 -526 31
-628 -707 66
-671 -973 73
-794 85 91
-997 22 77
-50 -141 42
976 448 10
-50 896 56
-431 -609 1
-25 -1014 11
-953 356 28
94 -1086 72
257 -705 7
-620 -1095 22
815 -795 6
860 287 73
752 -58 100
-1095 180 49
-871 411 24
371 624 41
864 -390 34
-744 123 72
790 818 37
620 1050 38
523 607 70
124 133 9
-594 -113 19
-550 -148 67
-937 786 26
764 965 81
263 -1071 42
527 -1048 97
868 -722 50
-572 1097 57
-205 314 26
-515 1112 58
-215 662 7
-862 -721 24
-859 332 24
854 955 98
-440 -731 23
-89 57 61
1061 138 66
881 73 20
-103 -971 5
504 -961 50
-886 -764 33
-932 220 68
861 -408 29
-159 -836 41
-556 1111 90
423 394 35
-179 -1131 88
-504 306 76
-467 -16 54
-846 -932 72
-233 1046 83
1129 575 57
173 -131 72
-761 798 57
-364 651 87
-946 531 69
543 -799 33
-2 -173 86
1034 919 15
-136 1056 49
962 629 5
-245 642 59
1139 658 95
-800 -553 12
-796 692 77
668 652 56
461 1059 13
-36 471 41
-39 191 3
1 -24 90
588 -342 41
690 -412 41
-137 41 35
-385 -605 41
782 -1048 51
-569 -227 16
-776 -198 22
1143 -376 51
-8 876 80
1089 111 26
-181 146 66
-89 717 2
-225 593 73
-422 522 32
690 -755 27
948 528 27
144 -609 76
-244 164 76
-450 -318 8
120 1001 4
-1041 775 77
0 994 5
1084 839 94
379 -901 25
633 133 59
927 328 42
268 -375 81
-435 472 91
-550 -58 32
63 769 58
559 -535 4
-527 -121 23
-654 748 52
340 1070 75
997 255 84
822 26 7
87 667 96
-895 86 93
287 -1079 30
-810 1120 31
391 -528 90
470 674 23
-25 -503 88
612 -632 57
1004 -181 11
-664 -517 22
851 -1037 7
-489 547 45
538 643 84
16 952 16
-738 22 36
-371 275 35
470 -28 86
-761 -261 68
375 -823 80
-684 -597 23
327 -876 35
534 485 25
1127 -432 6
910 -818 52
-952 1128 31
553 794 65
631 -565 45
-162 -169 87
31 -493 83
-824 60 31
-965 -561 2
-494 255 60
-827 328 56
-1034 -1085 80
215 646 57
-951 367 10
574 34 16
679 488 93
447 463 67
618 275 40
-429 1094 62
-565 -309 20
862 -820 53
-699 841 88
310 650 66
-227 906 25
1103 219 65
329 381 96
1008 627 47
-644 -412 44
-410 -212 15
845 -104 85
-791 11 45
-1123 132 53
563 1127 68
307 -321 0
140 6 28
-994 202 69
-367 -302 91
833 329 68
658 363 54
-597 -855 57
-182 1007 63
734 -146 84
554 -301 61
429 1084 38
22 -289 65
720 -956 86
-159 -567 95
-394 -691 36
1104 465 61
521 1018 23
586 394 6
498 -877 14
1012 739 40
684 1036 7
-157 177 57
-655 -679 61
986 -1030 75
-86 -79 67
-1092 21 44
-410 1067 18
-557 -736 21
-631 -856 77
-1093 -471 81
1112 -1019 95
-264 -786 49
-797 -91 73
1085 91 74
1062 -857 66
941 826 70
-242 -842 44
848 953 12
-1030 142 65
15 747 2
-500 -493 14
-339 774 61
-832 -754 77
-836 -63 99
334 -356 80
245 1094 81
501 920 32
155 -1031 18
-375 -879 67
-43 241 53
751 1095 55
-634 -636 11
613 -846 39
-1134 268 23
555 -568 44
82 37 15
194 -1048 53
-825 -866 52
138 -76 54
-539 -611 6
-871 -499 30
659 526 6
148 -234 86
-1019 106 94
51 343 41
679 -285 28
-954 1102 75
-10 35 37
-317 891 59
-522 -758 80
-411 251 56
-170 -702 22
687 -151 23
733 -603 86
102 1120 13
-265 -649 66
528 970 91
162 -334 97
-824 -459 28
1127 -1019 10
-1030 -81 41
-449 -1128 29
-117 90 28
16 -708 42
-302 607 36
775 903 44
414 791 91
-997 -360 55
746 301 93
936 610 9
862 -931 80
-160 -1132 90
896 198 68
-411 383 13
-86 673 38
645 142 85
-75 1041 87
41 116 88
1052 -241 81
329 -864 92
343 552 21
-284 -1081 0
-276 -1032 44
870 -1006 72
-420 183 16
518 -683 28
-595 -127 0
144 -84 64
-810 -268 97
-573 1125 100
397 362 60
1035 -242 71
960 -787 8
-810 908 96
467 -609 30
-509 -90 74
356 -468 32
-570 -401 31
1071 -666 35
263 454 98
-878 -827 90
-382 57 65
533 172 16
-995 511 38
-828 -158 66
-918 1038 67
-572 298 87
-641 447 37
123 -817 38
642 338 80
-846 491 13
-1136 -62 73
665 -151 89
928 -145 10
-59 -942 31
-1111 -20 53
866 1028 9
244 -139 74
-276 652 57
-372 -632 2
-334 -215 95
371 332 67
188 351 16
1118 992 28
-1013 660 37
-921 -949 82
592 -196 46
383 562 83
153 329 81
782 -1033 16
719 -683 36
-214 -274 70
-955 783 84
-765 -799 14
895 582 92
830 -45 13
-1143 -400 46
106 1115 15
-25 1132 58
-131 -55 76
-346 73 78
873 -478 89
12 278 2
879 -295 24
130 203 69
1038 670 42
-423 -540 87
-681 874 3
712 313 95
545 473 61
-84 368 78
-932 1037 67
191 -299 64
657 -1065 99
-646 771 79
240 356 18
101 717 34
-495 -247 93
-782 -452 27
990 -384 11
-299 1048 14
-880 -408 70
907 159 71
1087 1004 62
-549 -432 34
877 -640 77
1045 282 69
-262 237 25
819 -423 97
-396 903 10
382 -1136 28
450 540 47
979 439 20
1061 1020 87
-597 1113 67
-814 874 56
-666 -1032 5
701 171 30
-530 -303 56
-865 78 94
-853 329 56
120 -1079 29
-2 -571 50
576 127 34
-950 -904 2
-760 1063 87
180 906 4
350 1064 66
218 36 82
-474 443 12
974 67 3
1036 190 78
1046 400 44
857 362 11
266 -20 99
201 -744 100
732 660 23
-467 737 34
1143 911 90
-511 -92 5
331 952 14
150 -172 56
771 -479 25
723 497 46
-48 -902 61
35 1055 70
-863 -986 58
-96 591 98
-1121 864 77
-792 661 63
168 622 51
-305 -761 3
1122 286 30
-38 -731 18
-96 79 58
1142 519 34
-1140 -374 32
-198 -710 74
-1090 665 61
-479 202 52
983 -72 29
-569 260 4
-312 -1080 84
727 -261 83
982 221 90
-184 85 67
343 1001 54
-684 -242 87
370 -852 12
-1055 -475 4
288 -154 5
154 552 96
946 -343 58
-208 1063 17
129 -122 70
867 1064 75
-785 -1072 57
-847 -629 9
131 261 84
690 341 14
424 -25 71
-960 362 20
519 -996 31
-724 848 93
396 -185 90
-415 -844 57
1058 -189 31
-673 -605 32
894 236 6
154 34 38
641 -915 6
-993 499 59
517 -1049 59
-578 903 39
751 161 97
1060 -792 100
-795 306 19
703 -975 11
479 -320 96
835 597 50
-534 480 83
807 -1010 14
657 794 13
413 -183 26
-414 904 22
-515 -347 30
312 669 45
-716 1004 1
72 -643 61
-1017 -414 46
-805 94 40
-772 934 24
-420 880 7
-226 849 89
-935 -236 52
327 908 97
-89 819 39
-31 -898 50
-392 1134 22
131 -440 26
-1032 689 4
-584 -1000 36
-863 856 9
485 895 66
897 986 62
214 -1097 79
563 -222 37
-660 -483 14
-925 -910 8
742 1078 2
-366 -566 0
785 -703 80
797 75 51
535 146 96
-913 -952 64
-737 636 7
-1 281 54
-328 166 59
93 792 71
-188 577 42
-1142 538 31
-1035 -457 52
-352 410 90
289 100 6
-39 -322 77
-530 -345 5
1015 -835 17
-401 -12 86
-659 -169 37
1020 -728 72
-642 -234 93
290 976 68
270 698 68
-380 474 2
1144 -917 83
-467 685 0
-513 543 81
416 -190 7
556 -932 48
523 -404 61
-917 682 11
562 1085 86
54 -540 28
-1122 514 58
378 -523 87
-257 -622 17
-508 686 42
767 915 1
1057 -617 19
-736 290 7
-345 -660 31
261 -401 79
438 449 5
709 -286 67
469 347 86
-414 940 78
1127 -446 98
-457 155 58
276 898 95
-461 -580 87
-357 610 46
142 686 15
-458 282 51
694 -1124 13
-406 -23 18
-1079 -857 82
-952 299 96
-1115 827 53
298 30 61
-191 615 31
-585 624 25
-147 -670 23
-938 -313 62
508 -893 16
-819 540 70
-394 -504 32
-1140 232 63
786 949 54
-391 -405 69
661 -817 76
-103 -1141 92
-726 1007 28
988 -523 47
-144 29 13
-924 -1134 57
96 -655 19
40 -1143 79
385 477 47
1031 1141 14
93 354 70
-442 -629 87
-919 -540 68
-516 122 25
-1114 -171 66
532 -15 16
98 421 13
1032 -1068 23
-701 -596 7
-384 577 50
504 -178 39
662 -379 31
42 -742 35
-1022 -548 53
92 60 79
-368 1014 69
843 -487 29
417 782 70
64 902 73
721 360 63
288 -430 89
-890 605 28
-496 -54 4
780 -997 96
514 941 70
-440 -552 45
1088 -951 27
-458 434 22
-584 -383 91
52 -350 78
-669 228 15
180 -632 50
-312 -1101 40
323 858 50
147 895 68
-531 644 23
1134 681 17
-221 -103 84
772 -338 10
-72 156 90
-73 511 80
491 950 24
-228 -405 51
518 -754 39
827 -983 11
1013 -452 28
128 -709 23
-249 916 10
-1036 471 79
834 -857 78
-805 -327 26
-275 -22 33
-282 741 40
-228 -988 71
-429 -712 28
44 558 18
-230 1089 53
638 124 59
10 703 23
-149 -1122 17
648 -226 13
-973 624 32
66 -215 20
-65 388 47
-56 -183 94
-933 -480 42
-138 987 44
-860 1031 68
754 -469 100
216 426 84
-598 411 25
117 -836 76
651 -194 34
-932 268 66
-817 803 13
-984 -670 24
-53 418 13
930 171 94
543 961 79
-397 792 40
-1080 -828 55
264 -274 81
-810 589 75
166 -541 25
81 -312 46
-147 738 38
-975 214 92
392 823 13
91 -513 56
439 282 0
618 337 84
1023 167 80
-259 -146 23
-1062 -829 53
187 -541 7
-1116 -925 72
908 755 31
647 -53 20
679 -241 77
-191 56 8
-1044 -596 62
-1020 782 13
-431 -259 44
403 138 100
974 466 70
-31 185 54
700 -311 64
700 -437 35
-158 332 79
626 162 42
1106 -657 86
-543 354 92
-446 -313 26
254 -476 27
314 143 66
239 867 88
494 381 14
-183 702 95
711 209 80
-364 310 26
-666 209 0
197 404 64
-810 -552 10
149 -780 26
-17 463 96
349 -892 44
-270 -79 28
679 987 66
1101 -1042 61
-41 761 44
766 16 37
-1002 -448 4
-264 -188 33
-327 342 46
-441 127 76
-356 -196 75
641 -918 21
1046 -528 91
408 -242 15
-788 -987 43
-503 512 3
-37 -259 62
961 -1141 20
231 1084 75
539 -52 14
581 971 18
-509 -963 69
586 -908 58
399 688 82
-495 229 24
419 -577 36
434 727 9
-1023 -1091 35
621 -389 59
147 819 41
-135 636 49
-768 869 24
966 387 4
1052 -79 27
-601 -378 53
-1072 -57 42
653 -873 80
-624 174 63
669 271 61
-196 -1015 8
-492 -48 21
611 70 75
-1064 1039 64
754 517 32
723 665 57
-390 953 16
594 776 65
800 -1099 37
-327 210 3
-1023 -1110 82
338 -1113 9
124 -216 29
-503 205 91
-215 360 89
1051 -758 40
-604 -890 67
181 875 34
1134 947 1
289 594 64
2 1
3 2
4 3
5 3
6 5
7 4
8 2
9 1
10 4
11 1
12 3
13 9
14 1
15 5
16 5
17 1
18 12
19 18
20 7
21 17
22 11
23 12
24 5
25 6
26 24
27 25
28 9
29 6
30 25
31 26
32 6
33 14
34 5
35 29
36 27
37 29
38 1
39 28
40 34
41 14
42 21
43 10
44 21
45 29
46 43
47 42
48 41
49 26
50 28
51 19
52 14
53 5
54 47
55 31
56 43
57 25
58 4
59 12
60 5
61 45
62 56
63 14
64 51
65 46
66 30
67 28
68 29
69 31
70 26
71 5
72 54
73 7
74 52
75 25
76 55
77 70
78 59
79 24
80 50
81 80
82 17
83 25
84 4
85 33
86 1
87 27
88 34
89 40
90 82
91 81
92 77
93 52
94 10
95 12
96 40
97 74
98 15
99 70
100 68
101 9
102 80
103 9
104 45
105 12
106 104
107 91
108 27
109 27
110 106
111 106
112 15
113 67
114 29
115 74
116 100
117 53
118 69
119 7
120 1
121 11
122 102
123 55
124 79
125 4
126 103
127 48
128 23
129 34
130 36
131 59
132 104
133 31
134 104
135 62
136 64
137 117
138 35
139 95
140 100
141 29
142 66
143 32
144 102
145 1
146 108
147 26
148 132
149 126
150 134
151 94
152 28
153 99
154 71
155 99
156 88
157 11
158 19
159 151
160 114
161 151
162 98
163 119
164 133
165 26
166 5
167 90
168 100
169 59
170 129
171 53
172 168
173 170
174 38
175 19
176 156
177 12
178 140
179 40
180 63
181 38
182 48
183 8
184 12
185 142
186 130
187 113
188 154
189 7
190 99
191 1
192 11
193 8
194 75
195 39
196 141
197 168
198 71
199 155
200 68
201 181
202 32
203 133
204 50
205 92
206 117
207 38
208 70
209 99
210 202
211 5
212 199
213 51
214 83
215 93
216 23
217 110
218 166
219 155
220 58
221 219
222 142
223 76
224 153
225 213
226 103
227 214
228 155
229 148
230 17
231 180
232 23
233 187
234 193
235 122
236 195
237 58
238 2
239 233
240 45
241 86
242 27
243 211
244 13
245 129
246 235
247 10
248 41
249 51
250 104
251 116
252 240
253 27
254 249
255 215
256 122
257 94
258 121
259 105
260 77
261 11
262 124
263 79
264 27
265 45
266 246
267 218
268 79
269 41
270 69
271 46
272 162
273 213
274 7
275 110
276 208
277 174
278 173
279 58
280 215
281 3
282 223
283 11
284 268
285 172
286 96
287 27
288 268
289 132
290 248
291 140
292 200
293 134
294 170
295 175
296 234
297 44
298 181
299 215
300 12
301 116
302 17
303 140
304 271
305 241
306 210
307 191
308 109
309 48
310 169
311 95
312 215
313 192
314 209
315 104
316 141
317 148
318 87
319 305
320 264
321 229
322 119
323 15
324 281
325 206
326 86
327 24
328 105
329 191
330 37
331 317
332 229
333 262
334 295
335 21
336 77
337 41
338 203
339 294
340 58
341 282
342 208
343 155
344 343
345 57
346 15
347 333
348 18
349 166
350 73
351 132
352 196
353 164
354 31
355 208
356 93
357 154
358 316
359 8
360 167
361 198
362 285
363 18
364 230
365 218
366 77
367 182
368 346
369 125
370 89
371 86
372 16
373 292
374 98
375 169
376 233
377 238
378 173
379 237
380 265
381 135
382 305
383 11
384 321
385 94
386 180
387 214
388 51
389 159
390 226
391 134
392 327
393 169
394 25
395 324
396 43
397 177
398 342
399 172
400 177
401 46
402 251
403 116
404 79
405 391
406 229
407 14
408 267
409 280
410 245
411 39
412 174
413 164
414 323
415 119
416 371
417 244
418 192
419 208
420 98
421 259
422 272
423 395
424 27
425 257
426 316
427 8
428 77
429 5
430 374
431 132
432 136
433 218
434 243
435 160
436 145
437 61
438 93
439 2
440 321
441 85
442 211
443 29
444 57
445 230
446 149
447 296
448 371
449 135
450 47
451 32
452 323
453 64
454 66
455 62
456 53
457 309
458 374
459 226
460 407
461 377
462 133
463 291
464 33
465 131
466 269
467 236
468 409
469 288
470 39
471 101
472 63
473 439
474 291
475 129
476 246
477 248
478 170
479 161
480 78
481 54
482 405
483 265
484 192
485 165
486 386
487 19
488 183
489 269
490 178
491 151
492 49
493 141
494 482
495 466
496 200
497 120
498 152
499 259
500 112
501 367
502 268
503 34
504 120
505 478
506 221
507 92
508 365
509 282
510 374
511 18
512 325
513 34
514 364
515 5
516 87
517 151
518 152
519 418
520 69
521 209
522 433
523 397
524 490
525 229
526 85
527 356
528 399
529 186
530 144
531 328
532 11
533 471
534 311
535 398
536 95
537 424
538 358
539 145
540 482
541 253
542 534
543 235
544 400
545 457
546 69
547 542
548 234
549 440
550 67
551 485
552 24
553 490
554 92
555 490
556 171
557 398
558 440
559 473
560 498
561 488
562 202
563 295
564 26
565 259
566 275
567 227
568 565
569 127
570 362
571 232
572 382
573 8
574 178
575 43
576 453
577 237
578 217
579 151
580 58
581 446
582 188
583 45
584 576
585 231
586 21
587 166
588 569
589 91
590 187
591 351
592 277
593 433
594 551
595 592
596 186
597 411
598 489
599 501
600 349
601 378
602 481
603 137
604 119
605 427
606 37
607 391
608 286
609 77
610 21
611 319
612 68
613 440
614 47
615 337
616 586
617 184
618 213
619 215
620 600
621 284
622 369
623 605
624 423
625 520
626 287
627 410
628 113
629 275
630 4
631 153
632 355
633 353
634 235
635 35
636 520
637 2
638 424
639 253
640 304
641 169
642 600
643 199
644 152
645 375
646 268
647 253
648 31
649 5
650 9
651 211
652 375
653 249
654 415
655 563
656 169
657 506
658 49
659 334
660 413
661 107
662 528
663 544
664 245
665 85
666 51
667 537
668 447
669 594
670 285
671 375
672 194
673 354
674 243
675 665
676 646
677 473
678 240
679 676
680 51
681 631
682 282
683 469
684 644
685 547
686 467
687 10
688 583
689 569
690 134
691 110
692 600
693 660
694 569
695 246
696 395
697 380
698 550
699 75
700 193
701 385
702 391
703 208
704 154
705 87
706 289
707 261
708 484
709 220
710 665
711 249
712 128
713 21
714 43
715 95
716 433
717 545
718 246
719 375
720 606
721 372
722 328
723 658
724 59
725 453
726 55
727 437
728 669
729 120
730 257
731 714
732 453
733 625
734 611
735 41
736 642
737 456
738 191
739 13
740 580
741 355
742 360
743 442
744 584
745 111
746 246
747 330
748 141
749 11
750 245
751 162
752 639
753 331
754 43
755 361
756 632
757 626
758 654
759 620
760 758
761 393
762 642
763 692
764 642
765 750
766 658
767 40
768 443
769 245
770 266
771 92
772 747
773 278
774 138
775 295
776 297
777 101
778 737
779 415
780 163
781 153
782 646
783 343
784 573
785 446
786 542
787 569
788 352
789 128
790 571
791 530
792 710
793 701
794 326
795 237
796 70
797 462
798 696
799 690
800 113
801 447
802 158
803 263
804 29
805 174
806 165
807 26
808 120
809 488
810 280
811 668
812 719
813 456
814 225
815 204
816 294
817 686
818 92
819 102
820 94
821 241
822 30
823 501
824 437
825 70
826 366
827 440
828 138
829 611
830 131
831 51
832 684
833 325
834 532
835 416
836 350
837 146
838 245
839 172
840 314
841 719
842 334
843 523
844 464
845 579
846 167
847 160
848 21
849 10
850 334
851 260
852 30
853 703
854 313
855 345
856 121
857 475
858 2
859 820
860 608
861 744
862 450
863 647
864 154
865 807
866 344
867 402
868 193
869 358
870 291
871 424
872 231
873 266
874 153
875 218
876 769
877 722
878 641
879 26
880 557
881 834
882 156
883 543
884 576
885 322
886 814
887 429
888 628
889 500
890 20
891 405
892 548
893 605
894 14
895 731
896 383
897 133
898 670
899 631
900 765
901 102
902 384
903 220
904 132
905 881
906 42
907 358
908 308
909 854
910 503
911 249
912 677
913 903
914 24
915 699
916 496
917 524
918 341
919 170
920 340
921 482
922 865
923 111
924 694
925 551
926 909
927 900
928 753
929 799
930 631
931 499
932 34
933 191
934 288
935 911
936 198
937 269
938 317
939 392
940 318
941 189
942 8
943 7
944 550
945 807
946 870
947 35
948 745
949 123
950 431
951 62
952 757
953 675
954 824
955 321
956 737
957 785
958 124
959 69
960 260
961 310
962 89
963 459
964 691
965 964
966 65
967 112
968 633
969 733
970 136
971 497
972 920
973 965
974 338
975 214
976 36
977 580
978 453
979 734
980 444
981 94
982 2
983 335
984 210
985 705
986 695
987 446
988 225
989 415
990 945
991 971
992 210
993 41
994 981
995 896
996 813
997 25
998 441
999 49
1000 305
