1000
492 90 4
-615 349 27
230 -694 18
-679 -445 91
896 61 27
137 -518 26
-533 296 75
301 -111 42
-1115 819 29
-626 -461 97
-451 -459 50
-342 -1026 41
429 74 94
940 -664 87
831 -1094 83
-1120 -1001 0
-521 -695 82
-94 61 60
527 850 21
-8 499 20
-888 -135 97
905 -365 19
403 -743 62
-904 -96 53
-745 -1114 13
867 -971 26
740 -585 22
44 726 23
-442 135 73
990 293 68
-398 567 40
-128 72 30
-274 36 14
1104 -11 56
935 -968 70
1058 1000 85
-223 98 40
40 -856 47
16 475 61
166 383 20
-798 653 80
-6 -601 67
-665 -818 24
-305 5 34
-392 70 22
-450 60 41
702 -251 13
718 -305 74
279 -1128 63
488 -816 47
387 384 63
830 -988 87
458 -159 14
581 -926 53
-797 1085 92
-185 -129 60
-1121 367 37
-771 1011 91
695 -521 29
396 -519 95
1073 211 51
-145 -464 28
541 704 9
-573 933 99
-1118 -88 54
-863 -328 92
1057 779 25
698 259 31
-206 228 80
-700 -621 77
-602 -351 75
-833 -493 5
-744 -451 87
-481 -117 40
-24 -1134 11
-530 -910 96
64 317 13
506 -218 30
-101 -523 77
-340 1068 90
-704 210 76
-683 67 72
-135 622 96
-856 -341 85
-1136 895 20
196 654 27
968 852 15
-91 -829 92
-63 -530 34
914 482 37
-107 -550 18
442 -573 21
124 -559 33
532 -290 62
-143 -649 4
625 406 78
605 13 26
33 -370 94
-344 126 71
586 785 59
121 1038 66
871 -661 81
301 -476 16
756 -909 45
-71 -911 8
-1001 759 87
-958 50 52
-375 364 10
526 1082 96
-249 -899 74
-258 665 25
685 545 96
428 -176 21
290 -933 45
841 599 59
-982 151 11
522 -1088 98
700 -406 63
-1122 770 55
130 -115 94
-132 -1062 87
423 708 3
-2 -803 29
1133 -581 97
435 -315 5
-870 -750 43
-1048 -209 45
13 -940 67
-272 -204 44
421 269 98
-755 -511 41
211 476 16
470 472 63
99 865 0
-638 608 62
766 432 83
-372 257 70
-867 322 99
-798 601 94
-427 527 84
-216 535 77
-324 -92 71
363 119 37
80 217 89
999 -180 80
-1124 288 29
-935 -138 56
708 75 83
711 170 12
671 -1123 12
68 -67 86
-433 -563 33
975 1072 17
-1067 536 93
-612 -892 77
944 -1132 97
-892 989 42
124 281 82
-334 -854 33
843 -319 91
260 867 52
147 678 17
1060 789 10
124 746 78
799 1137 76
-1008 61 44
1040 -423 98
-26 -671 97
-327 -1041 71
-175 1099 46
827 -723 6
-317 -42 44
-650 -360 87
-415 13 40
-503 -1074 80
368 -775 62
-1048 -168 20
-944 -815 93
73 -562 69
-218 -562 27
-447 -760 91
184 -665 8
-303 -449 30
70 799 0
304 292 7
-827 143 30
-674 509 55
991 -775 13
-898 -300 28
615 402 20
552 371 34
-389 -557 93
-960 541 77
145 -1020 36
927 170 25
-252 369 93
-29 978 14
-418 429 55
743 -118 14
-73 -429 44
-550 -340 37
80 613 66
-230 286 9
-630 -464 8
-101 -310 78
-897 -68 80
137 952 71
-312 -535 68
540 -438 66
422 -261 84
824 -113 15
-1033 997 62
245 -706 54
-543 244 2
804 -874 20
-755 -236 62
-763 -117 79
-328 667 31
-421 -578 68
-21 972 66
215 -28 82
-436 863 99
-634 231 33
-756 -313 97
-224 -847 8
285 636 66
541 -509 59
437 323 46
-434 145 51
-247 -90 96
-755 513 9
-945 171 2
1135 708 71
1113 11 84
291 389 14
-19 -603 50
523 -215 78
-308 -455 53
-664 527 23
883 1061 54
1106 61 30
-1019 871 83
119 115 32
882 954 26
-1138 775 86
-679 -885 15
-26 -757 67
-1122 665 63
63 10 1
278 434 20
-878 356 21
-296 979 48
-806 621 42
322 892 17
1008 240 54
-91 -725 46
-734 762 70
1060 95 1
-445 -744 15
-876 88 76
226 -891 27
-309 -78 10
-1019 659 49
-308 280 28
410 1074 50
559 960 92
-631 -466 85
486 163 74
625 972 98
875 -308 15
1107 -657 12
572 -1107 20
-586 918 37
-140 -1102 83
-965 391 12
1013 -964 83
1079 -233 96
752 1072 56
-112 -471 13
-593 -353 58
412 493 21
429 849 44
-1135 -326 18
-291 677 33
1015 -423 88
1095 946 27
-438 -996 96
-334 -890 19
778 763 9
323 -49 44
388 -710 100
705 372 68
-533 -806 74
-942 1074 64
-254 -232 88
-52 -786 0
49 722 22
93 465 4
-952 472 46
246 782 20
-779 393 64
-429 -261 85
-137 -96 5
349 -926 56
-173 -228 56
391 -636 52
999 -682 7
-302 1039 13
-665 -9 66
-837 247 57
-1100 744 70
-530 -653 50
-1104 -319 97
-780 -1114 98
-1071 -621 53
248 468 3
-82 589 100
-493 254 17
-499 451 68
-944 -94 64
581 -533 38
587 -631 87
-912 928 27
119 -656 15
-276 -396 85
-982 -844 40
694 574 3
-569 488 18
-232 -706 67
871 192 13
603 -984 48
-593 -42 40
567 -958 29
53 -866 5
649 -138 22
122 855 17
-1143 579 9
594 929 7
940 -104 19
267 -126 49
411 787 62
-1093 -497 0
-385 -1073 69
-357 -707 5
-910 719 61
374 345 83
920 -414 99
225 1106 46
492 -609 99
-44 418 39
-828 1056 69
-1133 -702 56
-180 -987 59
-411 -910 88
620 88 2
-108 773 47
584 -413 36
-328 778 5
349 215 94
-753 291 16
-782 -311 86
-1134 -580 89
-266 814 29
178 290 72
633 -915 24
-1012 902 95
439 412 75
590 438 93
817 771 11
-1064 83 6
442 -252 76
220 966 60
-1078 62 67
452 -1096 33
-463 -1042 32
995 -994 57
-270 447 41
191 -303 24
562 -273 35
-28 265 86
-69 -222 81
923 397 81
-709 491 22
-1067 1020 29
-72 -665 85
-20 311 85
55 -1002 86
160 -640 14
377 -656 23
-379 -493 1
308 496 81
-557 -141 38
295 756 3
894 -569 22
-872 -538 24
1004 688 11
-122 -16 100
-78 -214 7
-987 902 95
-80 720 39
472 -667 42
1059 -1132 52
933 949 49
-264 -923 65
-455 98 91
924 -697 51
581 -587 35
-725 -658 72
247 -25 13
-1020 543 83
232 -683 79
859 553 8
860 -772 8
-76 -481 93
-488 771 14
-396 1124 18
-1001 478 16
699 463 92
-548 69 94
119 92 45
783 -1005 77
325 673 49
1140 1093 19
729 65 75
448 -451 78
952 1036 86
106 549 32
-577 -150 53
990 1090 99
-539 143 65
526 -528 36
-1143 536 46
-155 210 58
188 327 26
-487 520 65
1128 883 2
13 -244 28
734 1032 30
507 1141 0
469 611 53
840 -59 49
-678 971 37
517 465 80
1107 790 53
690 -1123 22
-969 -66 20
866 -993 11
1140 -300 68
902 113 24
-1090 -521 45
1059 809 19
-1054 189 32
-16 -984 81
148 -497 79
940 1058 88
515 448 71
712 -887 76
-1048 -920 69
751 -987 42
-901 -1105 91
-362 -455 58
-747 -533 51
-808 855 33
-1126 495 69
705 -409 95
976 974 20
-965 643 85
186 -504 91
-701 -912 76
-40 1021 22
363 -789 61
-89 -1144 54
-553 802 82
-663 -706 36
235 977 41
-664 -1022 37
-462 -494 42
987 -315 16
-64 -609 68
1095 1079 0
83 -45 54
-897 262 48
628 -494 45
-791 767 64
-1055 -746 21
455 647 53
-712 -65 70
1099 -173 60
-910 641 100
-131 -1097 88
220 -227 83
-626 -344 22
193 939 22
-118 -871 100
65 368 38
563 1015 99
755 500 9
472 -904 4
6 -1057 45
-187 -941 56
391 1013 30
-772 -816 61
-189 965 81
-943 -880 20
94 -839 82
-810 801 73
-245 1039 14
-376 -776 11
997 -749 7
-865 -459 66
1072 -300 38
-1135 19 18
1060 396 75
781 963 48
-506 -1063 53
-400 598 31
533 961 95
-84 743 73
840 -602 58
852 -60 99
346 495 30
66 70 34
-1131 156 14
610 735 40
774 -441 86
-709 -294 50
-485 -630 29
943 1121 33
-706 -1054 83
931 426 95
-1054 -443 52
-797 873 30
-199 -250 99
-90 920 42
-105 460 94
-438 -817 19
963 -1132 38
-598 808 95
947 -1137 58
404 -807 36
202 -669 37
-280 -246 23
530 -224 78
202 -1069 30
705 -498 32
884 -550 49
-879 -497 26
870 659 8
-451 801 18
-77 -757 46
748 -55 94
251 847 9
-863 712 24
-238 -298 33
-190 1000 7
650 44 28
894 -208 34
-521 -144 24
1010 -564 74
-238 796 76
-605 161 27
-1088 1078 47
-601 123 88
889 1017 83
993 -533 66
-1067 775 42
1026 -709 22
-370 14 98
-872 -434 9
-298 -200 81
640 -256 67
-451 1080 6
-479 -972 29
1113 -758 75
-992 -189 52
316 -243 94
825 472 95
555 736 44
707 733 59
107 -869 1
-2 -772 45
690 580 57
-381 908 55
396 -1062 4
184 -659 95
-1095 283 22
888 341 67
457 433 6
-408 1138 64
-467 -970 19
-391 -860 90
646 -375 25
-586 -412 66
-199 -170 66
948 -1067 67
-568 324 31
-727 421 97
-867 -449 12
-347 -941 40
-871 -178 8
-175 -848 87
-972 -383 93
-265 734 55
-406 59 53
-442 877 88
312 -600 86
-679 -521 5
-1126 -617 32
146 -86 8
-372 -154 33
-612 1065 20
-680 -353 83
749 482 50
-403 891 85
-38 986 83
886 -736 49
151 -1037 56
4 -464 27
-201 -1130 77
266 106 89
-125 -63 16
-400 847 11
-735 169 46
576 -548 16
-694 -877 69
-164 -821 34
438 724 74
-124 -386 72
433 678 75
-708 90 87
-832 -1008 15
-304 806 54
-18 -963 81
-164 -557 54
-848 -1120 62
-242 -1143 57
-204 394 68
-634 -145 74
-728 -587 59
71 59 45
39 441 42
-831 955 24
-700 -973 5
936 -444 60
470 436 28
-1052 -166 58
810 -318 69
970 960 56
-68 338 74
-849 655 27
-477 -949 85
498 786 50
336 -4 87
524 -1032 30
358 325 62
-208 -777 59
-625 711 60
-511 614 41
228 -65 11
97 -861 10
1064 299 7
-1022 -641 61
315 575 92
-653 -606 45
756 593 41
790 985 25
60 -754 2
-994 508 48
670 -159 75
170 995 62
1048 -986 43
-1110 936 44
811 -1034 43
656 628 5
-720 895 41
278 705 47
729 -243 54
955 -667 41
-268 329 100
-248 -1053 3
905 -136 8
287 -151 50
980 -458 17
-947 -679 5
976 521 61
-1130 309 64
-489 -959 48
-1114 337 89
-863 294 96
141 -376 15
-682 413 75
-508 -342 41
-927 -487 36
-468 669 67
416 641 22
-280 -53 28
101 781 67
-830 428 29
-1052 39 14
-783 -1114 66
370 181 63
96 89 23
216 107 93
809 678 86
-834 -677 79
-1050 178 26
-69 41 78
-924 180 53
-11 409 24
93 -1140 33
-647 -1047 50
-257 -255 49
-985 -777 83
-1058 181 29
1061 1112 81
183 362 18
44 493 92
404 -808 54
320 1074 94
-746 978 74
-1102 635 68
-163 -147 1
-226 -716 12
1022 70 72
263 -69 69
1058 1116 59
820 1140 97
-899 -583 13
259 197 62
201 -1003 84
-788 1041 71
643 283 25
-1082 387 94
-795 174 80
-158 837 39
128 237 94
-1124 -11 96
-738 799 1
-785 -703 28
-697 -13 5
-587 105 12
656 -848 87
664 -297 78
-598 447 13
405 401 99
529 747 94
1130 -845 56
-728 -767 27
-914 -187 7
-489 -438 64
-1081 1008 41
678 -1102 90
-683 -97 78
-895 -589 26
-642 883 61
-514 763 39
-816 686 90
1015 549 55
588 511 80
707 -111 46
525 864 26
-320 57 56
127 727 8
547 -705 80
-900 -788 7
4 209 49
432 256 60
212 480 10
54 -137 19
216 499 56
1121 507 44
-1105 1100 100
672 -273 71
1042 391 56
-702 -564 1
519 596 53
-924 497 81
-291 -955 35
-100 -674 37
5 890 27
-875 771 60
-881 -623 48
380 -742 79
1088 1045 50
6 -122 62
-12 -1033 95
-86 300 83
940 -662 63
101 -459 18
-62 -1054 65
112 271 60
-708 -780 37
109 743 8
-936 -848 63
-178 -728 43
822 409 89
-21 -873 23
1106 921 98
673 541 99
-440 336 4
-929 -116 38
60 -202 60
118 -1038 39
409 278 63
-248 -522 74
7 -178 93
185 379 80
765 -295 3
785 1059 30
877 -371 66
-671 -551 6
-372 518 15
573 223 35
-560 -415 71
-1030 -781 17
-385 350 88
-703 -220 76
995 -995 18
-67 -998 60
-30 -216 24
-297 -1025 27
564 491 64
1013 -982 47
1120 67 90
-863 440 20
-906 -559 27
-820 -300 69
-1005 -502 61
410 -1089 25
-423 831 11
-166 792 64
-542 674 90
-268 777 22
767 475 50
608 361 77
389 -189 46
-90 213 61
259 -100 40
-640 -1084 74
-583 1070 7
-164 -1017 27
715 -1098 80
610 -1057 26
561 230 83
-26 149 29
-605 -94 86
203 -399 78
767 -771 15
178 -418 45
644 952 59
430 511 51
178 -934 43
503 70 37
1098 72 6
415 455 29
927 -116 57
146 479 53
-417 -762 10
-705 801 90
-714 -596 99
-410 218 46
-191 397 43
-403 461 57
875 861 17
503 743 75
-625 -1098 29
-757 1036 13
-179 -940 21
1053 -806 7
823 -565 18
-76 -64 41
-720 662 100
-32 -361 17
-1045 140 46
-765 1000 8
-641 -520 72
-1023 1087 26
-432 1003 13
3 642 26
-207 -436 65
-59 -495 37
151 422 84
-392 163 97
258 703 59
-878 1085 76
-324 385 10
647 -396 17
-345 424 41
-956 320 63
-178 491 36
858 -617 10
193 654 11
405 831 69
877 1137 81
-667 934 98
897 -619 3
-881 407 5
-564 787 45
-400 151 0
247 -1032 96
41 -247 21
537 320 57
-1000 -950 58
-421 -599 36
838 584 82
-460 580 57
-48 252 16
-324 822 31
856 936 36
953 -694 37
-1036 949 82
901 -389 50
-42 42 89
-626 586 42
402 -485 100
-645 325 75
-520 775 63
255 788 42
-1124 33 99
-1089 -1115 97
650 -923 99
376 -9 65
-806 1104 36
-643 -995 59
-592 -295 56
-843 -510 31
597 83 32
695 -898 13
835 -683 19
-727 26 58
431 975 65
602 297 86
200 269 64
-881 -45 33
712 -1128 23
434 200 39
-988 -969 20
-472 297 84
16 181 20
989 484 1
-607 -943 32
-169 946 92
391 -77 14
-115 -884 3
-174 -858 45
-533 693 59
-658 -510 42
1086 957 32
26 -1050 27
-966 -286 20
302 -801 39
-646 -540 26
1083 -604 15
-574 -804 19
1136 -376 17
456 -165 37
-374 35 61
-286 -35 27
891 -440 67
-270 984 92
-319 -109 27
-900 260 48
955 157 44
-297 70 54
-15 -396 45
963 941 77
-573 -795 14
5 558 22
-933 -718 15
820 520 61
725 1097 36
495 86 90
565 -153 20
138 -894 74
962 27 98
755 -1111 37
-149 -243 41
981 780 82
-460 62 41
-812 839 4
784 -32 33
326 -529 43
-323 784 28
23 -843 40
319 -1031 4
960 -850 61
937 62 55
-666 337 74
491 415 91
567 878 77
-481 -749 59
-853 -952 61
1057 37 32
-516 392 28
304 -697 64
-1027 -1058 73
-612 73 25
-682 -963 53
-611 771 75
1026 -993 6
2 1
3 2
4 1
5 3
6 3
7 5
8 5
9 8
10 2
11 3
12 3
13 10
14 9
15 11
16 8
17 1
18 17
19 17
20 12
21 7
22 12
23 1
24 1
25 19
26 6
27 4
28 19
29 19
30 25
31 6
32 29
33 27
34 13
35 32
36 5
37 13
38 15
39 19
40 29
41 31
42 33
43 8
44 22
45 24
46 20
47 4
48 17
49 2
50 10
51 16
52 31
53 9
54 42
55 12
56 25
57 51
58 48
59 49
60 25
61 30
62 37
63 32
64 42
65 62
66 60
67 62
68 47
69 12
70 40
71 68
72 58
73 40
74 58
75 49
76 44
77 16
78 39
79 72
80 3
81 22
82 66
83 2
84 59
85 18
86 32
87 51
88 15
89 30
90 77
91 48
92 65
93 12
94 55
95 75
96 50
97 51
98 22
99 65
100 31
101 74
102 84
103 30
104 84
105 68
106 9
107 103
108 67
109 46
110 66
111 33
112 33
113 60
114 29
115 66
116 47
117 17
118 58
119 20
120 64
121 98
122 111
123 93
124 71
125 51
126 36
127 103
128 27
129 90
130 10
131 120
132 49
133 2
134 125
135 111
136 86
137 105
138 97
139 71
140 19
141 47
142 4
143 89
144 120
145 133
146 14
147 132
148 29
149 98
150 143
151 23
152 18
153 105
154 109
155 129
156 51
157 145
158 135
159 60
160 108
161 148
162 27
163 68
164 141
165 88
166 161
167 73
168 49
169 73
170 33
171 98
172 72
173 10
174 57
175 159
176 170
177 15
178 12
179 96
180 84
181 41
182 82
183 105
184 119
185 18
186 150
187 45
188 36
189 5
190 12
191 146
192 64
193 127
194 93
195 21
196 71
197 65
198 21
199 148
200 182
201 108
202 167
203 191
204 70
205 123
206 1
207 8
208 58
209 204
210 46
211 57
212 191
213 123
214 186
215 107
216 70
217 166
218 68
219 189
220 53
221 39
222 221
223 27
224 145
225 189
226 24
227 197
228 135
229 168
230 160
231 19
232 204
233 32
234 79
235 185
236 205
237 70
238 58
239 194
240 171
241 27
242 121
243 172
244 146
245 111
246 97
247 29
248 194
249 211
250 151
251 124
252 89
253 163
254 180
255 189
256 79
257 238
258 2
259 25
260 134
261 253
262 14
263 70
264 177
265 255
266 224
267 178
268 192
269 104
270 37
271 35
272 81
273 109
274 220
275 9
276 41
277 221
278 148
279 83
280 182
281 27
282 122
283 88
284 45
285 234
286 120
287 13
288 68
289 48
290 25
291 195
292 16
293 228
294 221
295 154
296 111
297 96
298 6
299 170
300 213
301 27
302 28
303 178
304 90
305 112
306 287
307 95
308 162
309 49
310 62
311 176
312 29
313 198
314 266
315 207
316 51
317 155
318 188
319 51
320 310
321 37
322 282
323 4
324 169
325 198
326 200
327 20
328 232
329 267
330 190
331 318
332 88
333 293
334 269
335 285
336 310
337 150
338 147
339 226
340 26
341 336
342 231
343 59
344 83
345 74
346 329
347 37
348 273
349 182
350 45
351 245
352 250
353 236
354 195
355 116
356 253
357 61
358 66
359 308
360 252
361 313
362 103
363 346
364 224
365 58
366 153
367 15
368 339
369 350
370 162
371 38
372 71
373 329
374 50
375 204
376 310
377 145
378 290
379 332
380 238
381 288
382 251
383 352
384 29
385 293
386 84
387 301
388 160
389 339
390 242
391 310
392 113
393 113
394 69
395 121
396 379
397 268
398 272
399 121
400 384
401 137
402 22
403 4
404 315
405 116
406 372
407 270
408 125
409 18
410 245
411 68
412 300
413 124
414 74
415 325
416 142
417 305
418 161
419 315
420 347
421 116
422 170
423 79
424 35
425 219
426 309
427 34
428 249
429 213
430 344
431 243
432 160
433 405
434 431
435 383
436 175
437 406
438 353
439 271
440 133
441 61
442 432
443 54
444 136
445 402
446 159
447 330
448 217
449 430
450 83
451 202
452 311
453 378
454 299
455 451
456 309
457 15
458 294
459 23
460 351
461 288
462 442
463 273
464 439
465 452
466 429
467 329
468 76
469 33
470 365
471 111
472 345
473 170
474 469
475 150
476 444
477 118
478 377
479 154
480 388
481 350
482 401
483 428
484 239
485 355
486 372
487 24
488 298
489 102
490 218
491 234
492 392
493 446
494 293
495 286
496 209
497 21
498 360
499 38
500 498
501 203
502 276
503 479
504 495
505 26
506 12
507 232
508 293
509 68
510 344
511 178
512 506
513 129
514 166
515 344
516 375
517 158
518 188
519 350
520 478
521 399
522 393
523 446
524 340
525 101
526 138
527 303
528 144
529 185
530 451
531 299
532 368
533 447
534 256
535 388
536 286
537 4
538 489
539 87
540 25
541 105
542 181
543 478
544 177
545 117
546 417
547 432
548 310
549 487
550 246
551 297
552 128
553 442
554 202
555 334
556 347
557 403
558 108
559 472
560 114
561 366
562 256
563 431
564 103
565 30
566 402
567 18
568 420
569 16
570 62
571 414
572 193
573 156
574 467
575 504
576 121
577 220
578 235
579 475
580 122
581 115
582 435
583 59
584 65
585 63
586 74
587 82
588 317
589 555
590 272
591 331
592 515
593 118
594 10
595 8
596 410
597 450
598 525
599 597
600 493
601 46
602 232
603 345
604 383
605 361
606 223
607 68
608 374
609 245
610 545
611 551
612 64
613 577
614 440
615 247
616 451
617 47
618 91
619 282
620 142
621 2
622 431
623 565
624 590
625 32
626 143
627 452
628 400
629 213
630 326
631 551
632 72
633 175
634 53
635 201
636 551
637 113
638 452
639 527
640 591
641 256
642 540
643 494
644 263
645 197
646 383
647 205
648 348
649 192
650 117
651 183
652 107
653 634
654 179
655 229
656 642
657 189
658 107
659 636
660 486
661 510
662 336
663 358
664 360
665 538
666 540
667 56
668 470
669 314
670 429
671 174
672 25
673 542
674 162
675 330
676 190
677 11
678 218
679 38
680 459
681 340
682 45
683 69
684 246
685 321
686 367
687 179
688 186
689 347
690 217
691 531
692 53
693 102
694 504
695 262
696 384
697 15
698 26
699 136
700 150
701 254
702 188
703 323
704 374
705 45
706 439
707 649
708 641
709 555
710 136
711 109
712 597
713 587
714 431
715 277
716 157
717 554
718 557
719 111
720 335
721 108
722 280
723 187
724 489
725 331
726 123
727 242
728 627
729 519
730 636
731 618
732 494
733 16
734 294
735 175
736 141
737 335
738 696
739 505
740 732
741 674
742 205
743 96
744 28
745 211
746 668
747 598
748 680
749 721
750 727
751 314
752 701
753 287
754 142
755 714
756 387
757 735
758 584
759 392
760 152
761 376
762 32
763 289
764 174
765 29
766 364
767 752
768 444
769 164
770 660
771 439
772 295
773 279
774 283
775 51
776 190
777 678
778 700
779 229
780 760
781 75
782 451
783 33
784 614
785 357
786 341
787 601
788 602
789 766
790 578
791 314
792 305
793 628
794 316
795 672
796 480
797 760
798 555
799 780
800 110
801 330
802 686
803 293
804 355
805 10
806 416
807 259
808 409
809 11
810 323
811 133
812 373
813 419
814 444
815 210
816 511
817 604
818 432
819 579
820 383
821 202
822 413
823 599
824 531
825 611
826 450
827 537
828 746
829 317
830 311
831 313
832 694
833 675
834 55
835 590
836 706
837 168
838 439
839 152
840 77
841 418
842 668
843 97
844 297
845 141
846 309
847 243
848 225
849 150
850 132
851 150
852 818
853 341
854 587
855 524
856 755
857 491
858 85
859 464
860 145
861 304
862 304
863 37
864 623
865 782
866 373
867 843
868 27
869 44
870 306
871 241
872 707
873 140
874 688
875 474
876 795
877 313
878 503
879 411
880 459
881 418
882 785
883 874
884 471
885 329
886 766
887 633
888 304
889 806
890 307
891 805
892 514
893 581
894 115
895 120
896 335
897 107
898 477
899 740
900 12
901 366
902 278
903 773
904 5
905 752
906 684
907 138
908 726
909 744
910 274
911 585
912 389
913 769
914 185
915 664
916 554
917 1
918 718
919 268
920 58
921 3
922 117
923 549
924 556
925 617
926 163
927 803
928 447
929 347
930 287
931 671
932 468
933 650
934 356
935 431
936 320
937 78
938 203
939 551
940 534
941 537
942 330
943 393
944 91
945 625
946 788
947 113
948 24
949 818
950 42
951 930
952 866
953 330
954 531
955 771
956 266
957 719
958 576
959 580
960 685
961 892
962 35
963 456
964 745
965 333
966 323
967 670
968 220
969 110
970 426
971 824
972 667
973 260
974 421
975 847
976 871
977 180
978 606
979 883
980 394
981 14
982 692
983 798
984 700
985 51
986 836
987 827
988 589
989 967
990 102
991 500
992 175
993 912
994 608
995 290
996 623
997 809
998 253
999 375
1000 398
