1000
-691 -1139 13
-546 -878 11
1033 -436 55
658 -764 61
239 858 17
-794 655 7
868 11 96
709 -483 10
1089 172 63
-699 423 36
598 -1030 96
461 -488 48
360 -1000 60
469 -1133 85
-104 740 70
-308 491 13
-539 156 28
1102 295 34
-447 -967 67
104 531 87
-810 159 54
1088 -1084 22
-1014 146 39
121 -227 51
888 -584 99
-94 318 18
-923 -955 33
864 539 78
-104 2 42
-149 197 63
-660 829 83
506 -365 45
436 -323 24
-789 -867 29
-597 752 23
2 -226 87
-320 -839 87
414 618 60
-138 -971 33
-861 -287 56
-582 17 63
879 347 82
-1000 88 75
-410 -352 22
883 -521 44
-1071 -1101 59
-911 -114 98
210 -246 60
750 -819 83
-803 98 61
-1110 727 18
-187 -1131 34
-733 -816 83
1110 -497 33
1094 351 44
249 171 48
-120 -570 45
-796 -732 18
838 -359 10
-593 45 60
-994 149 64
183 -416 66
-575 -541 57
874 -249 55
-133 -170 98
121 56 95
360 384 35
208 -889 26
549 -956 68
-731 -533 44
-26 605 2
-1040 162 48
-127 -1067 45
-656 263 11
338 404 19
598 240 21
-725 -133 54
-392 -921 51
133 51 96
559 -282 16
-647 -829 36
-405 564 0
1085 227 66
-637 811 99
-428 -869 95
-1103 -851 9
606 -585 4
-581 -1108 86
228 556 24
249 -505 4
495 -412 77
532 1084 78
231 -904 98
-1132 -962 26
557 1137 98
-914 218 31
891 -18 8
-993 -616 37
-790 -131 21
75 754 43
-564 -660 16
-1121 -39 95
-401 -263 96
241 761 44
889 158 67
-581 443 100
-177 -276 47
215 -396 9
621 -1095 31
759 -349 8
-1027 -708 23
740 599 95
-913 575 62
142 -773 81
-744 -7 8
1142 -642 45
-147 217 57
-350 981 97
-34 -625 67
-560 1141 46
-1139 -449 18
-764 523 75
-491 -734 74
51 -371 6
1017 -268 9
755 186 47
337 -932 73
-25 619 100
-299 271 92
381 222 97
-854 713 67
342 361 13
-1066 194 98
-878 -441 43
346 -339 36
-104 -633 37
849 1080 35
144 -1073 39
583 376 52
222 876 29
516 -874 54
545 -41 19
775 849 47
-56 -576 89
-188 -638 62
163 864 65
1085 -254 86
-491 30 27
-768 -154 47
-175 351 51
217 -501 22
316 1015 77
-573 1052 89
153 -444 90
362 758 9
453 -1138 44
476 28 45
-932 940 38
-540 450 74
-850 -568 18
-7 705 64
-901 -773 44
-748 475 90
1121 -439 1
-984 155 56
87 -669 26
603 -600 71
-499 430 29
26 -129 19
1040 573 15
1103 -145 10
-955 -780 2
-980 22 76
225 899 74
-616 467 70
-454 -1088 68
-736 -534 78
535 -189 22
-628 -364 38
-1098 755 21
689 -1017 61
132 -87 48
495 429 29
438 -1122 4
-748 -1128 72
-289 -278 32
-704 -374 68
-670 369 65
501 -205 56
-568 1139 89
459 -733 57
934 410 56
769 140 64
236 380 77
-148 -1007 29
857 1089 39
-1018 349 56
-770 -174 87
962 -731 68
776 284 58
-545 -220 14
197 -276 79
-386 256 74
544 -871 58
814 858 63
900 1016 15
20 781 26
-801 639 24
-762 572 44
-263 908 74
1079 -796 64
169 369 57
787 229 90
838 88 58
-126 706 65
183 356 18
-799 -771 17
130 557 21
886 159 69
1130 -589 35
505 -298 89
-1104 -636 22
12 -722 14
901 679 85
-93 -1081 6
-566 -506 10
-1104 1093 7
372 43 33
-98 -666 41
284 886 93
1021 -501 75
-1077 -848 37
1010 -209 91
-19 451 2
268 -152 16
302 685 16
-316 497 26
1025 693 36
-227 638 7
-919 -103 29
675 -975 0
-725 -787 3
-522 -237 90
556 651 66
170 853 88
-1138 -1045 70
-302 134 89
-305 523 2
-382 596 77
-134 -582 39
-89 -442 85
-932 -366 17
964 1032 97
-738 -780 29
-783 315 14
-1022 -1010 74
855 -56 87
720 679 85
293 -1013 62
-402 -402 73
507 -911 33
1087 -235 0
571 31 2
43 -670 60
-110 180 99
-1141 -309 36
815 502 79
213 -549 65
576 -552 31
555 477 79
0 821 93
-382 4 17
-534 908 39
761 843 2
120 -19 24
611 736 46
-151 582 86
503 -1003 26
-446 155 92
768 -955 48
-216 -699 39
236 12 3
1117 216 36
-69 639 22
855 55 79
-39 988 19
835 -472 92
777 -522 82
-731 279 62
1023 237 27
201 423 13
-622 1039 53
-300 536 77
-974 -318 78
354 68 10
-979 -404 29
591 1114 7
844 1099 8
-866 -751 91
176 -437 67
748 -864 88
1111 670 21
578 -886 40
-429 -780 15
-41 -595 57
-1040 -425 13
80 -954 55
-895 -1093 61
-545 -1064 40
341 -215 31
-607 717 19
-37 -25 35
-664 985 58
187 -2 54
-425 -685 7
634 -1123 68
217 1091 34
802 -757 82
-443 218 59
874 -539 90
-306 -299 85
-306 -560 35
504 750 58
-625 914 75
1051 930 36
-385 -856 23
597 463 11
-509 619 80
706 803 69
-741 -177 14
-923 -424 48
879 675 64
1049 755 5
356 510 77
-994 907 18
-801 -227 59
-670 -345 89
-838 -819 85
-1130 -940 76
-30 585 8
813 -701 26
-559 162 83
478 -97 62
367 496 13
-862 1114 80
-361 1084 53
-545 678 5
498 31 20
-318 -1078 63
-434 -648 97
833 -512 8
-357 342 0
-960 -870 13
746 114 68
-962 66 1
-84 -754 33
-108 836 55
-549 781 5
24 -819 95
-1063 654 85
-641 1103 97
-404 1083 37
-969 109 25
-370 799 23
-361 -338 53
-183 461 67
1072 -876 28
-716 -1072 75
707 -381 17
1097 1105 13
-914 954 17
1034 -554 9
770 1140 11
-274 -390 71
-815 532 22
930 -743 51
737 992 43
68 -269 83
929 -250 73
7 -948 99
925 -306 18
731 865 41
862 815 52
-641 112 53
284 272 86
464 880 21
-541 673 41
-883 -225 72
-899 -768 11
52 -250 25
-881 -985 41
-1012 -372 24
938 79 41
468 29 73
633 41 18
-483 1136 85
753 -81 93
-983 908 5
554 -431 6
1061 404 43
-916 1013 5
-383 278 94
-161 309 86
-948 407 17
586 -74 72
-976 -796 7
-1041 467 92
-545 -95 97
736 -7 53
-829 214 17
-947 -688 14
-194 -235 57
-578 -565 90
-681 825 95
12 -943 81
-61 -547 93
801 405 75
-59 -14 23
585 916 97
-844 222 43
-771 -615 37
124 486 3
-312 565 41
-60 1132 55
908 -457 28
1046 991 94
773 536 2
-1117 515 58
1108 970 25
-68 -734 57
-845 710 42
348 951 46
566 612 65
76 1123 8
1096 691 12
-62 776 97
-75 -567 6
-637 -219 71
-59 -555 14
404 360 87
-787 188 46
102 1095 84
216 -466 17
-698 -333 70
899 -728 41
-497 462 33
302 1063 8
471 410 0
-102 255 61
-377 -643 58
-767 -803 7
-265 -1118 78
-424 -183 53
60 66 43
559 -555 63
722 776 15
-386 575 53
211 451 61
-580 -954 29
673 844 85
498 37 83
-119 -322 78
-541 913 15
-168 -946 63
-148 -902 59
-597 -75 20
575 -1143 4
433 -798 43
-280 42 60
-1019 -411 71
999 -1095 84
-35 -868 58
25 216 41
-551 -987 0
-1103 -432 44
-534 -163 91
864 -294 63
-750 -1045 37
68 284 24
912 -1109 36
-709 -307 73
-164 -796 54
847 700 93
-405 -206 86
-370 507 59
381 -646 9
-1058 -555 10
-1118 -665 76
-266 -162 29
-805 534 93
911 -904 16
631 77 86
803 -393 54
-299 -410 60
174 761 86
617 -826 21
-783 -1130 70
-595 -627 13
-823 -623 35
770 669 79
-143 417 74
-530 -207 56
-473 14 56
-192 -1138 35
396 -976 7
1052 776 6
62 -643 81
-922 -312 51
-241 1136 8
-72 -925 40
-186 -628 87
-512 697 25
-214 -527 92
-807 -435 51
-231 887 50
418 753 9
873 247 20
818 -97 3
-617 689 38
58 930 16
1090 989 64
-25 -10 38
958 -184 17
-99 831 92
-1094 1090 26
-732 -1108 90
-1068 -163 19
997 -678 12
-674 -729 91
-659 360 81
276 463 57
133 670 0
268 530 38
-223 653 69
902 -774 10
-839 62 22
-1037 877 16
-125 -118 63
-771 1074 89
-876 848 93
131 -898 77
-614 227 8
136 55 42
332 -854 83
703 1128 34
511 -317 21
93 1020 27
416 -323 45
-154 0 82
582 -784 4
961 724 5
-244 -370 96
-316 497 26
714 297 26
-871 255 49
558 82 21
-963 387 44
-579 -865 58
-48 -694 19
-966 233 6
-232 1069 2
418 -205 20
18 -59 11
-228 -996 72
909 -884 62
-798 148 10
-45 -156 61
4 759 46
-21 1075 96
-954 606 9
393 -365 99
909 -67 2
32 -1017 23
573 -30 88
-793 -318 4
-207 72 77
203 -222 93
-227 -1113 2
-276 -944 36
699 -1039 36
766 -447 6
279 139 45
-897 782 82
753 533 7
-777 456 11
-944 -438 8
-549 477 64
-409 -9 63
353 604 27
-942 -63 65
998 137 20
970 719 83
-1096 605 12
-459 -1011 81
-1044 1015 94
-551 -347 4
-1090 -1026 67
143 881 25
-1030 749 31
-816 -812 97
-356 -1122 48
41 44 8
315 780 73
-1015 -763 34
-772 720 79
-954 -895 45
493 794 50
-761 -901 23
94 148 28
-720 -1018 71
537 750 39
672 901 36
-494 -165 98
701 965 60
-298 903 55
-583 927 9
-369 159 90
-830 1139 11
-141 -22 36
-695 -148 37
-981 1 31
713 -314 89
-308 -1048 13
1105 287 24
951 708 91
-578 276 91
731 -165 33
956 -501 4
-187 313 20
-102 -982 59
-907 209 34
-865 611 56
116 -325 25
134 734 54
-698 -523 54
-727 359 6
-102 1006 22
-827 299 14
820 -944 63
-412 -524 48
-255 1036 92
-816 -265 18
117 -284 18
197 450 75
-913 979 17
-434 695 94
970 771 96
665 975 38
-1050 1106 11
296 737 31
1129 -706 62
-253 -118 72
-938 627 77
284 -418 30
-444 -501 34
673 602 68
-290 103 97
-52 159 67
-513 257 39
-66 157 26
-827 -1018 40
1020 -620 68
-515 687 5
552 633 72
19 -795 75
897 -479 98
638 -714 91
-746 233 30
-434 -1102 30
-324 823 18
546 583 64
493 -784 53
-483 644 40
844 756 64
-793 -347 7
531 -412 17
-785 51 54
-708 986 13
495 591 6
1140 455 53
-444 -572 46
1040 -210 96
499 -391 16
835 1038 46
87 -306 20
401 404 80
87 1051 28
-476 961 83
669 597 59
-258 10 83
1034 -250 84
-24 1093 90
368 -918 96
-433 485 40
-1047 -983 46
-195 832 14
-1138 -422 80
-499 -164 32
-26 -1138 83
170 -807 23
389 590 68
369 1090 90
-109 -318 80
-130 -7 19
1095 -956 13
-339 601 1
1096 510 33
122 455 95
-978 1060 43
818 415 75
-241 48 98
-1088 373 45
73 492 89
698 620 56
-606 184 95
-133 506 89
-661 -1086 82
-312 1092 24
559 918 20
255 -738 62
-1001 916 25
909 -678 100
-23 61 31
597 -424 37
290 1139 5
-974 -642 33
345 -688 93
-904 373 30
47 -882 56
-459 154 20
957 -624 36
-572 23 96
799 114 67
-114 -953 8
1009 -671 44
-386 -475 64
36 167 83
337 119 48
786 702 71
934 598 73
-693 292 58
-848 -640 46
955 55 74
-212 -71 75
997 869 66
-256 1093 40
288 237 71
-337 -351 20
671 -791 16
-325 221 56
811 804 67
-374 1082 17
-550 1015 79
220 -535 45
415 64 55
223 806 43
1116 167 37
617 471 80
746 -727 1
435 83 1
108 -500 29
-87 190 59
-593 -375 81
177 592 22
-994 -401 50
753 -616 52
520 1103 12
-1094 512 53
182 262 86
-538 -417 11
-412 495 4
-706 -236 69
1065 448 34
-966 947 71
571 -569 2
-1026 553 79
594 476 72
-621 -1110 42
49 74 99
-991 626 28
-769 1031 89
561 28 74
312 -347 95
-1010 660 100
-957 764 24
-1067 428 83
-209 -883 64
523 60 51
-18 440 67
-1123 744 48
362 -1127 8
168 -710 76
-895 -953 17
904 1072 52
323 92 78
996 -21 1
388 -243 93
294 1078 100
580 -722 92
-1026 1090 92
-1062 143 83
-397 -1107 97
-4 -253 67
-966 806 4
-589 814 57
820 432 29
-106 1086 74
236 -455 13
-194 -457 76
219 -504 47
-578 722 51
-142 -431 75
818 505 11
893 978 56
30 -682 46
946 -622 78
-342 -388 77
82 -583 38
-923 332 86
-205 -1112 81
-953 -714 50
-899 1006 60
-553 -251 14
588 -1064 80
481 -130 1
368 -253 40
-305 -979 27
-108 -748 63
-874 -1074 18
-368 -254 84
315 -404 35
-17 701 73
-971 1086 23
323 300 98
-549 -695 85
-161 -557 55
401 923 94
-142 -233 20
220 -855 12
627 343 74
-1048 461 29
-392 -337 93
-798 124 68
-331 531 4
-53 -387 48
566 19 59
854 741 59
-360 -1050 88
-1053 -903 53
142 -1141 19
558 889 17
-618 -806 85
1092 -1136 18
1000 -11 39
-137 -252 12
783 -473 2
-729 852 42
-1143 -385 83
-513 11 22
-1106 -281 19
720 540 58
-837 -995 72
-247 400 80
272 -750 44
-144 850 67
-206 165 44
662 601 33
-257 217 40
-577 229 43
161 -864 56
-78 787 66
-925 433 17
344 -51 2
275 881 21
-1128 450 80
751 -24 81
1065 520 10
-57 616 61
1023 -78 80
53 261 0
502 1119 80
-169 305 67
630 -367 1
908 -921 28
688 463 26
979 31 63
746 -1073 2
802 -747 72
421 1007 21
-252 -64 78
233 -681 5
-193 186 30
-402 514 79
-770 70 10
-209 882 94
-482 -710 85
-481 -273 7
-20 668 75
726 -1128 98
-137 -597 80
-670 -119 72
-171 629 94
612 569 1
479 150 81
477 -727 90
774 469 70
53 790 26
946 112 47
635 -932 63
-28 861 63
9 -622 88
-473 -462 6
161 -906 5
-314 -237 28
994 -535 88
-406 863 8
616 -1133 7
1015 92 43
-929 -288 64
608 -778 92
712 1127 100
-1066 -93 73
-580 -401 95
966 694 7
42 222 10
1008 768 9
995 -517 68
126 842 100
-904 548 62
91 -1 64
-229 -350 7
-184 572 95
-320 -45 21
1131 -314 54
715 -676 66
1012 1124 79
50 201 16
1023 -82 67
718 586 96
815 -329 10
-642 -1030 5
-518 -783 42
-1070 73 28
-569 -1116 78
610 -926 58
-372 994 33
-441 -1060 51
-547 122 45
-422 -49 14
-1100 1049 14
-461 568 67
520 -521 86
385 -1120 60
336 -919 78
1008 373 64
500 375 24
-116 227 78
1056 296 58
-752 1058 15
-1058 -346 25
-1023 -661 66
392 255 93
-1137 836 93
-865 -683 60
-1100 -959 15
-317 -785 27
881 522 72
-730 219 93
-751 1117 21
511 74 20
-464 -509 70
-341 -567 13
-159 -572 71
336 -765 55
-75 798 39
-1061 723 6
-1029 613 41
493 -156 100
-133 -985 99
390 -830 37
546 356 38
-703 783 87
454 631 35
937 -14 47
-157 -643 62
289 -347 83
-885 -1008 32
809 877 93
-1018 193 55
-1048 -1068 36
-543 29 15
-467 -630 66
-633 1097 38
-813 -766 47
-920 -225 71
-543 -75 84
-1067 -458 40
977 703 92
-712 147 78
-918 -646 36
2 1
3 1
4 2
5 4
6 3
7 1
8 3
9 4
10 6
11 6
12 2
13 12
14 1
15 4
16 14
17 1
18 1
19 4
20 9
21 14
22 5
23 2
24 8
25 13
26 11
27 14
28 2
29 10
30 23
31 3
32 12
33 22
34 31
35 12
36 23
37 25
38 34
39 13
40 18
41 16
42 6
43 13
44 25
45 25
46 11
47 4
48 25
49 34
50 46
51 42
52 14
53 10
54 48
55 26
56 13
57 48
58 22
59 7
60 7
61 53
62 59
63 38
64 39
65 30
66 55
67 33
68 18
69 36
70 61
71 63
72 63
73 43
74 51
75 7
76 35
77 71
78 7
79 3
80 33
81 18
82 38
83 71
84 2
85 72
86 9
87 11
88 9
89 41
90 67
91 80
92 50
93 23
94 82
95 50
96 78
97 37
98 71
99 57
100 56
101 37
102 4
103 23
104 75
105 67
106 20
107 21
108 13
109 20
110 94
111 9
112 67
113 96
114 25
115 113
116 41
117 116
118 53
119 45
120 28
121 32
122 8
123 49
124 5
125 86
126 9
127 80
128 32
129 74
130 87
131 112
132 71
133 44
134 35
135 13
136 69
137 90
138 108
139 101
140 63
141 75
142 21
143 94
144 35
145 44
146 115
147 52
148 131
149 130
150 24
151 32
152 1
153 118
154 83
155 36
156 42
157 92
158 100
159 38
160 95
161 45
162 47
163 82
164 152
165 114
166 142
167 40
168 77
169 95
170 162
171 147
172 52
173 116
174 94
175 36
176 24
177 54
178 109
179 47
180 127
181 47
182 144
183 116
184 162
185 170
186 6
187 95
188 30
189 133
190 146
191 40
192 85
193 175
194 172
195 20
196 126
197 18
198 54
199 135
200 144
201 162
202 31
203 150
204 24
205 55
206 180
207 125
208 35
209 207
210 152
211 170
212 175
213 54
214 1
215 134
216 163
217 213
218 89
219 39
220 124
221 119
222 98
223 151
224 143
225 143
226 9
227 163
228 163
229 44
230 198
231 36
232 72
233 11
234 169
235 77
236 225
237 129
238 169
239 117
240 159
241 150
242 75
243 94
244 1
245 75
246 67
247 116
248 170
249 69
250 146
251 121
252 62
253 184
254 174
255 139
256 119
257 13
258 151
259 123
260 240
261 216
262 29
263 71
264 58
265 147
266 87
267 148
268 5
269 33
270 241
271 111
272 188
273 43
274 92
275 193
276 215
277 115
278 261
279 99
280 115
281 68
282 92
283 132
284 165
285 183
286 166
287 149
288 240
289 169
290 223
291 18
292 53
293 59
294 275
295 247
296 182
297 201
298 51
299 68
300 18
301 219
302 270
303 255
304 244
305 287
306 134
307 207
308 187
309 241
310 173
311 246
312 166
313 201
314 188
315 10
316 186
317 73
318 75
319 194
320 311
321 164
322 311
323 133
324 235
325 136
326 103
327 1
328 159
329 61
330 166
331 321
332 139
333 256
334 217
335 181
336 168
337 193
338 116
339 90
340 76
341 21
342 309
343 145
344 227
345 196
346 276
347 33
348 87
349 216
350 301
351 35
352 8
353 29
354 107
355 241
356 219
357 231
358 356
359 169
360 161
361 175
362 182
363 279
364 310
365 94
366 306
367 242
368 220
369 49
370 307
371 312
372 300
373 371
374 10
375 274
376 321
377 70
378 115
379 26
380 183
381 302
382 143
383 271
384 379
385 180
386 276
387 90
388 119
389 100
390 275
391 271
392 76
393 232
394 158
395 109
396 278
397 351
398 132
399 285
400 299
401 351
402 193
403 173
404 259
405 287
406 290
407 87
408 238
409 158
410 148
411 157
412 141
413 42
414 260
415 323
416 100
417 9
418 275
419 110
420 253
421 248
422 385
423 164
424 278
425 383
426 209
427 18
428 53
429 14
430 285
431 34
432 196
433 411
434 93
435 178
436 92
437 154
438 14
439 371
440 353
441 428
442 258
443 43
444 295
445 388
446 298
447 190
448 47
449 189
450 172
451 174
452 145
453 330
454 12
455 323
456 382
457 12
458 317
459 117
460 240
461 112
462 101
463 170
464 72
465 342
466 66
467 49
468 266
469 467
470 18
471 263
472 235
473 304
474 8
475 129
476 380
477 181
478 316
479 140
480 331
481 463
482 333
483 281
484 334
485 106
486 407
487 316
488 40
489 399
490 292
491 401
492 96
493 72
494 145
495 253
496 323
497 287
498 246
499 195
500 273
501 106
502 293
503 365
504 166
505 123
506 99
507 7
508 151
509 152
510 408
511 369
512 422
513 319
514 284
515 507
516 113
517 172
518 382
519 481
520 329
521 257
522 313
523 307
524 402
525 406
526 463
527 41
528 67
529 118
530 505
531 242
532 21
533 84
534 145
535 28
536 134
537 235
538 236
539 21
540 410
541 349
542 249
543 172
544 87
545 525
546 22
547 212
548 412
549 469
550 399
551 7
552 78
553 145
554 12
555 102
556 144
557 414
558 191
559 220
560 118
561 396
562 365
563 140
564 485
565 192
566 91
567 107
568 130
569 10
570 499
571 208
572 36
573 452
574 364
575 228
576 26
577 122
578 29
579 365
580 14
581 324
582 348
583 263
584 449
585 311
586 181
587 452
588 503
589 468
590 68
591 20
592 401
593 463
594 115
595 525
596 179
597 530
598 532
599 192
600 7
601 216
602 20
603 158
604 309
605 230
606 86
607 73
608 558
609 37
610 494
611 141
612 57
613 569
614 279
615 67
616 353
617 268
618 532
619 402
620 427
621 149
622 408
623 287
624 50
625 305
626 482
627 105
628 512
629 494
630 343
631 93
632 137
633 451
634 469
635 332
636 229
637 2
638 508
639 207
640 246
641 302
642 496
643 470
644 510
645 409
646 96
647 110
648 335
649 6
650 16
651 394
652 440
653 100
654 360
655 214
656 258
657 210
658 223
659 320
660 448
661 229
662 331
663 647
664 589
665 349
666 189
667 159
668 431
669 424
670 49
671 379
672 359
673 405
674 673
675 334
676 262
677 438
678 305
679 348
680 597
681 439
682 412
683 570
684 150
685 617
686 166
687 357
688 285
689 592
690 384
691 683
692 450
693 369
694 569
695 142
696 362
697 565
698 373
699 182
700 149
701 692
702 483
703 553
704 112
705 27
706 33
707 428
708 1
709 118
710 497
711 45
712 175
713 294
714 554
715 563
716 197
717 572
718 460
719 562
720 512
721 669
722 184
723 412
724 135
725 464
726 117
727 674
728 597
729 579
730 665
731 428
732 447
733 91
734 610
735 442
736 182
737 95
738 571
739 13
740 298
741 572
742 310
743 266
744 401
745 476
746 34
747 388
748 163
749 502
750 565
751 100
752 74
753 632
754 705
755 668
756 348
757 694
758 225
759 693
760 327
761 432
762 289
763 246
764 722
765 115
766 415
767 645
768 21
769 1
770 380
771 363
772 548
773 625
774 572
775 84
776 751
777 103
778 626
779 637
780 346
781 706
782 94
783 42
784 460
785 177
786 319
787 421
788 602
789 333
790 591
791 261
792 624
793 187
794 551
795 381
796 505
797 294
798 364
799 114
800 104
801 161
802 215
803 354
804 361
805 683
806 113
807 723
808 500
809 225
810 408
811 685
812 10
813 56
814 318
815 12
816 130
817 441
818 295
819 617
820 134
821 155
822 501
823 84
824 567
825 428
826 618
827 175
828 823
829 80
830 673
831 5
832 827
833 224
834 215
835 587
836 379
837 376
838 240
839 113
840 538
841 650
842 465
843 88
844 807
845 109
846 124
847 409
848 368
849 430
850 578
851 314
852 264
853 7
854 783
855 27
856 34
857 763
858 703
859 774
860 79
861 283
862 824
863 541
864 673
865 861
866 534
867 273
868 562
869 499
870 82
871 743
872 457
873 256
874 419
875 554
876 846
877 371
878 228
879 302
880 16
881 258
882 623
883 654
884 359
885 345
886 669
887 154
888 543
889 617
890 118
891 877
892 249
893 113
894 865
895 685
896 239
897 56
898 569
899 58
900 304
901 525
902 399
903 74
904 270
905 717
906 875
907 2
908 655
909 524
910 768
911 347
912 724
913 629
914 405
915 459
916 496
917 78
918 311
919 466
920 699
921 180
922 849
923 78
924 742
925 749
926 520
927 251
928 760
929 721
930 528
931 796
932 407
933 488
934 490
935 406
936 565
937 648
938 913
939 931
940 870
941 292
942 808
943 20
944 116
945 261
946 318
947 610
948 476
949 188
950 211
951 766
952 567
953 590
954 899
955 716
956 936
957 588
958 293
959 645
960 414
961 265
962 19
963 390
964 826
965 34
966 882
967 897
968 470
969 945
970 650
971 510
972 408
973 233
974 932
975 513
976 209
977 356
978 835
979 689
980 350
981 281
982 506
983 484
984 373
985 23
986 133
987 834
988 528
989 96
990 262
991 644
992 106
993 638
994 857
995 72
996 176
997 386
998 876
999 863
1000 983
