100
372 316 168 126 285 290 437 118 295 144 444 27 138 480 16 494 329 411 232 393 135 387 320 365 298 21 414 33 500 443 490 132 199 152 325 301 493 328 113 181 93 349 465 328 416 438 92 115 19 47 59 409 240 45 40 281 84 423 312 316 4 117 31 423 295 201 366 107 274 208 422 204 304 302 120 242 92 231 172 479 477 108 69 172 398 49 280 241 55 433 289 288 167 96 195 469 413 315 196 134 
30 91 119
5 8 181
55 92 346
17 17 216
23 55 123
93 100 202
45 78 215
23 61 166
11 36 302
7 38 42
27 61 280
1 6 151
19 27 82
9 9 230
6 76 363
12 25 154
8 16 272
50 65 348
3 24 498
18 63 205
12 41 430
10 94 460
26 72 262
11 83 164
32 33 36
13 14 33
2 9 299
14 15 115
32 81 382
1 29 377
4 46 350
30 34 298
1 3 232
33 44 140
28 63 390
76 77 224
33 65 370
9 84 75
59 70 414
19 63 140
2 2 246
11 41 197
5 54 478
19 89 322
3 8 62
38 39 303
30 52 32
64 71 458
13 46 475
2 12 40
25 79 457
19 47 204
71 96 319
17 94 366
16 23 116
11 95 44
36 76 101
38 43 450
36 45 374
32 33 364
10 86 207
68 94 294
36 77 43
36 61 375
19 96 119
3 72 462
6 35 469
6 75 353
3 63 78
20 55 236
25 43 163
25 31 215
24 32 297
66 86 96
29 99 24
5 97 324
58 59 46
59 78 482
79 83 8
7 45 128
48 84 367
8 11 361
11 24 474
1 2 281
50 51 284
1 2 121
40 64 335
8 96 276
4 10 102
32 33 344
10 53 74
38 56 493
63 65 130
5 12 22
10 43 297
35 64 421
15 38 339
9 55 433
5 63 235
8 25 24
