1000
427 199 447 218 292 9 312 391 80 431 430 276 283 356 334 330 483 460 87 97 90 419 428 41 173 181 211 476 40 41 470 9 151 125 324 286 173 32 420 68 494 293 394 317 90 207 126 30 36 290 257 258 308 141 377 83 329 4 192 228 262 4 20 499 55 420 466 251 223 366 476 153 215 79 431 178 389 31 85 104 194 277 467 354 496 102 6 433 377 326 35 228 404 323 65 206 173 413 346 183 91 491 500 384 287 276 1 403 204 216 309 175 241 29 388 95 246 449 260 57 263 229 315 12 13 439 475 438 39 419 333 168 276 295 21 31 293 397 225 21 178 253 212 198 196 411 84 143 234 274 285 328 404 154 232 333 295 468 437 335 158 351 224 208 436 36 146 229 251 245 454 238 308 79 249 231 316 311 120 373 59 310 383 414 219 499 487 389 72 93 444 138 305 340 11 18 309 153 295 445 483 113 432 15 478 465 189 197 129 408 415 108 407 429 94 47 134 488 367 366 289 246 270 149 226 79 380 65 24 488 165 481 246 85 332 225 192 396 343 48 363 103 121 390 312 410 269 96 39 65 196 358 242 428 302 5 435 248 145 231 61 489 299 468 336 36 253 491 306 460 335 104 286 123 282 474 467 174 108 223 332 1 119 483 78 315 400 443 149 86 81 379 288 281 481 406 16 99 259 116 296 152 370 17 366 453 139 332 147 280 319 462 411 56 315 36 371 258 273 29 356 53 429 89 425 164 343 55 288 161 39 158 257 144 390 39 342 100 127 152 18 465 423 175 144 15 320 260 7 214 208 433 280 439 52 121 43 5 98 115 422 439 12 352 406 481 190 218 423 329 343 70 94 337 251 256 173 454 367 153 263 315 1 386 381 53 242 255 371 421 197 10 391 333 258 382 311 115 407 470 321 464 310 402 280 411 215 268 104 472 383 390 267 64 297 451 390 430 291 415 222 95 441 105 207 374 286 416 196 369 387 43 484 48 480 252 64 112 235 302 51 158 224 95 34 409 479 62 240 160 80 278 293 424 440 22 81 10 262 106 332 12 357 17 132 222 1 368 322 3 312 320 360 159 138 412 434 403 315 214 367 127 488 466 139 372 316 22 231 54 321 248 185 183 321 305 184 345 450 483 50 289 257 77 116 148 374 361 453 274 313 235 211 436 55 320 199 150 305 430 375 38 252 426 33 163 328 417 65 34 62 43 131 81 427 465 406 285 267 250 200 121 330 285 448 19 214 397 228 39 149 364 238 285 45 100 313 408 273 199 471 500 269 214 498 132 221 440 324 57 190 67 403 489 497 392 257 295 128 431 175 494 406 386 244 144 347 286 45 245 60 289 298 408 164 70 275 101 351 22 428 404 101 249 410 257 27 148 287 477 354 412 36 147 444 278 89 218 2 144 136 179 406 1 214 250 70 245 170 57 109 99 15 363 195 446 152 250 407 209 190 32 178 274 231 468 209 462 204 404 15 319 80 317 106 369 354 237 167 477 11 440 64 123 153 458 321 63 487 432 205 99 122 489 246 403 263 403 391 225 259 354 85 401 291 212 232 139 359 141 368 28 477 365 327 147 146 236 493 149 353 174 33 175 207 327 433 398 26 468 61 382 192 47 72 200 270 287 437 278 142 28 12 373 137 321 359 53 265 270 222 2 275 452 48 123 340 391 276 74 226 124 32 119 412 147 69 6 101 143 415 426 44 179 331 400 179 471 394 326 288 388 108 140 237 187 253 196 119 477 6 465 496 471 195 183 27 148 23 25 60 483 141 483 184 173 22 284 143 352 214 247 261 245 251 258 234 171 124 283 178 172 15 50 87 248 22 190 488 331 114 247 238 188 200 21 449 376 207 311 189 407 179 462 433 217 412 35 456 139 290 298 122 125 392 257 69 103 494 320 377 471 451 42 80 314 190 372 426 180 173 88 365 221 423 453 288 205 243 137 173 164 350 295 59 471 151 34 165 362 401 85 116 94 33 29 454 252 286 236 208 234 129 331 302 322 432 30 117 437 126 371 278 494 20 120 296 103 203 473 218 414 385 365 294 56 324 44 312 339 173 413 391 210 21 44 21 73 198 107 146 360 375 65 283 284 25 491 183 240 185 150 157 134 94 69 39 202 449 371 226 50 149 499 39 71 380 412 162 282 291 159 333 215 425 227 87 330 436 187 70 323 399 358 298 264 255 471 446 399 226 10 120 2 292 459 488 269 274 65 449 363 97 494 447 265 445 117 176 337 101 320 474 351 340 371 112 420 140 484 
469 617 405
39 177 217
475 722 272
8 318 119
12 29 274
360 520 30
153 262 151
112 613 369
133 255 127
283 378 394
79 833 153
529 845 303
673 714 368
279 280 482
17 25 367
61 199 12
92 224 399
324 449 444
41 378 167
41 525 51
240 963 194
482 596 449
171 564 130
275 972 462
127 162 316
407 409 318
14 21 297
98 749 186
2 856 209
28 729 21
328 351 202
411 705 374
549 817 178
526 602 293
310 412 321
249 396 150
47 382 467
159 448 397
33 72 391
133 147 121
83 154 236
391 433 359
16 567 366
399 545 449
334 493 425
450 903 29
358 384 85
49 110 65
38 344 25
27 140 488
88 170 25
254 977 27
140 393 89
274 897 267
297 781 104
23 160 8
166 528 429
55 120 289
168 443 409
321 390 373
6 19 352
17 107 162
326 472 461
11 37 80
489 607 471
197 572 131
721 735 350
352 780 114
272 447 186
641 783 72
589 814 101
240 627 310
21 889 107
359 637 290
51 116 172
220 316 283
1 245 251
50 539 426
35 385 351
47 108 85
202 233 403
446 467 37
225 302 398
191 219 66
166 627 234
417 561 285
237 926 392
778 889 71
442 502 364
12 89 399
489 764 71
271 290 337
54 64 459
546 735 193
356 983 61
115 172 325
518 585 460
9 439 246
484 610 57
209 214 94
270 400 112
252 974 39
76 576 385
231 387 57
132 515 112
64 649 173
6 263 223
113 120 78
80 125 10
2 5 297
279 428 242
27 114 290
15 51 481
27 199 351
314 391 126
742 932 244
347 441 123
611 725 39
340 359 47
253 935 308
2 82 417
43 237 64
62 312 226
143 195 265
154 431 391
267 573 442
237 475 177
331 390 86
24 170 97
367 386 213
557 655 228
666 851 196
450 618 281
305 381 191
697 990 48
369 485 394
148 512 434
290 955 87
386 418 488
10 19 241
278 554 293
85 172 406
111 528 301
338 534 378
373 543 483
350 471 287
285 517 474
377 970 4
420 812 138
231 741 277
142 519 160
392 402 395
85 158 391
261 387 224
407 879 170
19 24 213
15 760 204
731 796 145
241 853 221
109 995 251
674 967 145
15 198 134
212 412 71
238 481 432
26 212 461
20 43 326
282 463 433
567 767 301
75 408 338
622 876 331
608 683 322
2 23 245
348 926 353
193 289 193
386 710 40
135 338 461
42 108 444
503 716 455
194 919 289
543 830 391
667 755 360
109 640 352
270 320 59
499 882 151
519 737 475
8 124 75
377 417 88
316 568 71
81 196 345
557 796 142
372 566 109
64 83 227
132 634 414
218 722 364
361 818 340
22 769 343
797 798 311
2 289 385
374 789 352
35 107 472
613 692 133
89 331 267
41 859 237
235 243 125
80 904 138
94 124 470
405 846 280
114 213 172
614 963 213
390 430 224
7 303 40
61 881 476
78 254 333
47 438 22
451 824 308
379 528 416
479 948 97
145 399 338
158 269 247
277 565 56
138 154 264
244 415 485
726 836 226
2 6 67
3 18 22
37 175 319
32 41 485
106 324 337
315 496 189
78 822 449
191 230 354
381 400 126
54 363 400
65 73 474
731 906 293
197 198 286
112 120 488
270 356 458
551 584 4
507 942 91
28 747 450
75 780 255
62 227 349
287 665 236
2 30 493
66 136 457
80 104 172
130 746 212
267 502 33
285 534 23
192 780 303
54 86 491
18 19 263
154 242 62
99 503 495
51 140 74
80 248 402
218 301 135
199 873 234
639 857 421
246 395 377
47 635 4
638 899 222
702 797 353
127 382 306
756 917 128
241 479 475
309 586 464
631 943 243
370 417 15
225 884 4
142 263 209
8 684 91
134 159 462
18 20 158
362 368 443
20 74 204
242 646 463
6 8 490
388 433 4
443 767 67
5 142 168
839 918 33
68 147 258
37 142 111
45 248 474
94 417 273
574 654 37
633 642 298
211 515 8
169 337 273
17 23 132
813 854 356
123 632 448
66 452 280
6 12 265
75 756 58
423 816 125
113 396 350
579 974 190
2 11 98
185 189 178
45 249 272
125 239 271
62 118 420
396 398 287
200 634 26
13 813 200
23 578 25
436 632 258
244 1000 266
113 581 15
165 232 98
277 441 295
26 115 332
68 404 109
141 147 4
297 455 155
680 736 222
109 202 388
47 338 229
428 993 390
194 618 340
36 120 409
186 202 266
674 932 47
130 856 284
10 12 155
708 917 443
109 249 385
210 935 107
16 106 133
40 167 483
715 997 88
166 497 73
325 654 236
305 514 229
670 858 460
600 717 170
19 232 480
345 775 213
144 436 196
86 551 45
121 903 143
135 199 267
633 711 222
441 963 180
115 153 93
123 162 65
745 799 219
186 702 172
2 2 310
4 128 297
197 280 25
18 61 327
35 779 221
128 501 174
130 640 247
89 393 263
48 253 31
497 881 258
282 833 388
418 769 321
308 830 292
45 56 216
85 388 59
248 290 138
420 620 281
166 223 389
274 498 239
34 844 157
92 264 282
199 328 380
131 157 275
318 983 106
91 133 4
17 166 63
278 367 323
535 981 481
61 98 358
215 284 348
127 433 220
89 329 259
514 756 471
103 154 144
798 984 181
92 472 208
7 111 440
228 857 78
182 539 363
128 349 248
119 287 384
6 17 147
389 480 102
173 266 420
149 170 232
95 224 82
529 887 85
536 765 204
378 737 493
88 413 317
323 343 367
160 521 139
81 191 279
322 709 174
394 801 166
217 854 197
31 569 431
632 909 283
94 122 464
59 387 188
132 815 151
53 112 331
952 957 16
615 945 353
12 498 185
35 146 227
444 848 114
56 819 349
81 334 429
32 38 168
78 166 387
485 861 240
490 618 387
252 348 66
535 701 288
109 722 184
144 558 81
144 326 24
80 705 224
50 674 10
440 629 213
645 677 9
647 785 415
85 178 193
256 932 402
364 590 99
127 128 413
16 109 71
27 226 472
96 163 238
250 520 264
167 323 176
553 824 53
97 214 191
246 722 441
167 192 260
106 210 49
72 256 278
223 913 141
254 1000 1
594 839 493
39 386 65
576 968 183
314 377 242
165 310 428
121 251 211
180 609 228
111 128 318
21 67 370
317 379 416
19 264 286
30 544 496
90 480 264
145 190 5
1 47 177
48 176 441
38 47 452
42 380 86
575 579 200
220 932 251
326 447 122
108 712 315
33 704 403
102 326 174
455 981 475
325 431 496
174 993 205
1 21 360
448 974 310
184 218 377
21 50 100
333 837 233
112 122 427
399 679 49
36 146 59
285 352 494
169 452 145
122 220 125
373 379 231
765 870 305
142 639 159
381 510 324
536 740 145
685 985 142
67 963 348
225 248 353
300 418 4
326 339 202
3 40 60
71 526 301
267 810 155
376 586 193
399 834 326
460 460 481
263 418 317
662 932 260
526 623 162
3 106 278
9 17 155
152 159 463
89 821 461
248 658 379
167 500 320
130 851 35
21 623 431
65 197 364
89 579 159
792 860 240
202 386 325
46 337 201
80 788 94
16 26 90
158 163 109
97 279 477
104 686 355
163 379 397
2 4 486
264 268 484
150 785 272
10 114 105
209 751 191
468 677 298
130 460 278
478 881 394
219 474 47
87 736 213
428 471 466
302 532 404
371 652 421
4 15 497
22 27 46
266 415 155
99 111 449
5 16 222
11 31 422
81 491 218
366 423 3
200 490 145
6 132 303
781 979 193
219 249 270
33 106 35
295 443 439
620 909 163
162 400 480
81 214 31
392 710 143
132 191 212
253 628 44
355 553 303
94 637 77
176 415 404
317 964 409
777 984 294
490 618 441
16 471 85
402 783 126
137 451 67
200 271 334
185 751 426
254 917 465
646 975 272
91 166 44
7 373 487
156 228 432
183 922 348
189 314 84
414 594 475
593 704 5
44 80 226
115 117 219
296 870 336
85 202 197
231 613 375
607 785 380
314 919 406
72 516 363
233 652 338
558 563 341
586 661 7
6 44 210
728 991 366
349 525 111
78 80 6
47 104 109
18 335 4
19 51 192
108 253 466
103 897 190
120 333 179
119 289 429
208 374 496
509 675 266
210 305 420
39 99 184
175 233 284
457 507 286
377 826 318
250 317 208
195 235 392
152 363 365
7 222 365
487 829 43
42 469 389
265 891 341
12 300 209
849 854 320
600 687 319
259 553 415
130 360 177
343 982 457
65 108 475
190 554 315
4 358 433
24 834 286
731 878 403
137 465 484
62 122 234
764 816 255
312 971 9
16 280 280
42 71 192
326 598 51
809 879 212
125 285 199
123 293 185
461 634 178
180 666 337
617 918 68
65 295 432
70 610 485
861 876 136
126 168 344
390 677 251
249 477 15
490 792 41
30 62 315
1 263 104
169 521 186
283 543 288
516 725 159
606 914 258
394 686 139
142 166 275
73 184 140
776 783 112
44 315 74
958 969 440
28 288 129
403 474 54
213 345 190
303 912 423
400 884 188
133 168 64
494 637 488
23 370 218
33 50 132
65 195 239
84 330 110
199 730 174
275 613 318
275 554 105
240 590 398
430 447 31
451 528 34
753 940 35
545 788 88
120 167 483
151 641 286
100 180 442
621 722 396
393 437 19
263 658 184
42 787 215
238 308 175
194 473 339
91 516 253
267 281 358
3 17 204
362 513 116
135 918 169
26 254 161
701 821 2
19 142 383
736 917 349
318 480 329
259 375 321
799 953 80
25 380 143
249 308 145
195 196 472
375 719 363
252 302 59
289 874 263
693 724 421
208 266 450
273 489 394
5 11 227
247 403 280
530 929 411
685 886 67
594 621 145
358 995 425
25 554 139
414 847 410
494 562 345
191 232 29
212 286 68
15 160 97
129 221 369
300 356 426
109 293 283
531 641 95
387 598 179
362 644 65
82 107 70
589 683 487
7 287 300
5 148 420
75 123 184
82 626 29
742 895 237
6 223 433
304 778 405
569 954 228
643 719 176
495 610 85
82 118 456
14 45 216
228 858 333
275 945 92
1 31 26
639 843 453
4 273 182
368 473 273
1 6 361
48 196 124
527 951 176
71 521 37
54 869 97
113 979 368
33 90 419
11 811 17
458 558 146
50 83 232
65 75 196
420 664 433
864 960 434
146 438 239
30 150 137
48 355 378
48 71 337
3 11 265
174 957 201
2 852 31
303 826 71
730 865 12
304 369 357
71 144 410
125 178 197
202 522 322
429 722 254
26 255 129
7 201 227
6 514 457
30 177 332
97 359 196
30 528 284
209 248 411
20 243 92
797 991 176
510 565 334
45 92 479
248 496 329
358 463 278
146 948 64
98 346 236
19 60 228
938 942 296
402 469 130
212 231 225
37 356 7
118 532 384
143 150 164
53 401 81
921 997 154
184 202 179
723 865 137
76 283 48
80 761 202
149 823 476
490 856 174
181 194 433
344 578 86
345 621 133
472 943 186
698 994 307
419 492 457
330 451 474
13 90 324
521 725 222
26 157 476
64 371 364
66 496 156
161 181 58
146 399 498
170 223 31
565 567 213
206 336 326
23 129 414
545 993 220
531 714 79
96 132 13
574 706 160
419 513 76
369 408 444
130 835 113
9 23 444
82 146 1
297 669 80
11 17 152
322 646 346
56 207 351
167 414 310
965 972 340
103 371 353
241 778 26
280 377 79
18 99 142
712 730 191
117 381 179
68 818 90
232 450 74
117 453 105
91 141 358
19 628 174
166 181 144
266 416 336
154 836 126
268 447 426
98 204 358
310 363 395
32 310 211
65 782 407
655 774 117
19 423 386
162 191 424
36 52 41
555 993 62
6 11 311
1 4 226
72 96 183
741 897 391
210 432 275
163 991 163
9 885 309
279 407 393
143 316 471
979 982 99
188 630 15
90 205 391
18 59 483
77 382 139
223 305 4
271 959 82
387 860 415
454 460 127
636 938 4
8 820 30
196 978 133
456 877 166
1 12 118
436 670 486
24 113 203
497 608 115
3 611 45
346 510 308
20 619 22
212 369 383
431 524 439
157 427 424
359 442 190
196 311 488
261 312 162
1 13 49
116 648 479
129 399 28
140 157 335
644 693 312
2 597 123
37 866 87
17 143 177
277 712 125
735 1000 325
770 982 474
350 999 113
295 356 195
33 609 342
114 473 241
240 250 34
149 546 492
122 173 155
215 291 314
80 917 129
26 165 191
301 395 298
288 741 255
490 679 125
287 482 32
289 454 252
232 604 200
88 118 47
607 865 62
273 299 410
89 283 65
245 494 238
149 243 92
121 173 67
378 793 123
16 814 101
102 197 150
689 902 315
90 350 332
270 668 182
36 508 169
136 424 289
69 76 292
340 348 114
135 226 424
226 900 446
3 4 450
764 932 85
513 671 449
97 210 12
83 550 492
749 979 348
117 227 328
217 569 336
157 621 23
169 243 248
590 628 454
612 745 36
331 595 417
215 363 52
666 676 209
273 998 32
423 889 407
273 665 402
427 725 197
6 7 155
43 58 342
215 672 475
25 159 255
24 424 317
57 266 81
122 269 149
181 273 294
219 324 223
42 161 494
275 959 257
193 487 418
214 437 446
79 396 105
71 360 16
646 923 341
112 112 360
106 261 375
354 406 85
56 799 311
291 892 400
65 74 255
40 638 321
69 371 453
108 195 109
572 636 293
116 179 67
415 634 392
115 300 273
516 545 72
390 395 114
367 386 263
109 271 171
739 989 178
107 402 407
164 227 342
113 322 294
550 660 222
171 554 470
445 479 221
