100
1 2 329
1 21 405
1 22 732
1 23 677
1 24 764
1 25 146
1 26 479
1 27 864
1 28 778
1 29 326
1 30 243
1 31 667
1 32 716
1 33 537
1 34 660
1 35 496
1 36 185
1 37 55
1 38 413
1 39 770
1 74 568
2 3 387
2 40 749
2 47 630
3 4 947
4 5 269
5 6 996
6 7 150
6 45 262
7 8 83
7 43 781
7 50 626
8 9 752
9 10 545
9 66 559
10 11 163
10 56 557
11 12 903
11 58 695
11 60 295
12 13 476
13 14 45
13 55 183
14 15 42
15 16 540
15 75 522
16 17 473
17 18 432
17 86 300
18 19 425
18 73 192
19 20 463
19 41 152
20 53 805
20 67 504
21 65 776
22 63 805
22 93 829
23 51 664
23 71 747
23 100 508
24 52 907
26 91 644
26 94 547
29 85 498
30 76 507
31 70 753
32 59 476
33 64 279
34 92 70
36 80 528
37 68 221
38 82 234
38 87 576
39 42 206
41 99 955
42 49 401
43 44 257
43 46 117
43 84 600
47 48 267
48 54 235
51 62 53
51 95 183
53 83 1
54 57 969
54 81 7
55 69 797
57 61 741
59 97 22
62 78 235
67 89 48
68 72 780
70 77 246
70 90 533
71 79 908
76 88 740
77 98 959
87 96 822
