100
1 2 978
1 21 534
1 22 207
1 23 405
1 24 458
1 25 205
1 26 295
1 27 729
1 28 327
1 29 132
1 30 163
1 31 153
1 32 474
1 33 778
1 34 565
1 35 623
1 36 971
1 37 69
1 38 669
1 39 945
1 91 72
2 3 105
2 46 1
2 68 767
3 4 220
4 5 412
5 6 189
6 7 508
6 64 70
6 98 626
7 8 168
7 94 185
8 9 70
8 55 303
8 75 855
9 10 239
10 11 176
11 12 172
12 13 415
13 14 441
13 60 596
14 15 737
14 95 801
15 16 960
15 73 248
16 17 92
16 54 926
17 18 976
18 19 634
18 41 197
18 77 850
19 20 541
19 42 957
19 89 21
20 57 43
20 59 788
20 63 654
20 72 584
20 76 796
21 50 886
22 51 634
23 40 945
26 44 893
26 80 690
27 47 225
27 67 600
28 45 567
29 61 672
29 62 885
32 52 624
34 43 62
37 86 588
38 70 6
40 65 688
41 48 238
42 88 122
43 97 751
45 56 495
48 49 183
48 69 317
51 53 938
51 66 842
52 58 409
54 84 732
54 90 293
56 79 759
57 92 328
59 71 948
59 87 169
60 83 87
61 74 257
63 82 330
65 85 865
69 78 994
75 81 484
77 96 343
79 99 855
84 93 806
99 100 884
