100
1 2 25
1 21 318
1 22 184
1 23 815
1 24 450
1 25 233
1 26 492
1 27 348
1 28 110
1 29 398
1 30 763
1 31 185
1 32 274
1 33 71
1 34 996
1 35 520
1 36 326
1 37 397
1 38 6
1 39 219
2 3 79
2 80 996
3 4 787
4 5 485
4 57 519
4 79 910
5 6 886
5 56 105
6 7 345
6 68 283
7 8 671
7 41 997
7 58 17
7 75 875
8 9 449
8 48 4
9 10 177
10 11 226
11 12 607
11 91 243
12 13 622
12 54 622
12 59 175
12 69 172
13 14 764
13 47 97
14 15 828
14 44 555
14 60 393
15 16 608
15 53 350
16 17 949
16 70 167
16 97 758
17 18 321
17 40 597
17 46 443
17 67 416
18 19 192
19 20 829
21 81 228
23 71 811
23 78 657
24 61 512
25 65 286
28 50 639
32 76 2
32 92 691
33 82 803
34 43 628
34 90 364
35 52 288
36 51 722
36 83 270
37 55 154
37 62 942
38 42 411
39 73 923
41 45 672
45 93 913
48 49 490
50 63 523
50 74 249
51 66 495
56 64 573
56 99 831
57 72 979
59 77 368
69 85 244
72 84 234
74 88 508
74 100 617
75 86 955
75 98 910
77 96 1
79 87 337
79 89 530
81 94 884
94 95 468
