100
152 222 132 73 117 265 470 348 242 427 224 15 346 332 353 18 168 107 149 488 387 329 466 300 24 105 47 42 449 120 4 278 189 245 25 251 212 203 294 216 169 57 351 11 153 171 3 475 401 148 35 72 239 475 152 364 220 57 252 136 286 183 313 211 388 76 46 14 78 26 287 373 216 402 475 109 112 188 29 267 124 180 48 140 212 9 474 373 316 284 450 476 394 197 125 119 101 84 14 326 
1 36 46 68
1 13 30 137
1 1 16 96
0 96 100 300
0 12 13 341
1 17 18 358
1 9 55 10
1 9 74 405
1 84 97 67
1 16 51 193
0 1 1 379
1 2 57 329
0 27 27 361
0 27 36 276
1 16 93 244
1 6 17 245
1 12 17 106
1 66 83 155
1 10 45 285
1 57 88 486
0 8 16 182
1 62 69 392
0 9 11 100
0 32 66 213
1 9 44 355
1 16 59 387
1 36 42 458
1 26 40 243
0 28 55 151
1 39 78 246
1 26 57 128
0 18 51 377
0 24 26 412
0 2 2 105
1 45 95 46
0 13 25 227
0 51 61 158
1 14 22 498
1 8 23 73
0 54 66 388
0 8 17 382
0 1 1 413
0 37 53 164
0 7 20 152
1 33 33 21
1 5 49 427
1 6 14 190
1 35 35 251
1 52 55 373
0 2 39 266
1 34 74 469
0 20 24 348
1 26 43 101
1 19 75 435
1 8 77 234
1 21 68 394
0 5 88 460
1 13 24 10
1 2 97 85
1 1 1 36
0 41 47 226
0 21 73 40
0 33 40 196
1 1 47 329
0 18 74 493
0 20 96 339
1 64 71 104
0 53 75 251
0 3 10 496
0 32 46 383
1 49 75 306
1 6 7 420
1 35 83 18
0 9 88 337
1 43 90 122
0 8 67 223
0 6 39 211
0 17 91 456
1 15 31 26
0 29 53 418
1 23 30 124
1 88 95 406
0 5 25 6
0 24 24 494
0 5 22 174
1 27 34 102
1 3 3 361
0 73 76 197
1 27 44 135
0 6 6 101
1 27 28 94
1 54 55 230
0 60 60 230
0 48 62 359
1 58 64 478
0 9 100 479
1 4 28 306
1 34 71 365
1 25 28 456
0 28 63 213
