1000
191 399 127 189 320 350 51 489 273 454 449 44 368 280 15 199 72 334 350 372 301 492 36 171 152 238 106 142 61 364 247 274 22 194 410 358 381 37 474 236 217 374 280 34 409 237 390 86 118 344 178 221 462 117 476 384 492 77 215 176 270 39 224 88 165 357 325 156 232 305 133 400 128 14 1 5 150 128 331 404 328 29 388 305 33 58 424 293 135 118 412 455 368 181 151 239 193 327 366 320 112 197 428 276 40 156 462 166 121 246 386 127 395 398 78 492 333 83 71 283 424 323 267 467 116 188 288 177 453 447 498 117 422 169 110 70 72 143 448 16 88 365 490 178 126 325 346 211 378 140 499 109 248 221 118 190 208 177 210 490 409 127 189 65 489 429 17 123 381 455 319 312 171 174 469 79 69 19 30 110 40 393 370 204 37 477 275 390 263 445 455 406 33 106 142 476 69 365 175 421 173 404 330 102 489 114 193 263 121 253 468 128 228 491 201 372 269 281 244 127 97 270 337 327 342 456 335 187 114 350 393 356 463 98 47 153 286 303 495 301 489 397 201 266 437 28 432 92 268 427 341 218 187 417 97 264 199 81 174 290 5 202 402 460 80 245 232 330 38 347 487 210 389 157 344 475 395 49 86 216 364 73 352 270 204 63 291 399 245 21 376 436 13 458 288 439 395 189 458 216 346 296 473 73 386 336 179 36 223 314 41 6 239 409 296 112 212 135 166 324 162 309 357 266 142 371 21 340 360 266 461 188 272 152 304 455 319 69 488 253 4 300 291 359 313 258 196 400 8 8 252 273 485 415 37 211 289 371 123 185 203 253 249 413 311 433 26 255 108 58 96 185 251 197 257 354 388 8 277 313 279 240 499 347 251 72 340 228 313 412 71 335 465 416 101 316 112 37 461 318 450 102 259 148 366 415 139 437 242 414 339 252 177 406 212 97 314 381 157 260 198 356 396 325 497 196 499 77 61 147 394 360 120 101 273 20 487 308 329 464 302 494 346 212 478 494 83 172 141 272 385 312 429 285 13 99 427 294 193 167 129 91 389 4 206 19 402 162 141 182 302 432 201 435 33 142 459 208 120 171 404 243 424 180 381 493 225 439 500 276 136 83 57 217 201 282 304 420 145 269 285 324 387 245 453 221 142 86 19 4 486 24 160 424 142 379 358 262 189 371 199 312 88 112 476 53 404 332 127 200 275 482 338 238 301 214 317 168 379 39 255 18 467 375 472 245 179 253 325 319 414 491 356 400 240 31 446 75 456 267 126 87 264 276 112 107 377 23 162 425 457 57 458 66 429 241 252 232 142 99 477 72 25 340 312 338 57 139 455 11 438 6 370 141 356 377 116 101 306 266 138 238 323 489 80 252 165 46 188 479 144 77 170 181 309 329 290 325 8 297 188 1 282 443 201 23 299 269 52 103 431 208 168 456 199 171 269 56 283 317 13 445 265 31 152 486 132 12 218 321 491 353 488 206 40 78 241 223 40 230 287 445 143 224 292 224 3 462 102 479 10 63 39 154 125 399 136 79 216 382 176 190 482 446 396 428 419 320 226 298 301 325 342 176 259 92 291 52 161 283 46 235 464 359 120 230 44 112 29 196 167 273 217 92 123 240 378 492 176 253 398 441 36 344 475 290 447 304 60 285 367 42 33 185 147 226 158 129 113 388 400 129 482 497 8 287 361 156 64 135 224 296 83 370 438 403 333 268 227 153 3 100 250 437 460 478 112 56 400 139 126 168 208 279 240 434 494 99 343 138 46 343 360 82 381 443 470 374 224 270 275 375 337 236 13 159 310 172 335 184 334 380 413 487 413 332 411 138 162 488 490 457 306 54 471 114 470 43 298 384 457 477 82 381 125 68 26 490 103 45 411 50 29 304 275 369 367 389 45 344 80 442 422 70 26 383 60 37 344 457 88 353 463 443 297 456 171 2 427 435 448 124 254 3 400 231 247 364 83 303 352 154 128 317 30 29 81 197 18 170 271 3 281 458 102 13 421 23 128 77 361 253 184 349 466 299 372 278 371 273 304 104 389 313 195 70 212 373 276 82 90 438 97 132 249 167 199 444 71 147 191 129 440 265 311 143 432 333 411 427 189 231 398 310 339 472 16 183 330 166 38 265 372 441 448 324 440 471 469 475 222 67 100 362 316 314 26 380 228 142 335 228 483 88 466 115 233 459 103 45 485 265 63 30 116 454 295 463 198 387 92 293 233 432 175 44 304 269 451 415 14 205 236 59 231 488 498 201 258 476 
1 416 817 48
1 325 904 157
1 392 619 441
1 22 641 350
0 3 13 297
0 94 105 68
1 14 16 452
0 268 417 418
1 4 25 361
1 316 575 452
0 342 478 292
1 800 919 372
0 433 789 351
1 522 965 25
1 103 125 406
1 361 372 376
1 406 675 267
0 755 755 345
0 230 246 374
0 4 122 18
0 40 188 330
0 420 977 173
0 68 91 82
1 28 105 372
0 10 760 113
1 581 849 32
0 380 571 279
1 787 875 360
1 726 776 66
0 167 172 382
1 4 984 210
1 191 391 309
1 13 815 448
1 56 123 329
0 40 180 139
1 212 728 89
0 78 363 358
0 147 350 144
1 121 654 20
1 2 95 437
0 59 456 360
1 11 72 172
1 194 345 17
1 623 700 19
0 56 69 280
1 204 936 341
1 44 796 213
0 133 312 362
0 337 611 137
0 198 584 116
0 308 650 287
0 186 196 80
0 19 93 138
0 4 49 203
1 379 883 260
0 11 66 306
1 109 449 339
0 343 780 71
0 393 992 251
0 193 322 21
1 304 411 477
0 183 274 83
0 533 698 371
1 145 773 382
0 270 289 29
0 141 403 63
0 270 274 254
0 98 109 50
0 452 847 345
0 40 49 186
0 96 105 220
1 9 82 53
1 424 924 472
1 488 661 9
1 513 784 339
0 262 517 154
1 54 233 257
1 334 816 369
1 119 976 24
0 30 32 405
1 62 993 205
0 885 923 176
0 204 283 92
0 374 435 247
1 482 482 3
1 161 174 311
0 92 264 431
1 250 591 140
1 350 680 229
0 206 252 186
0 73 378 27
1 18 446 91
0 20 50 105
1 87 116 342
0 952 1000 361
0 342 424 316
1 58 945 91
1 601 872 313
0 524 757 469
0 370 526 35
1 513 703 288
0 285 865 416
0 220 457 5
1 115 890 374
0 133 133 266
0 439 472 419
0 262 348 174
1 469 884 119
0 379 755 84
1 26 37 67
1 238 753 257
0 512 741 113
0 45 291 269
1 7 131 481
1 623 928 438
0 50 119 163
1 593 829 493
1 915 945 220
1 13 90 243
0 388 426 216
0 673 851 317
1 165 625 370
0 331 584 25
0 5 759 142
0 316 862 214
1 255 596 418
0 324 908 132
0 49 88 218
0 142 254 166
0 229 426 305
0 159 413 202
0 5 29 189
0 67 101 257
0 167 390 327
1 159 261 292
1 15 31 240
1 14 19 272
1 4 399 125
0 24 126 206
0 8 80 253
1 185 802 60
0 317 959 193
0 115 215 94
0 10 488 95
0 64 210 362
1 207 871 292
0 197 675 277
1 156 992 131
1 33 69 372
0 143 792 421
0 781 913 148
1 29 618 408
0 402 436 134
1 452 563 116
1 350 396 427
0 84 774 318
0 287 319 373
0 515 608 35
0 36 44 332
0 4 45 430
0 94 384 54
0 133 193 297
1 57 98 368
0 92 360 353
1 114 743 14
0 49 56 375
1 570 607 227
0 13 17 295
0 86 286 291
0 152 572 389
1 283 436 315
0 587 617 163
1 16 77 485
1 651 710 205
0 847 914 185
1 8 15 457
1 677 918 285
0 49 505 331
1 163 610 257
0 140 334 65
1 15 674 208
0 236 308 140
1 503 822 294
0 69 910 326
1 89 137 479
0 106 194 146
0 390 901 382
0 1 1 459
0 139 357 112
1 148 282 149
1 480 962 109
0 15 39 327
0 668 806 287
1 209 302 247
1 81 364 382
1 176 265 365
0 247 334 361
0 765 990 320
0 140 582 227
0 160 360 343
1 590 638 355
1 593 885 166
1 426 599 453
1 215 238 227
1 38 54 123
0 165 954 361
1 687 938 213
1 435 603 308
1 161 656 104
0 282 696 55
1 20 55 295
1 504 889 268
0 455 812 265
1 668 926 368
0 297 367 328
1 427 816 308
1 18 892 154
0 32 414 417
1 18 187 307
0 107 953 405
1 139 448 464
0 431 512 252
0 389 980 415
1 46 582 17
0 125 458 165
0 154 415 378
0 91 531 162
1 592 790 371
1 85 579 96
1 469 554 118
0 49 737 245
1 81 341 28
0 549 779 264
0 343 467 448
0 324 704 36
1 180 457 283
1 657 668 273
0 145 819 119
0 138 607 325
1 108 229 488
1 535 590 317
0 162 571 224
1 297 561 305
1 438 937 384
0 134 955 379
1 25 236 60
1 289 637 204
0 437 846 464
0 370 403 190
1 178 350 190
0 225 806 384
0 90 142 33
1 156 760 498
0 346 428 336
1 36 187 398
1 101 185 339
1 20 43 256
1 850 893 449
0 237 455 391
0 395 681 441
1 177 180 253
0 351 411 262
1 57 162 159
1 382 934 422
1 282 413 318
1 20 215 459
1 38 301 212
0 417 553 441
1 145 622 5
0 102 433 469
1 84 241 475
1 531 939 106
1 102 425 258
0 117 260 62
1 102 215 472
1 4 222 253
1 501 807 46
1 85 903 210
0 183 720 337
1 306 514 400
0 90 608 154
1 88 132 187
1 570 846 31
0 55 80 181
0 705 766 244
1 6 156 125
1 725 904 242
1 92 130 171
1 61 265 56
1 549 632 418
1 570 688 485
0 460 680 184
1 224 307 398
1 366 689 242
1 170 408 154
0 328 420 170
0 302 708 50
0 27 255 190
0 8 247 165
0 262 269 308
1 24 854 82
0 618 693 136
1 501 928 41
0 113 247 36
0 426 634 192
1 836 890 25
0 213 339 212
1 22 24 215
1 390 536 102
1 818 824 309
0 47 169 375
0 231 331 226
1 543 745 44
1 449 655 133
1 377 394 394
1 179 280 226
0 354 400 235
1 370 594 111
1 267 449 95
1 84 160 84
1 57 60 132
1 303 528 275
0 84 550 323
1 366 837 209
1 86 198 297
0 175 516 15
0 242 330 147
0 2 311 110
1 52 136 258
1 46 485 99
0 277 327 311
1 436 887 223
0 65 67 72
1 291 493 345
0 76 220 477
0 13 127 351
0 305 383 188
1 12 124 141
1 118 787 174
1 62 87 146
0 194 382 311
0 91 357 312
0 65 70 2
1 249 808 280
1 213 216 195
1 32 47 20
1 186 236 427
0 48 252 240
1 227 367 39
0 374 636 250
1 9 144 142
0 155 787 222
1 65 131 286
1 131 710 246
1 8 129 127
1 124 126 390
1 433 790 17
1 115 787 73
0 438 482 52
1 207 887 83
0 165 401 475
0 189 263 445
1 108 163 66
1 13 150 332
1 244 964 238
0 168 194 86
0 179 205 161
0 155 628 195
0 99 145 8
0 43 92 98
0 369 577 272
1 301 923 154
0 159 512 473
0 116 399 481
0 350 744 366
0 153 459 208
1 17 259 370
0 135 204 305
1 48 995 8
1 660 741 367
0 264 371 421
1 61 412 34
0 299 307 29
0 49 523 156
0 99 184 49
0 181 304 53
1 500 746 44
1 22 829 68
1 11 20 321
0 293 632 140
1 40 183 54
1 113 124 465
1 121 207 1
0 5 23 184
1 76 772 346
1 82 338 438
0 391 483 150
1 615 692 85
0 34 203 47
0 466 495 141
0 92 856 222
1 119 921 388
0 24 331 459
0 564 812 78
1 34 632 120
1 320 846 271
0 247 511 151
1 37 794 312
1 13 44 139
0 7 22 246
1 427 455 91
1 40 795 447
1 319 348 179
0 9 49 187
0 17 28 209
0 220 648 264
0 238 922 453
1 183 207 458
0 244 719 221
1 396 456 84
0 471 590 279
1 152 714 209
1 122 289 302
0 217 302 96
0 204 722 136
0 190 355 308
0 347 779 335
1 380 426 184
0 65 95 107
1 323 883 332
0 14 302 50
1 104 238 63
1 39 221 92
0 168 506 3
0 360 603 383
1 98 498 296
1 342 445 320
1 252 827 174
0 211 459 272
0 4 327 6
0 12 41 265
1 813 861 300
1 193 704 322
1 10 159 88
1 741 770 382
0 141 210 201
0 214 393 62
0 66 138 153
0 135 281 66
0 203 315 148
0 269 369 112
0 145 521 312
1 149 206 421
1 270 625 2
0 32 583 210
0 450 933 352
1 14 418 412
0 415 924 40
0 81 734 413
0 171 232 412
0 459 735 105
1 700 895 53
1 42 54 317
1 197 370 302
1 889 942 455
0 373 977 399
0 111 480 192
0 109 261 147
1 211 655 105
0 151 468 413
0 121 141 147
1 387 569 92
0 193 420 83
1 33 385 228
1 30 62 119
1 148 575 130
0 196 805 295
1 396 489 300
0 86 188 272
1 21 40 163
0 244 964 420
0 717 988 382
1 647 784 96
0 280 534 362
0 748 802 49
1 432 797 12
0 469 923 232
1 351 529 305
0 144 999 130
0 29 627 142
1 662 958 32
0 929 963 496
0 36 109 248
1 145 624 470
1 237 315 34
1 96 404 234
0 266 724 308
1 96 229 336
1 460 513 339
0 141 845 471
1 515 966 7
0 182 434 482
0 534 643 459
0 235 263 448
1 300 419 91
0 636 954 216
1 115 616 164
1 242 324 182
0 261 926 216
1 5 316 476
1 8 267 23
1 56 100 401
1 38 445 315
0 265 658 386
0 93 516 125
1 4 9 340
1 649 851 193
1 533 589 195
1 580 860 478
1 334 603 99
1 113 401 88
0 54 54 301
1 286 540 108
1 292 667 10
1 594 919 31
0 37 198 76
1 672 869 347
1 479 618 432
1 722 735 485
1 205 389 38
0 298 792 238
0 306 762 412
0 277 314 94
1 10 86 104
0 4 286 88
1 179 459 180
1 65 976 356
0 170 232 293
0 326 920 107
1 205 918 118
1 708 835 446
1 41 53 185
0 614 952 463
1 329 829 477
0 47 123 15
0 725 918 382
1 315 421 346
1 260 456 319
0 25 290 155
1 105 131 311
1 477 481 169
0 130 665 306
0 186 328 51
0 195 639 9
0 179 798 289
1 720 855 329
0 322 335 24
0 408 513 96
1 571 804 442
0 505 757 38
0 72 216 252
1 210 587 461
1 231 635 38
0 214 292 42
0 59 403 130
1 35 318 270
0 130 158 486
0 77 132 166
0 91 258 177
1 215 347 148
1 639 829 398
0 25 870 279
0 206 469 17
1 40 594 187
1 488 561 8
1 312 507 266
1 137 238 356
1 450 662 364
1 9 51 445
0 198 621 444
0 5 821 465
1 44 86 317
0 3 108 454
0 266 460 302
0 448 484 87
0 284 508 258
0 32 53 259
0 480 505 292
1 339 596 258
0 431 697 252
0 129 208 234
0 202 334 393
0 176 333 407
1 434 486 365
1 26 132 155
1 143 179 237
1 122 169 183
0 26 27 170
0 351 811 69
1 274 329 208
0 261 504 320
1 300 427 39
0 207 895 151
1 825 922 273
1 447 764 230
0 220 837 437
1 290 415 342
0 19 110 340
1 554 725 102
1 562 787 54
0 394 726 69
0 774 782 53
0 43 150 193
1 373 582 203
0 337 828 479
1 8 36 195
0 272 805 496
0 5 22 40
1 72 626 434
0 390 664 277
1 183 637 33
0 418 646 270
0 264 401 406
0 67 91 105
1 418 559 251
0 79 445 207
1 555 834 273
0 664 935 337
1 50 84 17
0 494 574 331
0 99 334 484
0 9 28 452
1 164 652 352
0 592 600 191
1 231 438 84
0 62 123 208
1 349 960 383
0 64 140 429
0 16 835 113
0 307 918 74
0 117 290 285
1 136 189 446
0 124 302 401
0 35 453 487
0 170 211 101
1 449 747 194
1 69 425 197
1 321 369 325
0 845 995 42
0 528 846 310
0 282 603 230
0 33 76 391
1 46 396 380
1 538 720 408
1 529 703 340
0 15 78 15
0 433 830 317
0 39 130 245
1 357 828 41
1 4 72 217
0 12 83 200
1 199 389 476
0 21 45 417
1 267 507 4
1 457 636 304
0 175 529 329
0 390 546 347
1 305 449 192
0 401 457 9
1 33 169 386
1 130 907 274
0 77 211 310
1 330 636 240
1 905 996 495
1 91 563 359
0 92 144 391
0 680 709 259
1 415 708 282
1 240 522 257
0 105 739 68
0 355 526 293
1 27 106 294
1 180 537 63
0 176 252 205
1 369 576 369
0 82 351 124
0 154 201 486
1 35 37 229
1 28 83 403
1 328 900 436
0 165 204 409
0 670 870 219
0 236 872 33
1 53 65 63
0 14 33 15
0 240 512 206
0 718 930 478
1 154 344 175
0 413 770 354
0 96 181 333
0 229 495 409
1 57 283 300
0 548 953 203
0 623 964 423
0 619 931 465
0 222 336 192
0 566 597 358
1 317 601 67
0 124 581 429
1 47 131 423
0 770 905 341
0 633 658 496
0 275 566 282
0 561 932 251
1 1 285 349
1 31 474 365
0 345 880 263
1 99 131 408
1 21 681 494
1 235 249 392
1 513 556 43
0 156 650 4
1 141 744 26
1 53 73 450
1 64 154 278
0 78 266 83
1 505 850 230
1 11 90 396
0 173 468 173
1 72 172 222
0 738 968 290
0 48 61 472
1 5 11 381
1 38 145 395
0 83 291 85
1 73 227 253
0 199 415 295
1 63 106 263
1 421 492 314
1 12 102 429
1 160 297 449
0 72 143 377
0 4 429 98
1 330 870 253
0 735 819 39
1 74 218 137
0 307 397 272
1 308 485 441
1 8 14 362
1 132 724 486
1 302 766 47
1 167 691 308
0 510 650 303
1 8 278 209
0 234 306 40
1 134 193 250
1 847 865 236
1 338 353 27
0 21 584 442
0 35 216 220
1 72 188 152
0 96 141 195
0 282 459 36
0 94 138 215
1 36 939 190
1 575 885 395
0 93 243 336
1 247 743 175
1 173 255 494
0 220 432 466
1 230 569 142
0 28 161 47
0 136 562 313
1 639 872 369
1 446 645 445
1 78 423 411
0 229 757 133
0 459 862 212
0 100 194 480
0 776 797 311
0 525 913 466
1 156 258 348
0 187 240 292
1 618 641 354
1 124 606 449
1 362 911 7
0 48 208 404
1 645 742 263
1 327 709 475
0 487 988 353
1 417 556 103
1 7 172 16
1 169 560 485
0 301 915 84
0 669 795 42
0 204 388 171
1 728 984 404
0 156 629 24
0 658 895 372
1 155 256 263
0 56 925 362
0 5 211 491
0 74 378 260
0 365 520 262
1 461 545 359
0 57 446 353
1 205 643 64
0 219 294 346
0 125 548 96
1 46 990 163
1 444 765 389
0 576 921 82
0 24 48 106
1 105 629 219
0 734 959 415
0 299 612 136
0 319 358 279
0 629 676 158
0 76 540 264
1 119 232 61
1 25 158 259
0 260 300 320
0 83 84 361
0 335 468 126
0 56 290 471
1 367 622 114
0 185 296 226
1 21 323 216
1 427 618 56
0 68 275 42
1 77 569 109
1 327 814 392
1 176 360 431
0 426 571 96
0 462 776 351
1 82 229 219
0 33 484 82
1 169 528 90
1 924 974 372
0 551 761 166
0 27 432 228
0 457 731 252
1 37 428 183
1 115 371 361
0 105 589 352
0 627 965 56
0 28 475 330
0 78 117 263
0 296 843 362
0 176 239 350
0 45 85 305
0 211 943 252
0 11 612 388
1 48 186 152
1 63 257 131
1 178 618 424
0 533 544 373
0 317 622 10
1 274 818 2
0 973 992 190
0 2 9 212
1 383 949 173
1 524 815 231
0 384 393 170
1 67 264 269
0 137 408 7
1 145 315 63
0 231 494 256
1 406 781 317
0 235 480 304
1 130 493 286
1 71 337 211
0 488 809 293
1 3 982 202
0 266 272 277
1 86 426 490
0 2 7 467
1 117 394 385
0 1 876 187
0 329 666 343
1 588 765 463
0 137 191 343
1 589 698 175
1 353 619 212
0 177 311 162
1 1 4 304
0 274 627 99
0 189 365 252
1 584 796 261
1 424 579 262
0 739 912 20
1 123 369 433
0 98 629 369
0 522 549 105
1 87 491 154
0 35 41 436
1 79 340 408
1 836 850 214
0 44 83 311
1 94 133 482
1 464 674 330
1 5 197 219
0 14 754 220
1 326 766 89
0 139 919 128
0 134 869 5
0 72 82 321
0 556 829 76
0 4 5 19
0 341 812 396
1 511 714 437
0 612 772 217
1 277 597 148
0 690 963 361
0 471 933 290
0 381 772 281
1 177 191 381
0 483 651 270
1 99 282 180
1 121 988 216
1 832 980 166
1 282 389 95
1 294 668 462
0 159 967 321
1 238 414 364
1 94 201 134
1 542 915 26
0 86 501 68
1 383 526 380
0 33 794 407
1 267 632 49
1 13 120 238
1 43 100 187
0 2 575 60
0 5 76 91
0 263 328 176
0 79 930 495
1 179 290 117
1 151 480 266
1 19 326 226
0 672 753 272
0 86 116 347
1 692 845 227
1 204 948 259
1 244 505 183
1 635 685 128
1 435 644 103
1 49 914 66
1 582 956 309
0 458 792 309
0 252 311 22
0 38 233 426
0 94 570 119
0 156 412 233
0 321 405 246
1 19 66 194
1 8 69 227
1 153 803 180
0 173 640 31
0 277 519 173
0 291 525 485
1 238 366 113
1 689 818 156
0 403 737 398
1 606 996 154
0 47 742 85
1 181 315 84
0 133 535 312
0 203 314 427
1 48 139 30
1 174 251 260
0 208 964 50
1 452 489 293
0 336 664 196
0 717 821 243
1 269 704 310
1 664 962 366
1 421 716 136
1 30 385 492
0 498 557 177
0 186 541 14
1 391 785 108
1 93 264 309
1 101 146 488
0 28 500 190
0 126 544 169
1 150 675 286
1 16 179 429
0 308 528 223
0 370 481 271
1 617 755 317
1 180 374 323
0 35 41 23
1 241 463 287
0 57 193 315
0 431 726 36
1 447 832 297
0 10 593 483
1 172 254 77
1 31 131 337
