1000
201 376 183 75 496 130 389 207 271 10 5 176 249 383 55 446 222 74 342 410 279 167 312 215 193 147 495 33 272 484 250 417 47 316 332 385 49 313 444 49 229 404 312 106 406 245 178 422 105 18 164 441 76 336 423 14 177 6 4 253 374 4 278 307 109 427 470 450 463 433 412 407 481 359 65 229 391 37 397 304 428 175 415 154 46 21 143 148 90 500 144 324 419 427 350 202 140 146 213 453 146 298 402 344 294 33 25 152 107 81 16 407 436 39 31 273 12 444 129 146 42 191 378 280 39 440 165 267 106 30 280 122 70 148 313 84 386 164 395 295 217 163 94 475 51 31 284 31 364 167 24 195 392 497 79 429 2 433 144 93 425 289 299 266 40 226 70 315 456 382 216 123 327 76 447 449 415 83 424 274 89 383 33 447 179 256 294 122 177 64 34 200 459 219 76 236 226 49 121 118 384 433 240 375 300 311 453 428 150 123 6 129 471 127 347 447 125 125 176 291 458 498 72 269 58 470 16 161 329 102 205 269 69 149 90 139 100 170 473 208 330 322 328 261 198 137 451 201 5 147 52 144 379 367 286 211 16 112 438 247 418 371 282 238 57 20 263 47 59 151 202 14 474 313 258 152 486 347 352 112 435 220 159 470 34 39 191 62 347 267 99 284 428 312 410 123 375 116 198 276 305 260 282 229 318 277 378 93 151 270 83 273 355 358 69 100 121 154 131 55 278 477 98 299 322 155 94 287 36 167 440 45 66 3 185 201 81 83 101 188 377 350 432 246 81 234 101 178 167 87 440 116 485 102 473 205 202 94 405 450 230 251 476 423 171 89 372 170 165 386 57 318 145 35 14 214 182 68 143 392 263 416 239 372 128 196 136 153 195 98 201 29 134 33 167 252 10 265 363 73 453 297 210 210 265 277 130 325 172 4 493 243 371 255 143 300 47 90 408 107 332 335 330 135 372 332 281 154 344 249 433 41 277 439 468 333 186 31 443 388 52 38 156 274 14 456 322 382 298 39 249 380 443 13 433 309 17 322 457 97 230 259 346 367 185 165 378 37 153 187 70 174 2 285 211 342 316 341 204 257 421 152 294 59 419 40 138 249 123 61 279 359 322 252 464 270 174 107 128 416 240 207 186 80 419 446 175 382 233 1 10 493 172 389 284 8 56 363 168 353 463 194 436 462 146 152 96 166 222 321 47 142 393 487 260 500 181 377 443 70 285 227 216 87 220 366 402 207 410 96 468 213 258 253 292 78 252 191 385 131 258 447 139 465 350 197 480 420 118 286 349 198 128 120 321 194 483 14 437 145 442 193 5 311 407 122 118 81 62 264 457 438 427 476 279 379 221 472 93 359 237 269 66 103 446 444 349 203 330 190 121 389 406 7 40 329 97 72 291 233 363 76 232 18 319 94 484 492 177 451 371 194 65 5 209 396 60 271 118 124 346 67 57 52 391 197 320 375 394 229 363 301 202 264 387 35 243 263 481 186 490 279 343 496 312 295 34 270 84 140 430 435 329 203 257 288 85 393 190 251 381 103 61 366 33 2 390 10 492 371 67 391 31 68 61 265 365 96 439 459 235 61 149 272 29 278 107 67 9 225 446 423 321 291 449 87 371 202 232 426 269 392 213 150 470 470 137 466 400 177 225 13 330 80 128 465 408 94 432 437 281 26 443 50 464 9 304 400 28 478 162 463 297 185 336 480 74 300 401 418 469 469 339 292 15 178 278 8 148 69 167 452 355 168 25 453 237 396 6 54 488 248 219 462 482 461 420 243 479 183 248 209 144 251 95 162 4 143 269 88 376 209 185 18 477 27 366 379 320 374 110 107 227 366 200 190 407 89 160 118 386 212 324 51 177 154 21 377 376 462 290 90 436 172 201 83 33 143 123 308 73 53 45 165 393 454 192 343 444 485 393 54 57 213 69 85 304 467 250 429 6 129 291 289 388 470 137 369 238 131 483 308 73 362 414 412 127 140 40 81 341 489 326 85 357 286 413 414 441 330 322 120 140 370 12 157 8 5 289 182 103 76 152 216 110 385 194 307 7 22 112 189 134 292 308 286 18 233 109 35 24 199 184 336 353 418 485 95 20 492 326 137 10 262 130 259 425 57 269 354 374 431 67 182 3 440 398 45 69 392 136 406 366 489 389 272 53 241 496 429 132 302 128 127 170 13 406 325 10 400 198 173 169 470 322 469 148 363 493 295 368 37 259 149 297 398 468 133 480 43 324 453 464 428 178 391 395 389 296 499 
0 116 270 144
1 180 430 83
0 116 413 396
1 530 912 40
1 70 98 21
0 497 706 70
0 122 656 332
1 73 293 66
0 9 91 451
1 31 299 49
0 289 430 88
0 68 494 295
0 264 534 94
1 57 135 328
0 28 28 159
1 426 840 83
0 72 311 95
1 51 210 474
1 710 743 188
1 235 969 363
1 8 11 101
1 217 307 251
1 65 349 99
1 40 76 161
1 444 480 467
1 27 469 371
0 37 345 421
0 90 96 341
1 227 227 402
0 11 22 476
0 271 369 464
0 171 410 481
0 16 136 325
0 154 211 44
1 64 978 491
1 316 397 153
1 18 21 194
1 5 216 170
0 40 57 9
0 283 312 138
1 181 262 105
0 377 636 284
1 110 836 437
0 283 295 174
1 258 520 385
1 396 658 54
1 745 830 94
0 81 87 93
0 452 522 384
0 19 311 175
1 324 557 208
0 447 510 109
0 213 230 218
0 27 178 75
1 437 550 25
1 321 640 26
0 315 331 145
1 53 102 94
1 736 999 160
0 458 594 185
1 84 174 382
1 15 441 3
0 52 67 207
1 676 705 408
0 432 787 246
1 2 8 405
1 259 1000 56
1 127 467 83
1 19 56 437
1 112 248 330
0 322 676 495
0 30 84 4
1 713 969 216
1 216 557 299
0 62 314 32
1 10 113 114
0 177 564 118
0 367 925 377
1 86 657 74
1 123 943 297
0 132 173 229
1 202 413 153
1 186 444 401
0 341 580 275
0 220 834 301
0 21 170 452
1 9 201 347
1 282 284 100
1 138 375 329
0 39 73 475
1 309 342 347
1 43 52 390
0 206 218 467
0 192 510 386
0 140 254 84
1 98 401 480
0 477 536 236
1 161 327 188
0 159 176 497
1 555 777 2
1 56 284 308
1 195 537 36
0 816 975 465
0 94 496 262
0 25 62 345
0 63 568 348
0 96 330 316
1 9 68 252
0 277 281 119
0 149 210 317
0 98 204 275
0 217 296 61
0 225 346 388
0 164 324 428
1 804 868 444
0 646 835 231
1 96 439 141
0 160 323 366
1 536 765 10
1 118 129 18
0 354 460 42
0 189 652 496
0 704 838 196
0 263 359 92
1 318 975 449
1 630 731 379
0 522 930 37
0 129 691 297
1 203 229 355
0 78 206 375
1 384 504 260
1 28 217 10
0 10 786 332
1 95 122 39
1 71 420 97
0 121 206 49
0 89 619 50
1 186 476 414
0 212 346 465
0 297 815 186
1 219 982 181
1 70 320 358
0 325 473 141
1 11 34 23
1 708 888 456
0 66 316 216
1 69 525 47
0 139 931 76
1 36 125 65
0 356 909 69
0 498 706 190
0 139 599 150
1 188 202 112
1 430 880 178
1 95 183 381
1 156 172 159
0 306 525 156
0 91 146 464
0 2 24 476
0 736 925 227
1 589 947 395
1 834 919 220
0 67 681 288
1 161 441 475
1 97 176 105
0 33 45 90
1 294 473 102
1 204 869 1
1 333 490 124
0 697 785 17
0 462 828 155
1 7 12 286
0 171 517 365
1 189 991 252
1 243 391 80
0 125 581 13
0 145 646 492
1 639 893 38
1 638 878 351
1 106 524 177
0 247 740 367
1 113 968 82
0 208 488 63
1 300 350 363
0 331 913 331
1 101 261 274
0 458 841 79
1 213 377 227
0 770 949 148
1 14 25 163
0 78 766 343
1 38 65 138
0 103 306 416
0 338 504 205
0 22 172 488
1 65 107 266
0 139 767 151
0 495 808 175
1 50 367 387
1 239 372 451
1 53 753 395
1 506 766 141
0 110 238 98
0 72 82 454
1 504 732 229
0 6 31 251
1 3 189 304
1 746 825 437
1 718 934 22
0 809 863 376
0 111 161 68
1 446 502 440
0 170 595 374
0 688 773 119
0 37 343 74
0 37 39 293
1 56 441 26
0 151 604 498
0 224 812 235
0 196 631 396
1 11 93 217
1 16 177 458
0 626 853 84
1 228 461 166
1 432 618 246
0 199 467 84
1 324 671 74
0 669 870 17
1 118 176 298
1 140 221 45
1 8 31 166
0 123 373 301
0 109 258 156
0 5 229 38
0 17 42 202
0 120 145 291
1 272 709 335
0 253 712 107
0 171 333 221
1 355 422 161
1 189 367 140
1 158 730 483
1 248 837 374
0 306 521 464
1 33 308 377
1 332 594 433
0 69 199 129
0 268 552 271
1 362 634 259
0 111 179 371
1 198 256 291
1 146 359 34
1 447 806 423
1 188 339 103
0 198 285 373
0 328 539 179
0 255 500 177
1 574 614 108
1 120 179 221
1 114 617 329
0 446 713 375
1 14 19 184
0 50 463 78
1 132 295 152
0 24 83 233
0 279 677 191
1 650 702 411
1 415 625 166
1 244 295 241
0 25 306 36
0 56 286 43
1 16 28 55
1 44 257 140
1 234 534 111
0 290 370 213
0 104 237 116
1 177 958 206
0 345 704 44
1 47 56 209
0 32 778 471
1 416 572 321
1 62 259 378
1 498 941 388
0 652 679 44
1 55 168 94
1 434 549 80
0 222 758 156
1 511 953 277
0 232 262 269
0 111 219 260
0 73 160 104
0 492 774 106
1 279 995 404
0 3 9 111
0 150 361 103
0 19 25 141
1 603 846 419
0 174 382 122
0 129 452 400
1 239 409 445
1 105 569 241
0 496 853 58
1 334 511 446
1 287 531 217
1 339 987 80
0 113 547 244
0 48 455 261
1 229 306 266
0 176 393 384
1 4 143 169
1 433 610 222
0 30 909 224
1 90 335 272
1 227 348 269
0 566 795 7
0 500 784 260
1 42 259 22
0 332 848 411
0 170 736 339
0 355 361 364
1 430 521 314
1 594 784 62
0 49 543 169
1 573 995 180
0 20 103 446
1 371 465 312
1 109 187 148
0 166 453 134
1 35 89 275
0 318 383 278
1 113 218 115
1 102 155 266
0 127 613 161
1 517 857 425
1 15 242 106
1 194 355 53
0 85 103 22
1 7 41 134
0 169 326 194
1 267 384 49
0 434 693 6
1 46 183 58
1 67 93 345
1 5 65 166
1 409 539 172
0 15 23 29
0 26 50 54
0 119 795 85
0 46 927 267
1 333 509 42
0 318 684 368
0 17 649 40
1 114 589 408
1 51 351 228
0 98 326 322
0 230 402 455
1 80 115 97
0 89 658 270
0 141 175 391
1 1 2 0
1 170 198 359
0 861 954 215
0 321 770 231
1 167 286 495
0 551 809 62
1 75 357 353
0 64 406 199
1 126 156 162
1 209 220 24
0 280 824 265
0 93 446 189
0 344 359 332
1 451 706 366
1 790 864 464
1 2 201 252
1 593 671 165
1 227 496 81
0 2 18 179
1 103 170 474
0 221 366 119
0 16 20 388
0 641 802 30
0 104 832 453
1 382 474 173
0 28 83 343
0 514 958 12
0 49 206 277
1 104 417 32
0 412 649 381
0 143 627 4
1 3 19 275
1 178 560 107
1 272 483 0
0 63 134 381
1 121 267 192
0 576 922 233
0 209 703 237
0 609 627 362
1 2 2 169
1 28 54 411
0 302 418 148
0 266 632 389
1 81 279 456
0 106 888 485
1 197 512 23
1 346 690 139
0 66 398 424
1 442 613 88
0 473 822 326
1 6 374 433
1 108 619 444
1 108 922 230
1 150 618 447
1 1 1 324
0 103 109 236
1 18 493 399
1 18 81 411
1 74 111 433
1 52 416 209
0 589 930 277
1 13 15 359
1 128 878 232
1 323 952 244
0 464 550 324
0 82 794 223
0 218 427 64
1 337 708 174
0 131 719 385
0 61 142 244
0 290 706 204
0 143 728 192
1 73 473 206
0 84 544 453
1 350 505 26
0 44 289 404
1 176 625 375
0 923 958 37
0 378 702 67
1 808 915 233
1 180 780 73
1 113 597 433
1 185 363 80
1 18 861 406
0 566 584 322
0 216 569 3
0 125 144 442
0 388 515 427
0 497 592 318
0 282 664 440
0 217 848 206
1 41 650 293
1 325 364 327
0 50 62 357
1 162 217 241
0 454 671 473
1 89 94 285
0 858 977 354
0 500 640 211
1 253 791 353
1 68 101 49
1 494 741 413
1 686 866 363
0 40 47 212
0 33 68 377
0 599 680 230
0 169 483 392
1 86 171 245
1 225 227 369
0 61 126 467
1 62 170 1
0 10 218 160
0 181 364 487
0 775 901 497
0 7 26 69
1 259 360 38
1 701 774 227
1 820 953 116
0 406 504 138
0 276 746 204
0 470 965 334
0 411 448 490
0 383 443 353
0 98 141 475
0 275 374 50
0 436 639 168
0 375 382 479
1 397 406 140
0 21 615 359
1 112 113 222
0 494 511 112
1 112 746 173
0 36 955 95
0 646 814 302
1 274 379 323
1 108 422 173
1 594 729 62
0 205 673 309
1 500 606 239
1 638 927 387
0 87 350 105
1 265 631 107
0 48 367 191
0 2 2 379
1 187 253 430
1 169 582 42
1 364 401 418
0 533 580 282
1 48 149 81
1 192 619 78
0 118 122 126
0 4 266 9
1 673 962 279
1 47 745 353
1 437 934 356
0 158 585 429
1 10 82 314
0 47 824 352
0 713 948 233
0 642 855 188
0 168 768 146
1 36 51 352
0 438 615 482
1 11 39 310
1 459 939 157
1 484 975 437
0 21 517 104
1 48 87 483
0 26 111 127
1 265 370 480
1 470 610 320
1 33 252 6
0 49 114 182
1 9 17 284
0 290 333 122
1 340 731 299
0 407 568 305
0 485 720 396
0 77 225 380
0 187 985 315
0 482 597 252
0 501 645 217
0 311 500 196
0 46 308 252
1 660 777 57
1 357 404 357
0 488 595 201
1 318 447 101
0 490 910 255
0 544 698 469
1 561 650 221
0 148 248 293
1 219 443 51
0 186 869 302
0 484 688 341
1 188 364 207
1 120 708 104
1 469 538 412
1 9 320 190
0 658 737 86
1 638 638 442
0 46 85 73
0 215 536 385
1 110 610 314
1 264 479 235
1 374 668 57
0 35 108 46
0 233 405 132
0 146 499 446
1 414 931 350
0 13 306 208
1 10 39 46
1 385 775 108
0 449 880 93
0 231 680 294
0 312 566 375
0 81 528 268
0 224 271 294
1 321 696 407
0 656 725 166
0 316 748 473
0 710 878 79
0 168 298 462
1 24 50 398
1 252 295 172
0 281 417 169
0 295 769 173
0 725 955 42
0 34 150 305
1 52 350 252
0 44 828 333
0 336 603 158
0 22 430 141
1 45 433 378
1 35 190 419
1 391 465 487
1 613 797 134
1 233 664 220
0 108 196 215
1 419 952 55
0 236 935 256
0 430 527 234
1 622 917 116
1 175 206 453
0 291 337 284
0 115 172 498
0 532 932 210
1 59 273 324
0 64 409 48
1 126 427 225
1 44 511 457
1 13 348 299
0 16 18 337
0 215 442 11
1 140 395 439
0 46 726 181
0 286 979 378
1 60 773 209
0 154 900 230
1 134 506 490
0 420 689 358
1 21 258 54
0 267 776 17
1 137 383 411
1 845 911 94
1 464 726 457
0 45 309 442
1 98 280 202
0 466 492 14
0 257 317 100
0 799 869 114
1 581 604 242
0 15 532 335
0 59 356 107
1 308 328 125
0 486 950 445
0 651 940 150
0 191 601 260
1 390 529 426
0 80 125 41
1 374 770 265
0 245 720 476
0 111 846 105
1 394 549 446
0 601 610 481
0 92 239 287
1 675 980 138
1 681 970 317
1 296 385 306
1 157 555 287
0 233 352 496
0 59 251 263
0 412 444 169
0 226 344 340
1 337 742 494
1 222 308 485
0 383 969 167
1 268 347 368
0 212 701 402
0 266 289 133
0 68 452 206
0 7 10 488
0 880 935 493
0 385 825 370
1 730 946 319
0 89 266 261
0 661 812 220
0 129 504 467
0 385 473 73
1 18 247 171
0 140 280 428
1 96 354 168
1 545 573 287
0 84 231 340
0 37 439 101
0 13 22 282
0 74 179 274
0 272 582 236
0 81 327 78
1 5 16 250
0 259 704 322
0 30 305 157
0 102 397 490
1 128 420 1
0 350 609 104
0 236 454 208
1 47 461 16
0 632 841 360
0 133 260 230
1 470 842 441
0 71 638 87
1 93 187 225
1 16 101 116
1 235 289 446
1 52 131 105
1 174 311 151
0 3 298 75
0 125 337 256
0 150 409 151
1 129 562 193
0 502 590 421
1 428 726 291
1 209 919 466
0 298 424 183
1 90 168 482
1 738 806 377
0 33 328 163
0 308 768 250
0 283 380 84
0 59 85 418
0 34 707 475
0 31 326 155
0 195 287 27
0 63 409 416
0 124 306 430
0 134 175 184
1 55 303 264
0 193 438 180
0 188 973 67
0 233 680 176
0 135 208 149
0 737 826 199
0 57 392 481
0 326 438 422
1 123 327 111
1 48 769 301
0 15 31 434
0 22 62 494
1 228 546 473
0 305 417 419
1 27 160 171
0 310 357 301
1 321 716 62
1 324 350 448
1 84 255 294
1 22 32 496
1 279 980 218
1 97 526 147
0 180 555 77
1 264 716 28
0 49 103 279
0 706 829 125
1 478 927 116
1 256 365 478
1 270 328 325
0 122 177 125
0 121 121 67
0 209 282 220
1 692 950 286
0 117 607 318
0 16 318 167
1 44 56 413
0 179 933 294
1 291 379 237
1 209 235 336
0 125 506 400
0 199 786 58
0 26 298 344
1 19 372 233
0 4 6 341
1 43 43 380
0 71 354 44
1 394 799 265
1 783 817 233
0 721 740 364
1 787 967 166
1 265 561 394
0 80 408 49
0 584 666 363
0 1 7 442
1 313 390 293
1 65 96 290
0 570 770 495
0 36 895 454
1 51 725 451
0 172 598 162
1 309 946 317
0 34 227 306
0 55 113 421
0 309 439 284
0 426 438 36
1 473 576 448
1 55 768 32
1 52 664 211
0 820 859 299
0 170 348 81
1 255 439 136
0 64 390 67
1 67 134 327
0 336 956 369
1 5 194 252
0 101 142 137
1 147 445 164
1 250 460 422
0 94 135 183
1 477 710 166
1 362 548 463
0 149 425 41
1 97 107 287
1 15 17 20
0 31 112 53
1 557 562 358
1 93 107 98
1 112 141 482
0 126 271 101
0 352 897 159
1 27 139 267
0 86 487 347
0 280 565 369
1 859 869 288
0 304 322 476
0 274 341 322
1 310 423 384
0 264 427 131
1 198 595 182
0 45 506 14
0 163 874 266
0 580 583 325
1 19 44 365
0 179 252 403
0 124 259 16
1 50 55 471
1 476 537 244
0 263 400 290
1 727 944 460
0 241 351 149
0 87 208 410
0 3 964 313
1 518 565 459
0 213 573 97
1 115 167 190
0 371 555 351
1 507 744 425
0 13 37 419
1 225 744 475
1 769 779 47
0 254 260 195
1 84 149 337
1 363 979 47
1 98 498 12
1 20 840 118
1 428 953 400
0 91 252 216
1 299 987 277
0 160 328 464
1 44 238 160
1 170 839 101
0 345 509 34
1 333 402 97
0 102 395 495
1 87 90 311
1 63 91 48
0 786 818 299
1 386 979 441
1 188 673 425
1 187 779 245
0 40 660 138
1 220 339 17
1 527 755 467
0 43 43 312
0 656 680 256
1 91 721 429
1 6 11 121
1 8 22 452
1 659 680 309
0 341 513 453
1 438 575 410
0 55 243 160
1 382 627 414
0 33 265 48
0 327 980 277
1 183 861 67
0 50 661 432
0 238 325 164
0 80 174 392
0 67 75 325
0 200 507 378
1 120 627 361
1 2 4 40
1 674 904 411
0 427 563 394
0 622 631 149
0 55 81 190
0 166 371 214
1 143 233 7
0 168 807 73
0 92 106 315
1 629 975 444
1 198 250 297
0 4 40 85
1 296 582 336
1 153 179 376
1 448 547 454
0 409 486 63
0 328 448 298
0 198 346 33
0 89 114 342
1 469 606 20
0 91 102 421
0 965 995 231
0 416 563 126
1 56 558 316
0 176 181 208
1 3 506 455
0 678 683 180
0 60 67 409
0 121 898 258
1 41 67 142
1 514 919 492
0 564 905 260
0 111 129 485
1 127 157 357
1 764 781 255
1 157 909 117
0 85 289 255
1 638 787 78
1 327 393 7
0 446 853 194
1 219 645 167
1 66 452 64
0 134 368 341
1 300 302 147
0 773 962 271
1 80 836 182
0 189 591 152
1 35 180 326
1 200 215 7
1 338 760 40
0 136 164 392
1 510 628 412
0 38 135 226
1 50 268 239
1 138 419 467
0 198 645 237
1 38 624 324
1 219 431 352
1 173 561 460
1 21 25 196
0 386 695 65
0 225 429 172
1 688 916 211
1 214 687 451
0 399 488 187
0 151 731 316
0 278 712 354
0 473 540 457
0 423 522 488
1 432 573 314
0 33 186 437
1 166 732 363
0 284 560 195
1 308 674 49
0 572 903 370
0 399 437 298
0 17 168 254
0 504 710 404
0 131 165 24
1 212 419 10
0 83 118 466
0 192 494 111
1 243 256 95
0 167 196 457
0 491 945 76
1 395 759 323
0 276 389 37
1 47 836 104
1 537 812 144
0 244 333 201
1 129 185 445
1 25 49 83
0 10 69 29
1 440 623 91
1 187 690 368
0 172 287 228
1 562 888 398
0 48 89 196
1 128 244 22
1 356 372 463
0 45 284 410
1 145 192 367
0 9 36 432
1 292 292 142
1 21 124 420
0 23 873 308
0 6 47 251
1 266 293 62
1 449 470 270
0 4 33 256
0 49 227 401
0 5 51 211
1 10 431 193
1 69 477 460
1 164 276 319
1 48 388 447
0 117 803 490
0 469 930 197
1 561 591 204
0 508 748 475
0 369 552 154
0 75 677 180
1 455 978 200
