1000
210 353 8 229 171 142 226 425 38 334 61 308 129 254 96 424 140 81 334 448 258 74 321 491 234 55 385 192 482 103 253 291 304 437 487 412 448 321 181 362 9 166 111 179 403 252 467 258 92 192 383 161 190 55 370 144 361 203 62 62 245 468 64 26 53 497 348 244 193 329 190 413 334 205 130 453 400 214 232 204 296 320 443 3 59 217 130 3 45 150 375 194 470 173 48 165 355 198 292 86 180 399 107 143 280 410 356 138 324 184 146 418 477 448 216 286 192 72 186 9 427 60 489 361 462 425 42 124 260 112 294 396 219 126 248 98 432 186 75 74 114 229 429 272 476 469 221 350 119 425 317 280 303 272 39 168 65 189 77 464 172 450 410 236 358 291 355 240 30 308 382 165 484 209 426 319 260 414 51 207 370 140 195 190 321 35 81 354 323 452 382 495 117 332 241 496 115 2 334 47 362 193 418 147 112 9 444 361 180 492 312 129 214 264 225 21 249 468 376 186 51 227 75 478 5 252 430 134 277 122 249 181 176 201 133 124 415 37 220 115 171 247 187 256 191 478 202 43 475 100 263 70 303 317 474 158 66 375 201 205 99 39 162 249 35 27 25 264 80 224 148 86 290 202 440 329 77 414 118 239 6 98 198 437 365 15 91 457 450 12 322 365 342 166 263 74 356 312 170 336 497 491 90 152 249 217 76 150 79 495 126 309 471 307 110 355 30 173 364 17 394 376 338 101 270 439 167 234 211 67 418 170 360 86 298 447 344 98 214 124 483 401 341 132 82 443 5 223 326 398 395 228 253 58 409 199 347 317 187 448 24 481 203 200 31 244 486 318 491 482 18 220 271 373 3 74 475 361 242 239 248 323 211 128 5 320 433 78 344 17 98 456 303 381 233 188 408 493 264 328 457 224 161 272 164 407 120 214 102 362 414 234 66 103 305 4 12 298 392 222 466 315 264 446 248 468 62 232 395 118 203 223 435 45 162 414 153 254 289 80 302 81 467 337 50 419 60 91 223 306 113 448 190 242 85 18 106 118 488 26 330 427 304 462 165 312 353 412 432 459 337 416 36 367 120 42 173 475 56 111 206 293 396 170 458 86 318 60 14 346 155 368 355 19 458 257 43 295 111 64 463 357 253 414 152 171 441 410 447 230 34 463 185 353 158 137 254 197 414 104 496 308 285 81 316 19 289 232 85 442 87 69 448 5 220 19 46 86 7 101 83 204 465 31 199 486 358 429 264 140 22 435 160 338 344 125 59 306 45 495 390 38 13 387 89 287 82 85 306 416 473 340 299 406 213 147 446 64 233 459 406 45 217 15 1 405 411 23 437 285 207 102 483 79 434 382 58 342 111 453 103 300 40 217 313 404 34 359 472 402 365 469 142 332 3 329 405 320 75 169 37 384 414 361 437 164 437 214 301 298 312 180 231 54 218 121 82 253 453 431 446 188 116 304 130 409 276 238 302 405 235 250 417 322 467 492 245 302 422 375 461 112 276 268 332 367 333 77 66 34 349 308 388 251 390 409 267 475 433 120 317 16 139 286 171 75 129 431 258 176 65 225 221 228 363 439 207 371 485 136 193 154 66 184 205 327 169 255 488 486 225 73 158 222 275 434 96 412 56 99 407 75 391 188 466 381 326 359 239 301 352 253 126 206 377 436 159 327 251 485 431 423 136 103 152 499 248 144 260 321 368 130 279 231 467 288 84 332 76 450 434 338 160 146 71 146 213 193 396 500 475 237 2 326 310 472 249 426 169 201 431 385 78 73 83 247 369 113 2 329 221 43 182 498 444 166 198 381 203 493 417 37 190 50 42 454 88 387 479 259 231 257 416 177 197 497 111 367 290 84 314 447 66 453 228 240 285 265 380 379 169 130 74 39 127 28 467 396 202 4 67 164 168 29 493 293 325 149 43 245 197 255 150 482 341 214 436 432 342 423 297 134 61 306 375 477 26 375 393 459 114 230 17 174 30 295 172 83 63 492 179 206 103 212 111 59 173 73 22 315 51 487 96 159 326 247 143 464 440 323 403 280 414 387 25 468 409 241 238 462 402 208 170 185 366 405 337 290 147 190 90 269 160 176 395 461 305 356 396 288 463 276 123 214 421 278 102 432 475 309 443 96 262 424 57 55 356 120 168 42 49 245 363 117 230 463 312 101 497 217 428 376 42 166 143 178 80 423 418 22 410 313 274 178 295 483 500 31 20 203 412 12 286 366 419 20 364 497 240 170 134 433 460 297 358 25 292 76 65 291 
0 564 723 241
0 205 725 9
1 417 975 82
0 171 184 498
1 53 952 246
1 367 539 72
0 43 63 212
1 287 402 214
0 1 390 40
0 736 790 145
1 35 382 383
0 275 301 217
1 39 278 68
0 233 304 400
0 100 163 413
0 216 308 22
1 62 179 156
0 650 666 103
0 320 472 234
1 174 815 440
1 250 835 372
1 620 637 97
0 454 606 116
1 38 48 218
1 210 969 52
0 839 857 478
1 102 118 332
0 259 318 323
1 75 678 239
0 507 640 71
1 283 522 218
1 30 196 385
0 21 225 201
1 126 299 490
0 769 777 112
0 24 66 449
0 66 446 299
0 403 850 195
0 64 229 498
0 270 529 339
0 219 300 118
1 952 967 127
0 267 326 90
1 516 658 62
1 883 972 491
1 100 379 0
1 821 863 244
0 568 863 325
1 68 432 399
1 77 270 234
0 242 464 362
1 194 823 406
1 119 368 299
0 325 539 446
0 63 218 289
1 132 213 246
1 125 446 452
1 235 425 118
0 614 774 69
0 48 633 81
1 169 170 287
1 6 377 154
0 58 436 312
1 675 869 202
0 185 285 230
0 505 846 15
1 80 959 90
0 302 592 384
1 160 265 296
1 352 447 475
0 174 247 1
0 2 85 454
1 3 15 460
0 378 453 322
1 84 844 458
0 688 940 75
0 190 895 246
0 32 35 385
0 228 569 393
0 44 622 189
0 65 354 486
1 343 672 398
0 49 373 211
1 308 725 304
0 648 954 331
0 14 166 325
1 338 371 30
0 352 976 327
0 63 71 161
1 702 893 495
1 220 306 435
1 345 426 189
1 17 155 329
0 65 135 162
1 37 276 307
0 188 379 144
0 30 358 148
0 8 13 330
0 251 363 26
1 169 260 469
1 373 865 59
1 64 976 156
0 59 262 157
0 31 102 417
0 644 759 423
1 223 432 10
1 36 311 190
1 327 483 385
0 284 806 154
1 146 151 68
0 177 655 294
0 52 83 277
0 57 401 275
1 210 518 375
0 32 39 449
1 64 319 300
0 204 817 289
1 446 702 245
1 339 440 277
0 627 832 89
0 355 837 267
0 336 911 122
1 17 91 367
1 218 959 274
1 445 857 184
1 29 99 71
1 77 185 175
0 400 526 376
0 241 436 43
1 93 218 446
1 16 595 318
1 21 637 331
1 93 239 407
0 434 854 19
0 184 578 170
0 349 381 358
1 10 988 60
0 113 552 203
0 530 567 224
0 371 551 120
0 10 163 303
0 603 681 23
1 505 962 188
0 67 580 183
1 320 333 49
1 223 761 141
1 96 606 48
0 611 870 252
1 36 180 491
0 573 795 218
0 375 499 233
1 571 581 160
1 899 969 90
0 114 429 9
0 302 969 103
0 530 802 0
0 394 732 207
1 565 683 161
1 33 235 119
1 339 574 24
1 97 510 236
1 519 644 142
0 4 265 208
1 68 522 98
1 310 609 428
1 202 266 306
0 221 339 476
0 646 952 207
0 597 693 457
0 829 998 145
1 86 451 495
1 79 176 176
0 338 956 13
1 221 272 300
1 37 99 476
0 26 147 70
0 413 606 432
0 9 282 12
1 48 146 444
0 690 946 58
1 318 805 26
1 352 397 255
0 338 922 333
1 11 558 168
0 185 689 182
1 136 329 402
0 414 549 44
0 241 985 494
0 152 540 184
0 533 536 444
1 42 802 77
1 253 323 449
0 586 806 313
0 127 939 432
1 94 211 362
1 171 181 166
1 55 200 442
0 44 394 30
1 130 385 48
0 31 616 58
1 279 868 168
0 167 416 116
0 104 109 243
1 641 926 181
1 299 643 336
1 371 876 409
1 344 440 396
1 13 46 334
1 212 213 207
1 248 263 465
0 17 35 109
0 14 347 112
0 352 379 215
1 104 388 370
1 44 551 51
1 240 493 277
1 380 759 167
1 352 562 79
0 590 669 430
1 78 310 386
0 266 505 469
0 554 842 164
0 310 494 252
0 89 341 316
1 486 547 327
1 133 287 291
0 112 811 486
0 412 949 163
1 5 5 269
0 56 120 203
0 265 324 88
1 75 174 73
1 477 736 279
0 218 223 127
0 227 380 367
1 168 833 300
1 237 750 396
1 139 604 328
1 53 59 386
0 594 615 335
1 63 376 464
0 468 890 10
0 147 881 211
0 68 105 275
0 30 662 376
0 567 951 74
1 197 761 322
1 313 489 347
1 332 865 61
0 41 775 285
0 333 474 430
1 287 575 303
0 76 851 348
1 103 250 369
1 68 151 348
0 591 892 251
0 947 956 98
0 19 104 266
1 562 671 50
0 293 321 485
1 12 14 228
0 51 626 106
1 763 764 265
0 388 656 382
1 432 521 380
0 9 371 424
0 89 104 109
1 26 697 391
1 260 967 209
1 154 178 103
0 249 330 380
1 107 348 236
0 49 88 290
0 547 809 160
1 464 524 454
1 49 253 480
1 126 878 98
0 457 504 111
0 69 391 81
0 5 42 42
0 218 769 488
0 240 386 301
1 32 36 14
0 3 45 408
1 429 802 444
1 504 710 35
0 331 381 301
1 757 776 151
1 3 27 214
0 28 37 371
0 370 633 224
1 68 635 28
1 669 684 141
0 4 98 481
0 246 314 51
1 241 863 112
1 137 215 21
0 88 508 286
0 449 888 136
1 87 549 351
1 137 284 399
1 101 245 248
0 500 862 351
0 259 583 167
0 254 573 236
0 208 437 195
1 258 572 310
0 574 589 317
1 38 250 434
0 167 230 260
1 39 51 302
0 240 720 222
0 311 925 232
1 396 809 137
1 184 964 119
0 272 289 63
1 27 118 308
0 34 103 442
0 365 791 83
0 394 561 376
1 498 983 264
1 13 40 348
0 283 535 246
0 119 154 152
1 1 8 363
1 73 414 109
1 325 812 382
1 422 595 158
0 12 42 292
1 42 282 225
1 48 110 420
1 76 191 308
0 153 927 250
1 165 220 237
1 425 496 468
1 183 350 255
1 663 823 124
0 699 959 359
0 235 633 215
1 863 914 452
0 4 4 470
0 727 777 35
0 62 116 188
1 144 322 283
1 92 94 149
1 601 998 38
0 549 632 181
1 196 337 431
1 444 487 494
0 258 381 102
0 61 991 362
1 696 743 91
1 20 47 30
1 151 760 211
0 486 523 18
1 21 677 253
1 106 208 178
0 16 296 234
1 70 635 462
1 645 885 150
1 160 226 243
0 437 645 485
0 311 377 164
1 277 654 158
0 31 655 118
1 24 521 120
1 50 606 469
1 147 683 128
1 11 295 309
1 153 789 432
0 232 315 105
1 15 28 11
0 714 899 27
1 196 329 447
0 529 657 406
1 92 114 121
1 107 733 59
1 18 64 285
1 60 113 441
1 431 991 371
1 102 669 356
1 152 192 27
0 111 588 110
1 421 658 422
1 781 981 137
0 832 845 471
0 6 435 278
1 86 238 227
1 166 277 174
1 7 854 369
1 55 855 263
1 297 763 482
0 18 527 232
1 49 245 346
1 405 761 38
1 268 506 29
0 13 155 55
1 238 563 139
1 8 34 23
1 592 613 450
0 742 979 342
0 306 576 158
1 104 226 452
0 152 195 124
1 28 391 426
1 284 534 7
1 126 284 430
0 377 663 132
1 56 600 14
1 435 726 388
0 356 551 65
0 261 281 281
0 581 888 216
1 771 953 461
1 136 190 31
0 237 338 266
0 67 240 369
1 7 15 407
0 10 113 196
0 63 404 470
1 135 440 439
1 673 810 24
1 198 616 454
0 729 798 52
1 161 633 309
0 485 498 52
1 403 637 13
1 4 11 86
0 217 957 150
1 249 530 76
1 359 386 103
1 572 707 80
0 387 868 45
1 66 273 49
1 198 206 192
1 246 751 185
1 136 472 253
0 636 808 461
1 21 140 463
1 1 1 408
1 155 385 102
0 106 634 92
0 250 787 258
0 6 8 56
0 94 368 124
0 362 846 184
1 588 637 60
0 33 47 252
1 45 47 314
0 348 382 265
0 545 931 242
1 5 206 342
1 179 919 24
0 7 42 212
1 656 758 237
1 79 255 218
0 397 536 295
1 85 588 382
1 492 615 25
1 655 737 419
1 409 747 221
1 29 69 405
0 190 271 375
1 67 767 184
0 214 418 5
1 315 758 385
0 391 631 29
0 79 192 91
0 281 597 61
1 48 103 88
0 49 296 172
0 882 928 381
0 313 614 411
0 224 434 410
1 627 659 224
1 409 973 323
0 13 101 438
0 375 520 208
1 445 537 135
1 106 121 6
0 97 164 61
0 565 898 323
0 435 499 354
0 164 446 238
1 357 707 19
1 321 736 213
1 704 889 317
0 278 468 146
0 919 996 47
0 47 163 82
1 80 302 45
1 594 948 461
1 89 287 89
1 30 366 176
0 144 298 313
1 250 287 389
0 64 389 42
1 31 216 143
0 133 341 167
0 63 87 471
0 170 528 206
0 273 299 132
0 20 362 299
0 194 475 411
0 40 977 493
1 65 80 120
1 79 544 400
1 108 206 212
0 397 544 209
1 125 159 45
1 205 266 227
1 178 824 425
1 24 46 160
1 534 978 59
0 564 887 2
0 248 387 56
1 16 29 11
0 275 306 271
1 57 849 398
0 678 934 462
0 388 469 115
1 267 408 431
0 115 538 11
1 129 212 72
1 27 31 342
1 379 836 131
1 299 305 119
0 199 373 55
1 72 238 475
1 299 832 369
1 80 712 42
1 3 234 451
1 349 488 473
0 34 348 140
1 412 944 10
1 320 444 162
1 129 232 167
1 86 219 236
1 210 283 256
0 412 509 118
1 80 455 256
1 125 180 439
0 239 664 40
0 716 956 138
0 547 917 432
1 35 40 20
0 194 241 356
1 293 364 423
1 105 107 284
0 49 170 399
1 15 15 184
0 106 221 296
0 141 179 321
1 288 737 173
0 422 931 358
1 547 561 380
1 628 973 32
1 891 894 284
0 565 669 230
1 80 519 114
1 261 955 126
0 192 252 76
1 122 816 358
0 73 666 429
1 464 701 484
1 46 898 90
1 323 652 279
1 571 866 495
1 363 837 291
0 37 266 0
1 54 250 461
0 335 680 436
1 17 59 169
0 676 997 170
1 284 338 10
0 163 317 39
0 475 536 233
0 389 731 449
0 367 399 118
0 770 875 235
1 829 934 462
0 159 742 107
0 31 993 343
0 231 362 274
1 63 118 483
1 395 799 88
0 92 856 58
1 678 795 49
0 10 104 247
1 28 190 413
1 506 999 83
0 354 527 157
0 728 765 82
1 96 893 240
0 492 797 320
1 14 415 31
0 239 391 24
1 281 365 493
0 91 93 41
0 156 309 304
0 687 782 148
0 12 407 193
0 101 518 256
1 480 984 64
1 86 580 266
0 11 27 482
0 129 130 73
0 666 939 25
0 322 361 115
1 36 235 128
1 102 203 262
1 155 255 120
1 169 503 329
0 65 208 408
1 115 624 115
1 842 923 62
0 334 510 191
1 228 546 420
0 282 387 47
1 134 946 208
0 409 879 75
0 664 675 496
1 25 365 416
1 766 963 350
0 90 660 162
0 37 940 409
0 51 727 130
1 29 49 422
0 90 318 414
1 107 165 397
0 24 106 499
0 153 804 218
0 14 60 362
1 192 288 60
0 213 231 307
1 708 990 93
1 154 242 369
1 351 686 423
0 118 183 201
0 294 390 456
0 166 383 167
0 50 736 31
0 3 795 222
1 115 767 474
1 217 268 472
1 202 214 82
0 256 748 437
0 54 169 287
1 121 347 31
1 722 858 449
1 616 667 28
1 267 581 215
0 49 60 300
1 543 997 79
0 569 913 399
0 197 861 320
1 640 864 188
0 27 39 327
0 498 982 225
1 51 832 195
1 97 169 276
1 132 482 277
1 63 837 91
0 32 385 401
0 434 896 449
1 11 95 111
1 107 230 87
0 324 496 454
0 19 37 65
1 270 390 201
0 492 569 330
1 98 166 497
0 48 825 439
0 845 882 208
1 85 249 436
0 246 981 157
1 424 454 213
1 165 945 374
1 339 509 243
1 504 900 76
1 421 852 289
1 490 687 419
0 92 536 207
1 69 198 3
0 155 333 278
0 116 571 408
0 158 481 234
0 36 251 463
1 168 602 479
0 76 375 6
0 354 402 309
1 274 333 280
1 51 706 127
0 960 964 147
1 309 589 288
0 504 851 213
0 450 512 33
0 69 242 127
0 297 353 264
0 712 768 241
0 5 189 173
0 34 324 132
0 280 896 432
1 57 603 274
0 752 913 20
1 244 320 402
0 129 171 374
0 73 160 101
1 468 821 139
1 28 50 26
0 446 747 238
0 442 917 59
1 85 251 319
0 127 449 109
1 412 833 251
1 11 132 432
1 117 228 329
1 801 815 493
1 886 910 126
0 47 167 407
0 534 864 122
0 143 365 458
1 231 363 86
0 563 582 39
0 89 152 324
0 737 795 286
0 97 505 25
1 125 234 282
1 78 134 166
0 66 379 353
1 235 977 311
1 273 372 385
0 590 690 247
0 36 134 192
1 18 772 174
0 505 734 416
1 75 638 230
1 467 772 124
1 111 939 474
0 156 871 398
1 381 594 70
1 632 711 87
1 5 70 126
1 6 18 398
1 265 535 443
1 7 24 265
1 142 168 400
1 111 415 130
1 29 199 273
0 857 912 80
0 98 345 12
0 797 943 279
1 1 107 171
1 292 423 195
1 690 705 492
0 159 380 98
0 182 731 185
1 358 391 206
1 145 195 240
1 12 102 40
1 687 752 168
0 346 457 67
1 905 942 430
1 26 341 13
0 115 764 141
1 54 237 393
0 23 573 262
0 571 589 320
0 148 991 157
0 88 117 388
0 181 391 438
0 64 380 212
1 763 995 326
0 396 578 301
0 29 318 111
1 111 468 223
1 287 928 211
0 1 132 398
1 701 916 89
1 20 79 262
0 21 240 198
1 138 278 215
1 77 88 362
0 23 77 245
0 700 859 481
0 77 966 498
0 336 804 499
0 636 759 123
1 400 435 31
0 387 400 150
0 112 729 404
0 442 486 79
0 242 360 359
0 21 123 14
0 395 625 290
0 69 476 487
1 351 867 409
1 178 817 283
1 77 139 167
1 707 969 112
1 168 430 354
0 491 771 205
1 123 137 472
1 15 22 171
1 168 481 227
1 108 601 181
0 11 100 397
1 595 836 392
1 174 422 480
1 33 653 288
1 110 685 24
1 250 692 186
1 624 806 156
0 467 560 144
1 214 284 114
0 321 903 164
0 522 808 104
1 133 179 341
0 294 732 275
0 511 519 240
1 426 719 183
1 367 774 400
0 200 485 220
0 114 420 63
0 395 412 95
1 189 795 207
0 20 864 131
0 38 807 470
0 337 527 137
0 238 290 70
1 6 309 325
1 546 674 189
1 813 946 407
0 540 686 354
0 146 783 243
1 203 292 403
1 570 581 92
0 102 430 237
0 229 790 152
1 280 920 71
0 51 473 71
0 3 4 179
0 398 546 372
1 18 518 299
0 528 656 468
1 342 944 145
0 53 542 470
1 437 919 432
1 903 946 359
1 702 940 273
1 32 865 60
1 247 460 78
0 2 113 227
1 48 161 467
1 20 70 358
0 35 703 352
1 619 902 160
1 845 887 424
0 245 268 122
1 10 136 321
1 137 432 147
1 2 73 70
1 193 461 172
0 66 968 180
1 81 762 405
0 132 742 313
1 91 171 490
1 98 528 72
1 596 981 11
0 182 479 482
0 211 229 349
0 128 985 154
1 16 73 34
1 48 135 83
0 199 877 373
1 63 357 265
0 140 248 488
0 429 613 196
0 618 932 135
0 164 460 177
1 388 498 336
1 23 202 38
1 3 43 22
1 534 615 34
0 467 536 484
0 726 977 327
1 232 323 289
0 90 135 110
0 35 52 410
0 114 585 410
0 52 677 233
1 321 493 206
1 65 342 490
0 389 580 491
1 67 202 180
0 82 187 479
1 48 872 132
1 76 122 128
1 7 675 151
1 146 224 37
1 179 442 303
1 72 166 428
0 21 25 190
1 298 599 3
0 82 214 459
0 861 927 280
0 38 53 462
1 4 9 176
1 408 572 269
1 411 446 75
1 566 600 46
1 453 557 62
0 71 222 354
1 67 382 148
0 594 642 365
1 3 14 234
1 249 516 275
1 187 406 295
0 323 622 216
1 61 747 465
1 128 855 397
0 236 536 178
1 91 236 401
0 111 448 252
0 157 713 289
0 135 228 381
0 241 372 285
0 308 595 215
1 46 499 444
1 242 244 277
1 796 905 428
0 531 718 196
1 5 189 56
0 159 673 88
0 326 786 380
0 80 795 12
0 34 120 164
0 176 332 13
0 100 378 309
0 285 506 196
0 419 622 131
0 254 629 296
0 367 616 137
0 367 476 449
0 551 807 232
0 36 126 347
0 24 270 293
1 153 226 76
1 14 277 418
0 117 328 349
0 565 806 77
1 119 341 45
1 276 536 209
1 687 923 6
1 2 15 330
0 42 263 86
1 245 537 62
1 185 201 252
1 167 579 191
0 664 992 284
1 664 866 162
0 206 523 307
1 153 699 491
0 11 41 176
1 224 444 54
1 413 650 472
0 224 352 87
0 341 603 79
0 9 15 471
0 158 998 296
1 669 763 421
1 366 415 186
1 4 852 162
0 187 345 369
1 68 125 150
1 551 551 465
1 343 781 60
1 97 619 183
1 12 767 242
0 76 283 186
0 136 275 2
0 83 463 0
1 185 482 74
0 365 948 246
0 39 85 166
1 235 396 140
0 256 391 457
1 234 507 106
0 157 807 431
1 248 380 348
0 9 199 102
1 26 178 315
0 570 735 104
0 43 143 461
1 10 667 78
1 200 224 373
1 273 432 152
1 395 511 93
0 88 99 283
0 161 592 63
