100
30000000
30000000
30000000
30000000
30000000
30000000
30000000
30000000
30000000
30000000
30000000
30000000
30000000
30000000
30000000
30000000
30000000
30000000
30000000
30000000
30000000
30000000
30000000
30000000
30000000
30000000
30000000
30000000
30000000
30000000
30000000
30000000
30000000
30000000
30000000
30000000
30000000
30000000
30000000
30000000
30000000
30000000
30000000
30000000
30000000
30000000
30000000
30000000
30000000
30000000
30000000
30000000
30000000
30000000
30000000
30000000
30000000
30000000
30000000
30000000
30000000
30000000
30000000
30000000
30000000
30000000
30000000
30000000
30000000
30000000
30000000
30000000
30000000
30000000
30000000
30000000
30000000
30000000
30000000
30000000
30000000
30000000
30000000
30000000
30000000
30000000
30000000
30000000
30000000
30000000
30000000
30000000
30000000
30000000
30000000
30000000
30000000
30000000
30000000
30000000
