821087
15697
4374
3789
6046
5604
98
15178
1836
156
198
604
11080
376
467
540
2144
457
37
2729
775
462
860
2693
552
2552
1513
2030
867
563
932
3125
2053
294
82
2264
211
632
1922
524
5477
339
373
771
1164
515
106
810
1602
1041
2142
2379
781
200
3221
6120
116
1286
184
234
692
358
2444
480
1066
1971
428
1115
3016
4360
655
1038
4382
914
159
718
992
3179
281
460
1050
278
851
341
611
1142
314
142
511
290
1082
495
2689
824
3777
1631
196
166
585
447
2358
3205
2688
644
2055
733
1812
323
1687
2160
855
586
1032
2960
1202
173
2701
196
2605
798
524
331
834
427
1029
1240
1710
2163
3443
207
48
369
123
3788
33
1446
2832
1525
754
3769
42
4209
658
249
2131
666
292
446
211
228
149
523
317
740
304
519
673
390
409
1453
1057
659
30
1534
545
407
642
2831
3618
2212
1791
1718
159
598
1127
71
1273
347
2074
236
1477
311
470
75
943
1728
2368
707
525
32
921
3412
2152
77
744
1312
991
285
1891
1050
623
665
4145
3759
1409
4437
87
132
150
866
900
918
1824
464
1211
532
197
132
479
2467
1796
2421
669
108
2000
354
2820
2246
266
1862
122
3020
526
1319
3529
1888
4
2345
525
487
3169
1434
1719
1910
535
332
224
3097
470
692
641
738
107
135
10
976
143
1942
1008
418
2811
3522
291
21
2890
287
2556
13
628
619
552
14
2641
842
154
36
1636
23
2457
301
4423
1442
4286
306
2971
1143
4197
1547
1002
3386
2233
20
1476
505
526
767
2028
380
1804
3565
29
472
736
1519
233
1683
1850
346
105
262
689
140
79
830
872
927
1402
490
770
494
26
163
2141
1367
4305
80
1520
1859
491
2045
7
2199
502
1174
532
2375
2441
319
1717
2486
859
2795
521
97
972
1226
113
2638
447
1422
2963
384
982
423
1077
69
857
489
734
1570
1068
2307
1308
2866
449
1333
1919
3952
2236
307
147
854
1654
2090
1835
490
1173
224
1483
1533
689
659
837
2455
829
1512
38
546
3467
3148
2903
23
1112
60
4263
2408
1874
101
103
1798
3987
74
829
2991
648
258
1163
3
233
3504
3957
1085
2154
617
1930
506
837
1271
1821
3343
3832
337
3797
1134
1106
2074
1559
4169
1201
536
3160
577
1336
1116
1600
1186
4119
2768
3971
10
1071
1842
4313
1816
3148
2089
429
748
104
1822
528
1481
3025
1960
1615
4599
2435
3371
1744
170
1546
142
59
1012
283
15
286
185
178
3712
1252
462
827
2331
1138
134
621
468
30
1291
1669
606
747
2443
64
771
145
1366
3222
249
870
1522
1954
197
627
1802
1088
2756
2467
691
2074
2421
2798
30
289
1300
97
68
306
1294
2100
2224
632
1500
693
65
365
1941
66
1533
1101
24
1660
1533
2728
213
96
873
526
188
1411
4122
1
148
129
2264
1614
3815
1190
971
2525
3302
161
3593
225
451
1291
3039
3189
9
2612
2291
268
1220
1702
2069
101
1429
1358
1999
273
3642
3065
230
1547
741
34
1763
893
350
1799
2476
542
296
1283
54
320
3097
2755
1545
3704
561
537
258
429
394
1872
605
53
353
1040
318
850
3477
1356
1382
1159
217
1516
1487
410
227
280
1745
2073
1626
1378
965
180
4038
144
688
885
2805
1783
855
266
204
2283
959
2466
15
619
1189
370
127
994
461
413
3499
310
2121
437
371
565
2075
39
341
190
782
70
553
3865
1883
1088
1248
108
402
502
509
941
507
2481
1799
315
235
3817
64
73
609
503
294
1508
983
2625
404
1751
281
421
1715
1013
390
1616
133
158
415
2255
1001
1014
840
3244
910
1092
820
431
2300
1563
9
848
660
508
604
646
861
194
155
726
480
824
885
1385
975
1010
3736
1481
76
411
1511
1016
1334
2041
1359
247
3122
34
556
541
127
347
1157
411
303
1126
252
647
552
613
1008
1856
2764
519
554
201
70
1159
526
18
1746
1806
559
1702
278
8
1426
3280
680
633
1083
2062
13
367
446
18
519
2134
1440
153
3
1872
793
1994
296
2929
2970
2099
590
174
264
1252
978
2475
1987
1119
1416
2894
277
2166
47
2932
1474
1213
293
1708
1263
330
446
2354
224
2778
1506
436
2763
352
88
28
626
910
15
1057
1380
1087
3655
3172
147
445
511
197
3559
1424
3122
50
159
788
1010
505
2994
2218
280
3473
2272
133
319
838
593
2859
2
2308
814
1074
99
327
1464
264
2909
2143
329
413
98
936
1883
342
1332
2300
1015
2209
722
488
1963
116
390
61
439
3541
3449
1923
539
1127
11
251
2801
2949
2554
626
749
2374
10
1773
6
2501
2537
1831
1551
2063
1016
217
848
644
1258
1722
3253
480
181
323
2584
986
606
689
991
120
1001
959
1326
912
2760
3049
603
1222
1759
638
272
1713
922
709
298
12
1208
37
901
5
2478
1661
545
2545
548
53
244
761
265
152
334
1575
434
1506
1471
108
593
1753
96
250
1362
94
1025
69
2150
350
3355
3084
1782
589
260
661
2282
2011
1121
960
532
2107
2488
1955
31
826
298
155
180
14
824
1901
2098
718
58
1702
151
652
503
361
58
1042
577
483
1434
319
1383
1592
1995
718
1367
1151
2608
122
1234
3079
1678
1022
1779
9
236
1082
3141
1039
1574
2963
1466
1941
537
111
233
1699
1931
598
1145
1008
1970
1442
1420
97
282
326
1109
76
1058
2713
3377
516
139
50
365
2312
1366
459
4031
2426
345
314
1082
2431
133
1767
2428
19
1027
695
1457
347
1080
930
296
128
3375
813
741
1790
2543
1921
255
605
4760
997
796
88
1266
2999
415
190
63
1079
787
2833
598
3045
319
33
56
1805
205
2933
103
996
1009
765
725
1668
513
308
166
245
2443
3040
1452
230
1581
429
1183
10
1010
3259
62
330
914
474
769
107
1275
6
2470
3030
451
2399
344
1449
2186
919
601
1684
3413
27
11
1005
862
3123
2259
105
1162
142
749
31
1013
1263
2436
1440
642
2902
3199
2715
147
1521
132
675
1366
1460
416
1848
1232
165
165
787
2953
1070
2090
1819
47
468
2395
533
1571
73
25
3791
268
2347
3885
1662
1288
616
2567
459
1190
1951
951
1013
3008
2378
984
194
1917
460
2689
1348
3464
19
651
780
879
148
1670
874
448
3649
156
3261
795
2228
858
194
1240
1127
1721
940
923
1427
932
2787
1006
3307
252
68
1
813
934
1644
349
54
686
145
2313
2599
680
2188
1859
554
913
682
909
490
802
364
569
20
531
366
256
919
942
506
1067
1381
1495
776
418
1053
2165
4048
1756
1438
365
870
161
2164
3040
317
2034
444
204
1117
1919
2127
1847
1980
1241
394
1427
563
1156
1211
879
1552
244
705
1645
1635
367
197
384
533
7
2096
780
811
817
466
1338
1179
515
950
128
460
184
2182
2454
2553
255
348
4190
546
416
1749
24
1112
59
1423
1346
335
487
1163
8
483
2936
420
1332
963
67
107
693
2042
1931
557
2677
231
158
1166
236
1436
144
1545
949
2757
2822
3574
2263
2149
882
1265
1579
916
315
355
32
871
592
1095
206
14
2001
367
204
315
884
556
1288
256
142
1172
500
502
2006
188
452
565
455
826
2392
1430
4035
4566
83
250
166
916
1994
357
172
2035
175
2442
1156
336
3173
3264
2020
1995
1220
235
1206
140
43
1512
26
361
111
565
2466
1576
170
1775
225
4541
185
3245
1621
770
1404
1153
132
1850
241
21
1053
530
765
3124
2136
2008
100
244
1533
249
439
121
1462
38
1454
321
1103
2098
504
1221
249
216
1348
1089
1348
73
1018
1038
530
891
8
318
3409
435
101
3438
250
2251
344
150
75
781
28
2
403
47
626
1020
149
1308
3
51
3631
145
3112
3102
46
1811
169
86
133
1513
1402
70
87
142
2068
10
3485
520
333
626
68
4693
2563
3549
19
1180
224
130
682
438
2588
3283
916
955
2193
2453
64
133
481
561
1873
782
2125
1115
451
1833
4553
247
2436
1811
41
34
1954
2330
2363
190
3635
343
607
222
221
781
110
1263
107
517
2668
1444
827
1412
2205
3861
814
1302
2314
3083
31
1942
553
132
840
724
507
1306
82
2457
55
1062
2863
1623
311
4620
97
2562
72
320
350
8
223
215
662
1422
1567
1963
696
311
1900
897
2290
54
1359
120
1743
58
952
2618
66
196
81
1590
3094
490
485
3300
414
879
757
102
166
267
693
3237
613
3359
2406
719
1881
806
3072
279
411
2277
87
583
1140
3408
1373
100
172
2908
927
168
610
313
640
843
50
649
876
1995
638
3
1848
1152
1252
184
1105
1493
4499
1833
2159
2229
1460
622
1243
169
183
3075
762
3407
1503
1832
1770
1295
2305
605
89
1352
1189
1993
1278
71
305
3275
296
2510
1309
72
240
496
146
178
1072
81
309
1206
277
997
465
1418
1384
768
2157
685
9
178
111
527
84
48
1982
1349
635
287
629
1114
2088
2497
2607
1208
290
1925
2692
659
229
692
1792
1618
369
3607
190
2769
3573
2701
1302
393
428
867
761
1748
291
43
692
615
615
1599
2161
1603
1800
273
618
1017
266
1487
25
3173
1609
24
320
1365
1680
309
1526
296
2518
3020
4302
307
2412
1241
1454
2636
1821
2052
344
252
395
1230
351
478
3531
1564
907
3724
31
1976
537
3640
2300
88
953
799
84
67
21
1146
635
184
2278
645
472
3078
1036
2237
1207
4263
277
1449
1845
4156
864
1214
546
611
526
2355
2160
1604
763
1293
1526
144
11
1063
2195
20
2927
726
121
411
314
3091
352
2488
632
3904
41
4196
2250
1131
1861
1423
1067
2413
2073
2176
134
625
498
237
1488
141
1257
930
1467
772
702
1777
9
1901
343
965
2133
1309
374
102
2845
2839
374
664
141
146
326
800
1576
951
1032
768
700
752
3165
689
1406
2562
1266
1090
400
2882
1316
967
98
1091
93
1846
355
1574
1145
91
1169
878
889
828
852
597
3534
1437
1856
618
540
516
28
1831
2206
8
1348
1124
2758
1575
69
85
1781
388
1140
1999
18
114
737
198
1808
82
578
1094
1457
698
3841
2598
1095
593
528
92
1683
1117
1107
640
1751
322
4507
1002
367
419
103
53
202
116
311
726
184
469
1013
3797
635
2526
3223
210
1437
304
213
43
1920
60
42
2142
4808
1126
793
37
513
3858
830
170
541
606
1205
1455
4307
2342
1909
2898
3247
457
1227
1421
860
106
178
2636
549
1203
534
489
1166
2633
1015
77
1237
1206
202
40
1334
2890
2780
128
219
1224
537
3484
1672
3064
1932
3
2036
264
2279
966
408
4613
1401
265
1234
748
64
3009
1236
301
2215
1981
860
2822
722
2967
3446
4452
858
704
224
1874
1170
2188
1271
3180
2646
3731
1013
57
220
1068
843
20
3070
1580
394
339
2473
1281
66
2156
183
1350
2647
3751
127
287
189
32
908
4078
1762
1811
2699
1677
506
411
826
763
1545
107
41
1452
889
465
2874
124
427
1464
2926
154
750
904
1064
441
69
241
1374
1711
257
755
891
2
303
163
736
394
488
999
1192
68
53
29
676
889
1345
2406
459
517
980
3015
185
2044
947
1830
88
463
660
928
3528
204
928
29
140
361
132
452
3502
5
1509
2213
1367
525
2020
986
833
832
376
665
545
507
443
3339
600
3221
3390
1012
2575
1492
89
692
1451
2615
924
2774
1765
818
3091
78
1456
3984
18
2224
1875
310
778
4410
962
1244
287
284
37
3059
92
576
1834
99
259
935
1264
856
1627
1083
694
145
1195
183
1040
849
209
542
2164
756
994
1914
3761
162
649
2290
618
1654
611
1911
96
153
886
792
2888
2883
1021
1461
1046
383
127
2488
768
2843
4654
1866
454
572
661
1478
171
273
33
30
470
1918
1171
343
505
1293
3289
2190
2454
86
1781
2017
517
1519
953
1678
878
1667
2943
2030
1335
2345
2310
1573
342
225
881
121
1745
2841
2214
2982
1409
613
1641
1745
8
2136
47
761
1056
1651
548
1748
1659
2989
1085
2361
17
2641
513
130
206
747
1130
442
604
578
282
31
779
556
2703
715
2845
1197
2988
145
1476
2730
932
1254
591
1364
1683
284
78
80
307
14
1906
2689
3254
1362
1021
106
1831
52
188
810
1099
1829
162
2343
1794
785
648
3181
3787
1400
2602
559
1123
3903
1048
4459
469
505
392
481
122
173
180
549
1180
229
2752
1518
496
2478
500
434
601
1466
553
602
680
1905
344
1619
1777
1676
92
3621
290
1272
312
450
142
121
528
25
3153
784
1317
2673
1396
2289
819
2876
488
89
1578
382
286
612
2057
374
634
1179
919
1718
1452
2888
50
101
3214
85
87
454
523
93
236
879
1628
182
147
1700
1831
476
2104
2020
3841
1339
781
1657
1051
435
27
136
1083
867
2745
487
441
1988
198
1515
1896
3028
1773
1609
3237
587
855
1401
135
3859
3231
3532
64
2479
136
92
498
1722
1871
825
309
562
3134
11
266
822
94
236
2181
367
150
1569
3205
1
332
1209
2285
1900
1064
127
216
1934
2263
3298
306
2728
561
281
537
357
2271
142
505
55
2105
1062
5
36
1734
95
1057
3669
2593
3913
713
45
1074
1459
3666
2376
525
1446
3140
907
81
1137
72
9
1434
1127
297
2424
