371100
122652
37407
416439
5443
192318
122361
701
574
202
8772
3294
3707
8874
2377
404
212
129
70
4207
5170
23284
1842
7097
803
11160
2605
772
1759
211
719
3617
10600
209
319
78
409
754
2405
3548
279
1618
875
105
18
2092
269
596
9
218
3374
2329
2184
3113
2034
1525
659
1341
1051
1978
2229
280
937
209
1403
2759
2396
1242
4271
1778
80
3106
467
2761
440
263
2430
1549
1632
1232
118
190
3413
2236
3260
152
32
1059
217
1
2982
1151
903
2526
779
21
919
3481
1595
930
2116
646
945
113
212
397
38
1735
1050
437
75
211
2872
1568
3667
1548
992
2715
1016
168
706
363
2370
72
1754
509
1835
450
2826
10378
1758
4
1277
1202
437
1008
3822
83
1012
1662
257
64
2830
2541
3202
483
1066
2966
877
2469
114
1804
903
318
112
2835
1383
1745
692
1552
1976
782
3261
1517
1166
742
2428
2277
3504
2817
100
1688
1752
1448
101
592
24
491
549
1056
920
756
467
1570
413
10
342
612
1616
2601
983
353
1460
359
467
918
23
459
438
2207
375
143
1383
313
1647
754
721
2805
691
151
984
1117
555
1680
1088
261
1068
2457
2425
2417
1938
498
377
142
234
755
2829
1683
664
197
5829
64
20
3398
39
3175
1488
3782
2530
76
1242
1737
650
1314
272
660
368
946
688
142
143
1782
1917
1336
2091
31
2328
889
118
935
3071
870
2283
1195
2859
682
721
1936
149
855
4118
2692
531
103
32
138
323
1042
467
189
1349
712
2049
789
637
574
2861
1559
568
1176
1906
758
86
1690
999
304
1874
649
2354
2201
143
393
2589
1113
1
1623
1202
83
1826
2342
6
440
837
153
313
1601
1541
77
1277
148
2377
878
207
2755
1174
1156
1776
697
753
396
33
1056
341
2695
776
3
1041
1223
170
2173
946
464
2623
709
2422
144
25
722
62
1899
1459
338
2500
874
2907
197
2399
3532
594
711
2010
865
624
790
310
1061
16
3320
565
892
2280
2899
1236
2364
3
593
144
93
742
809
174
677
2384
2378
3638
18
2826
1304
3067
14
203
2871
181
219
97
2799
1584
32
2379
759
2185
146
178
430
503
900
505
1291
1474
1521
360
448
1196
56
282
1688
2530
924
2454
809
505
1242
3810
142
1559
563
369
1039
587
1854
1119
551
1470
2758
1311
267
3129
1248
302
105
2838
27
399
361
4796
2869
2298
716
1502
63
1715
343
900
942
95
1805
168
1489
1534
551
3661
61
718
864
787
39
383
328
450
1513
2433
2816
1741
2808
378
796
1229
1411
3899
3769
2192
121
998
1062
2402
993
767
1945
40
963
293
1233
656
80
603
2113
118
374
1234
2346
1432
2342
2538
1280
2219
282
1509
47
675
1097
381
3393
3323
1509
1574
181
2068
280
1765
4145
921
1303
410
1962
10495
184
3932
2844
2553
1150
993
1024
3572
3363
1049
7
330
2153
55
264
183
22
636
205
1594
48
233
2177
932
504
2728
1036
1350
1145
1004
178
1866
381
1144
2149
836
920
406
1035
2976
3455
388
3043
1593
185
1274
85
966
857
550
689
216
1020
722
4103
1498
858
1572
4066
1628
1768
938
4018
375
451
2485
172
148
99
257
334
2169
621
127
476
141
2113
841
1564
96
16
1999
918
1573
798
2225
15
56
13
11
26
2027
969
613
2223
259
984
420
273
4219
833
1574
2293
373
1296
295
7939
1777
1193
2
2014
45
3733
2839
2598
415
310
428
585
1408
694
1959
775
3321
4174
3897
50
1349
1911
226
686
568
264
413
124
3178
148
214
1049
2473
1904
2125
1397
491
2157
2380
788
1261
3805
1419
586
659
98
2490
1215
60
3043
1502
14
1097
10
56
1984
1763
1673
1928
26
408
23
1346
316
2741
370
821
76
2408
2449
343
247
1509
1884
1463
325
59
126
122
255
284
1223
1933
3372
288
105
1115
133
1717
1899
3320
1086
2
4118
186
943
676
796
1375
2027
441
27
1483
846
2048
894
771
1603
222
115
1209
1908
872
3930
1272
1347
936
13
761
507
24
231
1557
2905
2944
244
2993
989
9
174
241
1126
550
712
997
67
2235
1535
393
333
526
2691
3561
734
2745
440
874
26
251
1911
874
912
351
389
2334
853
2312
1396
292
2852
2606
303
1130
823
4297
259
90
2923
188
588
66
1491
3712
179
3564
765
1228
374
1724
982
450
153
233
3345
1778
407
70
1876
3169
1621
1107
1
1086
545
718
569
3245
2573
1046
561
874
762
24
57
1036
448
2389
1696
398
3120
1033
1033
2488
2601
686
104
1735
620
570
1891
567
100
610
199
3639
422
798
3717
41
4340
3576
933
198
834
320
84
620
3595
451
1384
3016
2107
51
271
2238
257
531
623
1910
2510
2890
63
3346
554
1855
306
348
573
3463
916
2163
975
646
528
2173
81
168
2861
200
2906
2378
972
3368
960
301
3468
1017
249
1124
2277
1539
2000
615
796
723
3672
2383
819
161
1551
484
353
94
2402
828
1941
2827
3176
317
619
631
1597
2833
2805
285
2550
1631
12
1915
186
34
793
22
318
924
134
1016
3772
1216
1847
324
1107
159
797
1970
206
2760
27
759
742
2151
12
404
232
3332
702
1053
840
2886
1956
181
3304
428
1215
2223
700
85
883
3535
3724
255
2139
359
995
120
126
355
623
726
833
4296
939
1177
1866
935
393
156
1050
1607
656
729
562
1032
1551
2652
479
567
285
2
28
545
52
108
1755
18
1050
871
994
557
1375
1216
366
2443
3474
2220
940
640
364
2188
299
1782
41
3
110
2954
110
718
716
380
702
1484
357
638
523
541
296
1409
224
723
762
106
1488
129
538
464
1
62
2321
382
2675
237
364
2018
205
2411
1421
558
190
75
664
72
1303
2467
543
3631
4379
670
787
90
866
24
212
126
976
2776
299
274
673
2281
188
1
512
2189
147
1006
811
385
1458
1142
30
1234
896
1009
2358
759
2763
3243
892
233
651
89
265
656
1464
263
1884
1062
552
549
1543
631
1856
277
379
1614
20
1382
858
681
960
63
1741
138
720
1299
1844
1006
1469
2875
1483
404
3260
644
3572
52
1190
1716
2055
226
2190
2454
439
1592
468
90
157
2949
213
550
3785
482
610
552
521
1013
3012
1236
1794
4649
1065
1767
91
122
847
4278
654
538
465
359
831
433
901
189
1489
1091
18
1270
2914
347
1957
235
86
166
2778
2769
2094
862
1987
804
4
2835
609
1187
41
478
575
402
947
2171
1016
631
590
2249
222
2842
2163
2561
1
562
185
1805
889
2474
3576
3113
87
149
143
1947
2026
415
770
823
1770
1476
4
2290
1063
41
199
603
572
2531
469
135
832
3657
481
232
4026
44
1197
1879
2237
710
625
1083
419
1796
302
1270
1593
2
586
1943
156
4
542
1775
1281
2841
1876
28
1069
474
1350
2182
268
32
2784
2324
283
251
5
164
68
83
947
1898
2829
3131
1453
1925
1862
305
28
2785
1175
3240
823
425
995
1162
420
639
930
1803
726
328
163
1257
787
3396
601
2708
252
2702
418
3185
641
3270
1344
813
211
3129
148
1532
2998
1049
2086
392
301
666
3294
4567
196
2400
1225
4663
1820
628
435
151
2926
1085
1994
791
41
919
509
183
277
13
850
642
524
810
890
804
924
433
332
86
801
2009
399
2005
541
610
2037
1218
345
140
981
3319
10
1286
1835
1787
4022
2611
3135
1227
143
11
178
130
1682
283
280
543
1824
2177
2541
1592
933
2118
1821
1936
233
788
375
1760
633
760
509
3248
242
2727
1867
599
373
3780
804
56
577
306
204
1232
657
1786
2509
1680
315
111
2312
521
45
2126
766
3326
187
1771
2880
828
2230
213
603
1390
580
2193
1030
281
4221
2138
17
37
1368
1174
86
3137
3554
348
1433
820
2858
904
3667
53
1901
2281
282
455
44
33
1586
266
4386
138
729
1746
1776
3063
160
63
1518
1597
3655
486
1564
1373
230
634
1175
91
741
4
2474
563
127
1036
2271
379
1935
920
3
3302
1156
1922
433
2669
137
432
2056
521
690
177
69
203
2642
27
411
2392
164
1101
362
3224
4301
1653
419
339
1610
703
284
464
1675
2378
595
2293
1724
724
3426
443
98
1704
986
974
1385
1378
1980
1075
2152
2
1913
602
366
828
493
1256
943
850
611
1760
4113
90
1142
2026
111
325
1915
3788
2991
210
448
2549
304
316
441
1452
1333
1427
2075
5
227
345
1122
57
1191
429
409
729
60
36
369
406
120
549
333
182
4234
412
67
2245
818
1504
518
963
473
1199
2585
449
2114
2545
110
2010
416
3316
73
2156
2177
105
1098
755
2627
930
227
42
1054
1649
1944
1092
85
246
244
349
1984
1486
1384
3557
3944
1616
458
1510
2183
903
82
57
2119
121
15
1044
1216
1093
385
1235
3085
1751
479
184
28
534
68
87
1092
717
1650
1085
2800
1056
1550
1767
204
3022
19
162
161
2697
1804
147
1570
121
2279
2830
124
1226
1108
1056
2813
138
428
1378
531
1921
99
1992
1183
2717
1696
2878
332
222
4351
580
377
806
923
1071
1
1143
5
1016
2520
155
12
836
378
1573
1748
2117
246
157
2999
1025
13
24
10
474
902
701
1599
3748
14
98
2644
3206
1370
862
2496
3348
949
591
2207
748
775
2174
959
466
2843
1314
811
831
1122
66
1302
172
1897
486
13
983
1638
1200
983
891
1605
2537
2028
258
1852
2175
3067
367
3788
1549
2214
1394
344
2370
716
1237
1031
1033
2207
504
464
2635
998
2125
25
1866
591
752
396
4338
5
2569
949
1665
434
3278
450
1128
1100
649
1215
1842
2590
2501
1569
136
850
685
1342
2199
601
4047
392
314
277
572
373
3758
431
749
1957
1735
2635
4602
1229
1992
245
1244
862
1550
1925
773
177
545
1534
2547
264
1307
2439
17
886
2709
271
3670
657
363
777
860
503
3184
2083
669
370
794
1056
4650
2281
1196
582
2264
1739
515
2567
1040
41
3
234
3394
1774
854
1063
121
311
3649
29
266
2014
1868
1
891
11
736
49
3209
27
1350
852
3390
118
3687
973
848
314
672
217
315
1066
443
137
1443
2710
399
1669
746
2682
3453
3761
341
163
587
2827
2468
2760
137
364
422
211
106
2042
2912
1998
2786
55
3999
2340
769
2264
1779
108
1036
1124
16
1284
3491
2572
270
405
186
4779
1657
1820
1541
40
3380
4417
3225
417
3992
482
258
3299
1521
453
644
93
200
1224
430
1453
358
111
487
1991
4063
2454
16
2163
204
46
1591
2802
57
255
469
588
518
336
767
99
1993
1657
1182
1039
145
1694
2550
3955
131
4873
360
216
2514
904
666
3307
1280
1850
540
568
21
955
366
627
279
128
675
284
385
54
731
2030
3485
676
11
2131
955
322
608
132
1775
270
3143
2435
43
270
3244
416
2468
574
1012
121
610
1555
3486
815
99
2304
42
3341
2234
4024
661
353
102
1192
1120
820
168
891
1678
1301
498
2428
626
1856
66
44
1779
307
2359
2059
1425
471
1409
2746
198
1291
40
169
1492
2745
840
365
163
1573
581
1066
2230
2320
1146
747
1432
1599
62
42
330
568
405
856
2123
196
1475
1210
1654
1390
1031
3073
180
749
1518
1291
269
722
719
1891
628
1433
263
1823
2017
929
1232
1591
958
2735
1279
1316
640
287
58
1891
2430
209
87
3894
321
1674
359
413
923
2676
314
3088
407
2136
147
628
1825
200
109
44
3195
1022
11
935
20
170
68
107
37
781
1720
1097
1776
1169
719
1980
1428
629
1603
3142
2599
13
15
27
988
1647
55
1780
95
1761
514
347
695
546
2278
2042
46
3493
3636
258
608
277
621
1177
254
1400
1498
1621
782
156
2172
2109
703
370
267
2841
2040
3221
476
105
236
177
478
434
979
1279
1108
154
4156
2791
1797
444
1711
1486
1032
366
1803
734
1891
482
174
391
2167
2997
2243
164
3339
1233
151
326
32
2640
359
2000
3
949
698
1410
17
3194
2232
3842
32
1622
2472
178
3586
1938
1039
74
149
2300
1421
484
262
2619
804
4708
786
2344
3745
80
1613
3
761
2370
344
299
1607
2400
592
99
1756
16
1636
667
1063
221
2627
4188
1563
474
617
2621
865
113
227
2881
979
25
3223
1249
112
3341
2213
1480
2356
402
2371
3210
642
109
1542
43
238
2441
636
2089
610
418
706
1335
201
1293
1832
1647
1128
1856
161
542
29
32
199
1511
334
460
1404
1940
1947
822
441
944
117
2048
1015
1506
453
480
746
3694
2539
126
1010
1063
2625
3154
2811
1801
2307
166
175
1875
149
1808
542
63
759
1976
2327
358
929
460
142
484
1350
189
956
390
4018
2266
1781
599
793
301
13
1374
879
427
260
2715
451
2204
797
444
1524
911
337
585
132
208
610
850
184
16
517
1273
415
274
2073
762
559
630
271
122
245
1055
754
874
1476
975
1949
493
720
899
3402
128
236
132
240
788
3635
11
4088
330
1148
416
611
1444
3103
793
2392
57
1042
1151
966
1910
1969
1960
291
945
293
4247
72
2890
571
339
429
3585
40
201
1343
166
3754
489
3631
1747
638
1220
136
788
263
145
1063
1382
1707
1980
65
75
63
789
37
690
164
548
1720
1414
567
2484
2188
1112
23
3478
324
1793
1077
116
1131
735
1643
972
1225
999
1972
2830
831
399
2939
1839
