6439
44351
4544
238
52081
3293
2505
47046
37433
549
465
1975
12097
2736
805
1049
1912
13320
9
2968
462
48711
388
743
1343
910
2432
584
1046
152
278
2312
7473
1593
1697
1682
416
2616
577
219
2569
2565
1823
313
1351
1541
1062
2037
419
2179
1218
671
3168
1147
49
123
252
1294
1270
796
3692
454
3564
1319
3615
1567
33
796
273
258
439
2035
1180
449
1950
30
1922
3077
4075
1731
600
675
993
1152
1554
589
141
1330
128
422
473
4186
71
1463
2201
1191
1107
2309
47
1033
545
1636
286
904
194
254
878
154
796
1445
919
4262
196
1557
444
180
4161
434
2415
824
762
956
1648
98
291
391
947
1751
363
735
568
1478
314
2354
462
1750
527
1407
40
5155
3053
429
61
148
317
984
1836
119
263
181
2077
1740
1670
3168
232
2270
715
948
2675
2
1374
763
563
2286
348
2963
1690
218
144
1605
348
1337
492
2777
216
421
1692
647
31
3209
756
1510
2186
1238
36
1067
201
625
1787
5564
131
342
2857
4018
677
366
1117
214
508
1158
2017
447
1270
1380
32
3001
1313
1215
1239
3347
1419
420
885
1998
1194
121
2578
386
1259
1120
314
13
720
542
160
44
1030
686
3017
3807
228
164
2344
798
442
3584
75
266
1820
3059
2844
605
1485
960
2045
1423
2534
1603
64
3795
3975
40
2430
1761
515
1305
3087
2142
420
132
633
820
169
1927
458
1328
3136
253
1245
718
1822
680
2469
10
684
4102
1746
1017
2179
176
676
2657
1404
6
1930
1041
343
76
588
232
1586
1263
2161
5346
430
1770
3762
541
200
816
1277
4529
1456
1755
482
485
85
2
100
2188
1299
2931
162
2706
1551
894
385
197
2845
1322
868
325
940
2469
12
1507
117
351
494
287
3388
1335
1954
318
123
191
1108
1807
65
2251
19
2821
17
480
483
307
1233
242
224
2248
1942
2133
2207
2051
425
2246
579
802
3488
1465
1454
2678
2257
863
521
3693
647
81
2002
4441
1064
3841
369
373
3
1900
494
329
2881
486
1768
107
1021
124
1472
132
1984
1895
1164
1308
993
1286
476
355
554
1256
924
713
667
1106
139
4431
2710
1763
3542
21
3148
728
166
508
3100
970
718
294
45
10
1483
1806
1658
1473
166
2121
672
2329
12
3
2534
1322
370
3563
1296
508
626
240
40
53
33
3012
755
871
2408
76
2628
1017
1309
4208
2073
60
152
22
2246
3377
1529
4165
145
482
371
2688
376
2287
208
22
2163
2048
1425
3503
1273
2587
1466
1051
2585
193
1177
1935
1821
1031
1952
363
42
1104
225
2812
202
125
2239
1487
129
2479
402
73
197
1428
1481
2643
1042
1449
2782
2260
976
469
1953
394
3298
3303
217
715
1293
2939
2834
1793
2722
298
1835
1822
886
2962
2252
2703
1151
141
2038
1529
464
85
3619
666
889
4521
723
1056
503
274
1716
11
2134
1087
202
399
401
693
414
504
1306
648
53
695
222
3252
1258
601
447
173
1301
3663
4073
909
496
106
41
3950
4
2778
1341
71
167
131
2240
446
80
3617
680
1289
1934
1242
111
3417
562
1051
2540
400
276
663
400
941
970
353
2785
2790
52
3607
405
1573
1330
138
3263
2279
405
1493
47
1613
1237
4113
1901
1529
319
2004
1
3600
854
1070
13
3091
3870
2190
4089
231
568
3487
1619
1574
4653
976
474
1743
909
106
70
68
150
382
826
127
1011
1127
1213
880
333
440
107
463
2465
181
82
4416
103
937
1537
803
219
1244
96
720
591
2472
2389
363
293
39
2906
3792
2154
1384
115
898
666
780
1082
271
576
2064
2240
215
868
369
1225
352
2152
1709
2670
4029
289
1311
605
143
3544
923
1175
484
3021
69
921
1380
283
440
34
2243
378
3504
22
59
326
605
380
1518
801
3299
691
3420
924
1283
2593
1062
1259
854
179
209
2162
2203
1322
996
83
1409
1079
3279
349
459
2729
2446
1066
181
416
251
61
1565
350
1834
1106
2425
1321
569
360
4330
1766
340
1578
615
585
3806
1758
7
1405
2596
1213
4239
2167
7
28
69
844
1307
208
1279
639
92
1873
2659
991
4614
818
898
869
1709
54
2402
4633
3777
982
732
682
2162
1934
274
526
382
603
3816
3762
1598
2132
369
142
637
702
1898
1954
3086
3544
72
983
278
1270
424
1583
1642
2632
3235
213
1698
137
790
1699
513
1700
325
957
2582
45
206
4034
1742
1550
902
1366
471
624
162
271
204
1167
1605
931
182
832
1023
1037
71
1182
222
794
1121
564
2418
933
177
492
1100
1280
1674
1545
109
663
1258
91
3183
1767
3246
946
1740
1334
1781
4103
270
3538
707
3871
246
921
759
41
1013
94
2536
1532
515
648
806
18
501
1045
812
31
1002
882
510
1184
75
1722
2003
918
2560
1373
2320
973
606
1245
1762
2609
3697
2138
271
4164
1034
127
347
1168
3433
154
2327
1757
52
844
1508
1583
127
2292
2630
218
1835
1330
267
326
249
1526
2260
617
260
1441
251
318
2182
54
2097
2348
723
2107
973
1052
1509
2472
35
4040
960
2334
1964
314
488
568
7
57
4268
27
80
45
4205
2533
277
300
1015
755
1503
3181
191
6
2238
28
310
2867
2622
1775
7
31
635
348
67
646
2455
205
2321
1589
4513
163
3296
2077
639
3111
714
1882
7
1007
883
2313
1707
71
322
179
2797
3471
187
348
1485
1080
2627
387
2394
1807
753
422
1643
381
3333
505
2651
14
3
1732
2079
1938
22
3346
2039
1731
191
868
1279
64
2863
3526
849
1870
306
911
2476
2716
969
859
1304
2121
2149
43
628
393
2123
400
1046
1493
676
578
253
692
1680
27
1109
324
2005
1020
1939
583
92
548
2741
1907
302
144
860
2605
1183
402
4787
2098
2387
2737
533
3179
1743
1145
57
402
2475
682
18
920
654
3783
432
573
557
274
3
3721
154
85
152
13
1
853
542
1993
190
224
9
1687
561
59
11
2120
261
219
1456
1508
418
650
1527
126
994
1372
49
82
1556
1451
238
1521
136
1
556
366
752
4614
392
1364
1202
4826
3707
2976
4396
1639
150
2192
1443
3445
569
2139
1652
238
581
2531
23
1403
537
18
3983
68
888
185
1355
1091
1522
2405
154
695
881
144
515
3957
1640
1
1117
2547
1804
2658
2161
143
1075
127
4168
1171
260
1900
648
2855
1089
748
87
177
9
565
2527
30
1965
2
570
1256
128
943
811
148
1
1747
3755
1082
1097
2810
798
2182
112
976
1353
357
1736
945
1062
366
4287
141
1450
318
143
1997
139
1611
458
2017
36
1496
1303
1887
666
2123
3871
789
894
282
368
2265
896
1051
2720
473
1165
1489
23
1870
97
582
3882
1230
1219
1982
82
467
30
215
1350
372
2608
8
2461
1744
22
1521
101
429
712
2200
2224
1352
1378
2004
651
188
1816
172
494
1188
819
3492
3652
1619
773
3715
6
3996
1609
330
2231
1099
2056
2704
2101
757
3473
2662
1758
630
323
2105
3111
966
198
844
2074
1556
167
52
599
25
1414
1584
3241
1290
135
1514
1595
457
3966
264
189
2028
15
3698
271
923
17
94
922
463
101
2881
3515
3806
132
553
3550
258
1469
35
55
1219
1002
252
341
498
2141
435
680
1636
458
662
678
2655
914
37
1316
216
3531
1409
354
1421
1436
361
405
1152
2313
2703
34
608
557
1100
447
4640
3001
691
1717
2015
2741
1463
1198
226
1579
590
4071
1852
424
436
1838
384
284
71
1235
67
827
1078
1078
1496
1844
3776
2626
106
1391
393
115
1036
2410
4223
340
645
479
1998
3562
2202
18
447
1559
1317
1099
1921
1744
15
832
1366
420
2288
2195
2171
1068
1379
911
1842
2
2760
118
1042
120
598
360
5
122
634
187
2009
2234
143
161
155
1863
998
1042
159
211
1505
10
1436
411
230
2455
478
1799
2389
2
1407
1061
546
170
2399
3849
2012
178
919
708
629
956
353
790
1767
391
521
1130
385
1519
122
32
2785
889
3018
654
1506
98
2815
257
3591
313
1184
4313
74
339
87
127
324
177
1149
181
1481
2936
538
650
79
741
2629
714
197
595
1279
176
1411
1024
1317
2079
151
1237
1866
695
1977
2997
37
3235
3099
477
4495
1703
1919
1186
1357
68
723
310
1618
1623
1076
77
1925
230
1297
1983
234
335
522
736
2932
31
3593
4386
1460
31
502
212
151
2672
604
10
792
2313
3926
2086
1673
1895
23
110
1530
9
3999
267
1601
936
39
413
2753
1874
1362
185
293
877
1845
640
258
1321
468
119
720
820
503
710
387
1344
971
208
662
11
3035
14
1291
702
293
1096
1303
3310
875
696
444
692
1278
1816
648
285
99
2355
50
2182
886
517
136
216
664
1201
470
237
463
1703
177
440
554
562
1528
31
3880
239
3748
622
267
77
244
316
1264
3034
824
1621
1203
1038
1836
708
783
41
3449
270
3830
1143
809
3403
539
1073
3185
970
2104
873
812
2652
1908
590
340
720
1247
2862
2522
186
1817
637
719
513
91
2079
731
1372
1835
741
3547
3490
26
1391
85
867
1476
788
3759
3776
629
2318
1983
625
2652
4088
825
2350
851
388
3400
1002
675
748
416
3498
690
211
4250
915
51
1875
760
575
54
708
1627
5
1730
403
291
1239
632
742
215
33
1197
4528
164
108
2962
1253
625
371
170
891
576
304
240
393
597
840
3153
2626
556
1768
22
4007
849
68
499
2910
287
62
1194
3986
448
685
485
1503
4542
1
119
1963
461
1256
22
1919
168
1017
1744
2532
611
452
828
26
1990
1656
2608
42
222
1041
20
1345
360
697
68
994
2420
500
3396
358
849
3341
2871
50
310
423
2296
232
71
170
895
514
1752
548
47
127
1098
705
1498
354
355
122
404
1971
770
205
506
1346
42
137
2647
21
2229
712
2105
2963
272
164
42
24
738
3684
567
311
459
40
4
599
655
1273
1053
561
489
1522
12
642
701
1538
1106
2315
4713
252
2072
538
574
642
44
374
683
390
2849
1396
189
2497
162
678
193
1476
36
246
397
2984
766
412
3134
2434
250
343
286
1284
2280
4475
266
573
1537
1355
113
80
2406
1049
4467
2598
1570
403
1157
1556
224
2698
2730
858
279
3599
931
180
276
2243
305
593
629
3973
561
334
375
2054
823
801
4290
361
2436
81
593
597
161
4061
4214
331
3024
1967
1534
1626
316
1081
3617
2153
895
548
951
1788
3228
1600
3686
1501
21
354
351
142
1467
944
275
1786
3053
160
1293
3034
2717
3454
301
182
221
1734
3140
1868
1980
296
721
3300
404
1822
233
2442
1517
967
477
706
337
1977
32
138
967
1793
705
1459
1192
309
1001
1306
24
839
564
104
4871
41
165
2
591
2594
116
2163
1212
2447
1708
101
32
55
229
899
1355
307
46
63
4
1498
2136
95
473
2
710
82
3409
67
491
176
3545
4
1359
2024
2691
439
2769
773
5
227
1024
2521
835
1624
1801
1343
323
3168
1360
3413
558
74
2678
64
1263
654
786
29
628
131
365
192
706
1640
1279
843
1984
1283
113
31
1072
2626
799
3917
1328
966
2010
1491
1337
2949
432
474
1178
1730
137
398
505
2771
320
3782
1971
149
1570
536
1018
2334
3664
1068
1550
1138
306
1344
2926
373
835
3489
152
665
475
1790
1989
960
2632
67
2382
1155
3457
179
205
1886
579
1954
1370
814
1388
279
587
2027
377
1917
412
525
1156
2203
2933
1908
3718
1804
2959
1287
215
304
379
92
210
470
1090
857
3862
1080
1501
994
1513
2318
975
2039
857
41
735
334
1623
345
517
1736
34
1171
1980
198
590
1575
3859
908
1446
2645
1443
2677
172
324
746
3863
79
218
23
321
861
1723
221
1234
1419
4528
204
1623
1602
232
1146
1974
1903
1190
1128
1402
116
255
1482
777
525
4473
403
3202
2208
180
1571
737
1700
897
249
225
120
238
743
891
107
1015
903
1858
126
673
243
2238
228
2242
1446
28
213
292
270
3158
4195
1187
3816
218
821
3034
2441
453
225
266
4013
896
2533
64
1149
530
2606
292
682
767
663
1232
2490
636
579
330
257
1202
303
1765
317
589
4069
1096
645
480
2221
163
1330
122
1021
50
786
770
1667
790
3103
461
1849
2494
3553
927
3112
11
75
4762
728
2256
523
100
534
723
372
203
470
3557
64
86
746
485
326
1098
546
1105
1213
1364
1698
1005
242
2373
2335
758
2388
84
3251
3050
20
1112
1486
752
779
1676
3618
2468
13
1977
116
1547
2441
3745
1049
5
3062
40
420
1561
67
810
901
913
899
1416
947
696
614
2131
1770
2240
1982
3516
68
149
2520
108
2979
144
1414
646
6
1955
544
4581
507
120
137
3702
2765
1709
766
64
1734
123
2117
94
636
640
1527
580
503
2118
1409
1810
699
463
865
2887
239
1093
395
1922
161
385
4470
402
908
3068
110
3249
1322
284
449
1229
156
1556
101
1860
352
1751
13
1230
601
4
1041
3670
908
1254
1833
702
309
1937
34
1556
175
1062
441
1002
2471
131
2321
222
1310
1316
1506
201
891
803
1328
1281
332
940
273
484
1069
392
865
835
872
1466
872
370
320
643
3201
234
148
2762
21
1113
2422
1274
