545895
682938
885744
403809
79026
5145
314062
145224
1773857
756548
536319
524168
427421
379785
284561
644
226695
10467
223950
18329
374540
2462
4671
27145
2345
279
1686
2653
6055
376
4616
61
14517
17628
6772
5673
2209
8705
1759
847
525
8447
831
409
6641
732
4742
144
7437
6138
2920
1179
457
213
2564
3745
4738
3202
277
8384
9872
12760
293
925
2042
646
3149
411
2117
69
2402
3972
1735
1081
9065
6681
841
5563
944
8471
20160
5087
3331
1218
2118
7688
1529
242
2109
3750
1320
72
283
4524
2475
3414
13
1348
4576
141
433
1052
1084
1551
706
8065
2974
304
2893
179
5248
4918
2228
396
5430
3793
338
4529
4860
2694
3184
1802
4472
3796
5234
577
455
893
162
6504
2458
3589
7
40
288
62
4573
7444
1142
62
530
255
1769
5132
2537
193
468
2949
8687
2682
2390
62
440
5474
304
649
5484
2035
611
305
1078
3404
1615
135
6690
2095
4303
3747
4251
354
1338
189
181
1191
1269
5452
1546
215
733
945
927
1093
907
135
47
5574
1641
2564
1127
3889
860
2848
6460
2830
2384
139
2758
5558
10198
1784
2803
181
1381
479
3169
4376
154
3502
11
821
6188
41
334
7620
4359
6745
5031
1247
511
3909
105
3250
1066
560
32
180
6746
1113
2302
34
2092
853
991
931
592
200
2839
1178
2651
1125
1167
161
7155
56
8242
1552
877
6477
101
1700
4507
5290
2241
5078
319
3574
2412
67
734
5424
4743
1445
200
164
7076
5671
6148
2260
586
1281
1132
197
1080
4767
25
4756
4677
2029
384
1837
326
1572
448
3258
5997
2937
572
1116
189
376
4392
3997
1492
3249
5226
5451
1264
331
2811
2759
521
5724
4604
737
1761
210
550
8737
33
6375
1103
3289
7
3841
725
635
2217
142
4497
2290
60
311
753
3494
1430
7278
37
952
25
1934
1607
451
3020
6673
98
32
3113
661
511
3588
6771
153
6598
909
1385
140
1486
447
6370
768
5675
3265
3879
2674
81
796
1679
54
120
315
1480
3341
2415
3220
3684
489
62
3818
47
4486
748
28
6537
2153
3197
3012
1152
938
2043
799
204
4460
155
14
4296
1880
2858
2769
2184
781
1212
4963
1706
844
7590
1917
1827
2036
7159
5556
735
1379
1181
47
5391
5213
239
5881
348
618
7386
742
8635
2730
3536
1596
156
1070
1978
1451
499
9332
2352
3704
205
6795
2525
1864
8684
9307
1885
470
2040
294
4303
2080
4743
2384
2446
1276
2321
723
844
7500
947
1289
3402
213
6088
670
3917
5547
2502
1268
553
1371
242
494
1918
4950
4652
178
3346
383
1530
825
84
1037
830
5337
1256
144
2931
2945
7141
2223
3203
684
339
841
227
54
716
3824
1006
1337
19
689
845
7321
2416
503
641
255
5252
2956
4784
605
568
299
7468
1529
31
1116
673
8939
144
2686
1222
46
1395
667
127
904
813
7126
4326
7116
1290
2627
240
2272
824
2895
737
5276
6224
1103
822
1476
7555
291
1830
2396
4590
85
757
1292
116
2455
353
13571
1401
227
499
827
917
1843
77
802
2019
2292
1510
866
4059
1411
2591
2706
1517
350
2707
5511
1843
152
1890
311
287
4564
1986
1768
8818
3333
2184
315
5291
2129
2808
183
63
3853
4036
3092
1190
9030
1151
6181
70
29
4021
209
6514
236
1444
7321
656
5970
4571
439
1040
163
1647
699
265
1275
158
2904
1267
1884
5519
2767
273
5663
3307
1309
3697
4531
2227
3806
309
1182
85
7515
36
2076
3019
43
348
6951
3544
2552
5403
6586
1738
772
1742
2362
590
42
97
1165
7452
7798
4838
783
7206
1187
1238
3253
311
4993
373
1123
424
4237
2372
1
989
974
752
6857
12
413
202
5799
2356
7352
2102
1260
2621
878
5769
77
658
329
227
4012
146
1094
918
1763
593
113
4349
12
2
911
1932
2170
2657
933
2798
1090
3185
864
492
758
1442
918
1952
241
1001
3430
1308
2379
8482
309
3151
2298
1366
1923
490
5634
2343
1009
2070
2498
4777
1374
373
1101
4729
69
2265
1447
2269
1875
14
2750
8351
450
3455
8075
1776
1805
1468
856
6993
1917
150
4140
1479
96
2366
1159
6001
866
2654
2617
8665
444
1410
572
4278
5783
514
309
8807
423
1014
5594
1971
3278
7371
1435
1243
361
1774
100
4341
393
5826
386
2870
2546
679
1712
3577
1382
2157
3552
4357
64
475
2631
6107
7486
8291
2304
250
3372
4763
4856
54
2243
5120
4792
1040
1799
3393
15
227
4571
4002
412
3559
8707
3697
579
5645
551
254
2701
1443
1223
847
363
1975
1785
694
4425
117
314
7406
20
1784
532
116
1600
1
45
646
44
6549
771
478
4369
29
1675
231
419
335
6622
9476
886
3965
4833
1980
2455
12
1969
2982
4356
5038
586
763
2299
1010
732
514
450
5916
1437
4240
5373
2630
2860
311
15
3684
3084
102
442
3999
659
3187
6864
7829
23
1476
7254
6380
271
3688
1527
2117
6083
195
1506
3010
317
6291
63
163
262
6325
3949
3397
1319
5827
181
7511
197
4384
608
289
343
6873
2510
1939
661
1603
572
2504
1740
1089
251
871
3640
3150
860
377
2759
5324
4426
5294
4019
799
2758
708
102
4119
1140
1053
598
3446
2305
820
16
1103
806
4525
5124
370
558
4162
367
171
120
2024
6534
3102
17
2286
5278
4550
6374
8389
3387
1359
633
455
2383
7560
738
6252
683
320
203
3464
709
1643
588
914
4413
3785
482
3709
959
3484
4551
164
2199
1537
401
92
9
390
993
1677
3270
1301
2711
1991
8515
452
3647
4904
1834
847
1120
133
3056
264
2100
6556
1617
1195
497
131
4819
694
3428
2386
4343
2086
4477
2201
3653
389
4684
237
677
2826
29
3355
638
1240
6393
999
923
3356
1164
1926
1310
1874
636
645
1007
60
888
1067
1323
1270
3938
948
6995
8010
1195
486
5391
5558
2734
1396
3685
1858
786
674
6700
1850
5857
102
1973
734
656
1574
3287
397
1
4269
1070
36
4527
2467
8162
1697
2952
6047
717
4503
8411
2027
331
3572
3453
527
748
4167
1515
259
1358
1860
1687
4320
636
3370
4003
283
5873
4616
130
297
2083
485
4023
3389
4896
2089
17
1687
2813
558
1217
458
4778
8321
688
179
2948
33
3545
3226
8849
2081
3509
5
1164
184
2819
7344
3093
2979
7665
6560
3057
3072
6395
2627
1641
3771
5452
2555
3121
1472
1818
1022
335
5193
4476
6687
1957
1314
871
2408
1678
1638
4418
1213
1837
173
386
1401
5331
4390
4644
75
364
2060
250
4201
2253
4236
443
1376
3680
3207
259
212
746
3584
1304
408
1667
1626
104
183
1229
2249
20
2330
1422
548
1209
3154
2374
431
2415
1679
1126
2281
143
2699
3676
727
6327
176
3756
1840
1440
125
86
3291
387
180
120
6137
659
4288
6035
411
7763
551
3517
1109
190
2249
883
6005
233
1353
2194
2612
6610
375
2237
7835
228
1295
2546
2765
1234
1320
258
2222
2831
7113
3488
7216
543
1189
305
300
502
763
1353
2265
1629
1042
7128
143
2578
189
1203
261
408
1283
1225
993
10
99
7428
7931
2994
1433
2107
2276
787
2971
3134
6001
1450
2608
242
1187
1308
2427
1906
5401
546
1082
4802
620
5436
5590
2442
1204
201
2152
1612
3977
1450
242
5092
262
2748
1275
626
1515
127
5876
4571
4971
1912
21
1773
2556
570
639
4171
224
4910
201
663
2871
2943
4527
148
1417
4836
3984
3040
2891
502
2650
6007
722
480
5971
2696
1972
734
5908
829
881
2118
1714
2275
4439
3132
1543
984
1319
1268
5231
2402
492
2623
1688
3525
2439
2529
4525
3956
1866
2201
895
2465
5253
2565
6085
6149
3251
3800
1091
188
64
784
1198
2543
224
290
1112
318
63
3389
437
316
571
1111
106
302
3452
5675
6451
3292
1517
4252
6347
268
896
35
581
1575
859
2481
142
5114
6391
551
6709
4045
2068
5943
2386
8059
906
2216
594
8
5269
1494
7239
7473
1956
364
731
1257
451
4521
848
4215
653
2071
188
436
1691
581
1863
4746
2864
542
3051
2401
3092
794
1667
217
6432
1
1438
87
271
182
49
455
3639
2043
2279
8200
4707
3771
4970
946
4577
172
6176
42
2069
3593
7769
5
2952
2926
352
260
312
1082
504
562
2769
6165
3166
1230
39
2662
2340
2638
4430
7700
7494
333
1488
6824
3403
1697
456
7152
1908
2803
3178
2852
3683
648
5902
4116
1733
3880
3971
433
1195
2010
369
838
7252
190
1408
86
4542
679
1422
406
453
2923
89
1829
60
1725
7668
6151
4184
751
1386
122
1241
958
4533
4599
4920
7430
3249
122
1169
471
3785
2724
5626
2425
5036
6189
1704
2508
4465
89
5774
750
8076
981
1194
3372
46
745
7241
41
42
162
2034
7131
575
566
2353
2609
3518
153
890
1946
3994
1398
1789
3297
1347
2138
4868
1980
1033
1187
3242
5178
3544
102
6695
728
1717
5190
4563
144
1778
250
2527
355
798
276
109
2594
3956
4790
1032
6332
527
1259
3622
6485
5240
2579
5324
4194
1553
467
747
564
4791
3412
1561
1311
602
591
4990
472
2228
33
880
7612
3844
1960
8546
218
2031
1760
1839
3421
440
1377
5051
5107
1302
3051
1299
1595
5554
984
729
5747
2209
1601
2066
4251
311
5401
4861
7997
35
37
7733
7427
6388
640
5281
5380
6305
5924
767
5428
2662
3886
2000
737
3462
2515
428
4075
664
2014
5319
1519
32
2124
2967
597
1
5949
503
1354
4057
638
1490
9061
7883
1752
4991
4361
1213
3088
7887
5565
1104
361
117
501
89
1034
375
7510
5317
1156
472
306
114
893
4485
357
6676
1737
933
1476
1258
2485
4467
6210
9538
457
1863
5804
1271
3350
1229
1676
419
1333
3471
3379
2030
2508
7881
1679
3430
3945
5898
2662
1501
701
1898
2419
1272
1276
3377
1286
3765
587
2697
1176
2383
953
442
1072
680
1023
1548
2603
1213
1087
6426
7039
1331
1389
3324
6985
7624
370
1145
3643
7178
2002
562
5200
70
5748
1730
7456
1399
3539
1034
20
995
3246
137
1018
4021
1829
4841
129
2513
7617
3872
4030
637
255
2870
1549
7352
6775
3912
993
5654
763
2200
1703
2917
369
424
5779
885
3903
2972
56
30
9433
5610
42
1347
82
2963
519
721
355
2008
2346
769
7952
2518
6006
250
2794
316
4453
1224
1954
3306
2410
1361
765
1830
363
2082
740
2848
5688
6136
1884
283
4766
272
2262
2998
2702
4990
349
1874
3848
2690
125
137
101
1386
44
1859
2095
7354
717
4982
122
25
585
326
1448
533
5653
4371
6880
1358
1928
28
898
961
5503
45
383
888
2202
1402
1302
225
384
643
249
1758
3642
6540
6406
3168
1462
1217
1121
144
1556
1113
1677
1605
977
119
382
2027
2790
1074
149
175
2038
4609
3349
4655
2839
6125
119
850
1730
2687
4370
4550
2923
2253
1265
697
143
1057
278
2113
839
2345
3624
4565
4134
125
1238
1510
454
3518
1202
5033
164
135
5729
3936
877
333
3557
34
6475
1345
3864
1078
3739
3714
1030
3577
4692
107
573
2128
39
946
1104
2120
5087
6700
1690
1480
8054
3271
4420
3626
1754
5015
4639
2405
877
3719
334
6
4033
3051
6815
5259
11
999
4504
3208
201
4448
983
7458
3941
127
1051
889
625
541
75
33
907
878
487
601
9459
4711
68
2412
1825
1773
3143
2179
427
1732
90
841
3427
1268
4677
1460
1001
6755
1181
8286
11
711
7226
3415
6036
15
4240
3944
1098
4943
531
2641
147
11
731
1797
5279
341
43
971
287
8211
263
2626
4488
3424
1131
1966
2845
136
7469
3419
367
3586
2064
7402
5701
2
2101
865
1981
533
5149
3705
3324
1060
70
1468
2868
2530
521
1637
3441
1154
4608
2021
1765
2066
1037
3768
235
220
205
3380
2313
949
2516
416
4279
573
310
52
1401
2685
913
1112
5860
279
995
7164
3932
4168
4
127
1417
1562
1422
6261
2135
143
3311
451
4049
2372
2530
3235
4720
1803
964
1286
3651
6770
537
1928
4804
4617
13
2507
674
56
6775
391
3975
759
26
5556
6005
1288
2645
3862
1361
1413
96
594
3692
753
62
2974
4446
2959
9499
268
579
6843
2058
6473
2179
4510
1253
8190
2713
2912
942
207
1561
381
503
607
4055
4068
1611
139
4252
56
7587
7502
2096
4177
1173
3843
163
527
2973
78
1380
1316
107
4189
2953
1612
238
317
3709
477
4457
2218
35
77
207
3417
636
4382
1975
1459
337
682
3513
2237
2324
1393
2647
725
4432
1138
2276
664
62
213
6267
784
6664
953
1028
5846
688
850
2821
2961
2824
2890
4
1216
1608
3952
1331
666
5784
304
9049
3264
2457
3895
814
854
2300
187
913
466
1746
2838
863
4018
3311
4990
6322
1254
147
4705
4272
2117
1151
269
508
1262
1713
3745
2960
2631
6633
3386
439
4459
61
5878
2064
9
4115
4467
1932
1505
680
2811
7387
5807
1403
1712
167
2795
559
731
450
584
6622
1787
490
524
459
5474
376
104
4487
21
5358
1132
873
7304
5457
1754
7868
5264
3282
2007
714
4746
4372
5958
5418
775
1301
216
1212
1518
2975
5062
6398
2006
2871
751
1336
616
5838
114
1299
6574
2582
653
1414
6091
1149
5140
5282
929
671
1422
4377
678
139
4851
2662
2398
834
61
6696
2610
7473
4066
532
1356
83
4
22
5288
3235
2015
3813
3989
3660
2826
297
501
1904
2982
5058
4389
3432
228
6218
326
426
494
440
5321
661
3340
2372
1431
4398
37
517
588
9321
117
1165
3426
653
5741
328
7207
5834
34
57
1920
54
3672
5866
2501
145
4578
1336
35
3179
2941
1453
481
1042
162
387
8
3792
3796
2108
3828
1205
2222
321
2039
2928
335
426
3009
3902
4432
4418
1429
1319
2231
1820
702
4553
60
1353
356
6184
2827
4432
1181
482
5875
3768
3541
140
631
1429
4140
1082
2777
8237
4594
2430
144
3765
338
725
31
1035
1157
3791
1243
1605
8282
3838
116
270
521
460
2074
7065
58
2046
186
4480
728
1018
1177
439
1621
4476
7394
4230
503
1227
2220
2251
2891
637
535
5
358
4
1108
246
1157
478
125
81
1024
171
487
146
3016
1908
4743
1253
4820
1031
5957
534
4686
727
2823
6500
1352
7980
313
329
2601
885
2584
102
5387
38
286
40
1406
2985
25
102
1606
6697
4926
990
2654
2363
4411
2353
574
2210
46
5648
975
2331
1225
2893
4664
33
745
2826
179
3286
1165
1455
1804
7776
3554
3469
49
3694
1663
21
2730
1370
1150
1733
2763
7926
271
2054
4743
4490
42
2418
1767
2509
3251
3371
291
2836
3329
1473
25
11
3122
623
8
980
254
1483
138
615
406
102
2283
778
3091
5294
3156
67
2514
5110
1036
2031
765
1258
724
1542
113
551
2757
234
619
2269
2822
4049
3965
6228
359
1978
657
29
4649
1366
7385
4487
124
4766
415
8164
3805
602
9417
1085
2224
4627
1524
1279
916
335
9245
726
1088
7573
5168
6614
5566
2505
19
1650
286
664
1127
2600
4425
158
660
2593
2422
1161
1817
1160
988
1407
48
1251
2520
969
8297
494
3219
1342
3830
4568
5061
64
4354
458
2167
812
623
126
2760
470
342
5424
3297
59
2815
85
676
45
5325
5770
723
1064
541
2550
2693
1214
172
1651
3291
5045
193
3826
330
6026
274
1353
4369
917
687
1261
56
4969
4650
2781
878
12
6010
5617
6468
5536
4140
316
248
6306
412
1079
8112
5000
3679
3590
1412
1065
2194
2078
2132
552
2942
650
5594
60
4163
313
3999
296
358
7659
1288
938
1422
6807
433
17
2174
2031
4
3604
348
245
7357
2476
1965
602
711
1173
1015
2318
5480
1119
300
48
1070
1246
261
328
1292
2036
2286
5472
1596
3185
35
5299
28
1283
1942
7206
387
2203
990
9702
3676
1095
3518
816
1724
147
3153
926
11
4747
1608
145
229
213
436
7675
1554
3017
4712
6195
2685
23
3321
1005
1384
2587
4528
479
280
5634
2
752
1765
1219
3367
1692
3421
6668
48
2229
899
938
348
4283
109
59
440
1068
500
1197
958
66
3
3425
1674
4193
940
326
1230
1678
3915
2209
4353
1952
887
2799
3937
4987
540
48
4815
4023
1665
5242
176
3088
3953
246
2264
7
2475
4398
73
1046
277
5672
749
2441
2914
1689
1400
1072
2056
1421
1858
1227
760
204
692
5213
5978
90
24
686
45
6192
3611
8607
140
1989
2491
4324
4320
7071
386
1282
188
1903
861
5164
237
548
28
1085
6262
6713
683
3864
2760
4008
726
809
405
85
174
1012
255
469
1207
4831
1144
2185
5062
2075
7303
4513
2668
3787
4414
703
3168
9266
4211
7075
879
760
2084
105
4247
7
7578
1886
1638
379
1702
2604
1721
85
584
5957
1331
1194
423
2724
51
6592
7152
602
6318
209
7285
26
2219
3116
1177
156
5072
371
2219
297
117
729
347
6192
7662
5387
2261
4592
205
355
143
3489
7047
1461
3831
4226
4480
1793
8381
1431
196
124
1435
824
852
2738
78
759
2852
620
7077
2960
2434
648
1162
3247
2041
1093
6032
334
1160
2305
6895
422
3761
2764
4121
220
6857
3720
2
4218
67
130
745
5066
2653
625
174
1134
203
763
4301
1076
317
4849
893
1576
5828
2851
5489
1584
2429
100
306
5364
1064
2084
382
903
3785
2582
2353
986
39
1817
4667
298
96
3955
5180
1849
1880
206
882
1970
1277
6221
1724
177
1027
351
2
7250
113
519
7
16
935
7671
668
256
2653
5706
1024
495
2503
123
637
1539
3965
967
2901
1518
1635
4569
4289
1578
2417
815
1054
725
1107
898
3431
695
2554
1177
2222
1631
1475
6659
3913
5308
24
2083
850
309
2328
62
3691
2307
1182
1318
426
645
573
258
1155
247
718
7195
3318
2829
1094
1669
2500
243
4550
4981
7051
3774
2795
1588
159
2525
611
2692
2260
353
5
107
1809
5783
1236
4243
1900
3673
197
5573
897
756
819
531
625
1014
4497
555
6449
1105
1297
131
2321
1931
5278
1621
151
1608
8701
1802
8405
3368
1954
285
4345
4367
3621
821
5303
2897
136
5766
349
239
669
2178
56
667
1120
487
261
1614
157
76
3007
613
1526
1577
8633
4871
2443
346
1883
1699
2059
2287
3548
173
254
982
1195
492
4561
5816
840
1751
1890
502
632
402
2874
3154
4518
586
3738
1164
4966
4821
2787
6119
2060
1641
3982
1764
6016
5360
5623
5133
1437
2637
2060
39
4221
2512
1840
257
2467
659
1485
3103
9347
4303
1661
2147
155
640
2952
3805
6830
3393
2354
930
670
713
155
3243
2957
1465
2702
488
4821
728
6566
3400
1330
457
635
1735
8801
1
590
6019
7398
1058
507
2733
2887
1264
2281
236
488
13
1427
7827
1118
3907
2309
3909
2890
5706
4490
2572
159
3469
2595
630
1527
60
2030
160
31
5282
9087
1420
3834
3881
2089
1489
8651
488
3848
222
624
922
229
2449
444
3011
1457
3363
357
1363
73
2291
1232
3959
312
89
60
1637
660
832
3579
1839
5067
4516
1946
2448
1601
186
4162
1650
1929
6061
2693
1446
676
2804
6602
1490
826
62
3745
588
880
6093
1557
3269
2983
1518
508
2355
2167
649
1826
1378
2013
56
2568
6
5652
9605
1486
423
357
862
207
2598
2652
5777
887
2649
6638
2259
9
5
1749
1694
523
1429
7482
1891
486
249
1259
822
7280
2493
3617
805
2170
341
3287
124
440
442
1185
1150
393
342
2539
1145
3415
15
240
24
2263
489
1591
6072
4777
863
6618
1839
23
2241
526
94
143
1183
288
639
1365
3335
3305
9196
1639
5793
1405
790
642
3152
9406
85
1154
1987
376
448
5150
5365
639
274
2739
2173
320
46
825
972
246
3716
4404
1160
5259
905
460
3322
4388
3287
601
254
3293
136
2152
6384
3788
5307
611
753
263
2758
72
587
517
2920
912
124
984
4259
1006
5023
6132
5525
653
6902
290
2693
556
3741
2327
112
7291
2027
8
4132
638
4492
1402
1940
3071
5475
113
9176
2505
2866
1888
4274
3609
4264
3292
2347
939
827
5167
2814
2570
6688
1253
191
2104
1553
3808
608
42
207
27
1402
72
6474
2433
2179
4272
248
121
517
630
4174
32
944
2521
842
4656
3370
186
1101
753
6173
903
6415
2043
394
122
2309
2134
6003
253
375
795
1600
3452
720
1230
1956
4001
8247
2828
4450
507
2790
4790
5981
864
1062
2283
2294
2555
105
3862
44
6900
3
2088
1568
3764
525
1992
50
3
5629
927
3377
107
6316
24
22
2024
778
7670
7594
149
302
3549
19
1851
3908
5754
3819
494
3542
799
4997
4677
7363
1069
1118
3784
5568
1123
639
1796
4703
1081
703
1716
37
78
8693
276
8200
273
5933
1402
1469
225
1417
5237
8281
320
2239
1793
46
569
2001
8541
423
4125
638
7136
6493
4917
415
2993
8298
2292
1141
6720
2136
2101
814
3514
4792
9425
1351
1841
950
2238
5540
1478
4230
5036
1063
3205
6042
2749
1866
672
1488
363
1247
6731
2202
2741
2021
3100
1849
5322
9068
6165
508
430
6070
364
1292
209
3783
446
8761
6542
1938
273
4783
126
578
626
1975
7358
2798
3456
1365
6142
2910
254
1803
3081
2041
709
109
4516
2117
2886
2055
2671
1454
1177
1873
23
748
904
690
1623
5116
4626
469
214
178
1800
409
5518
1902
543
438
2896
453
562
2485
386
2503
3206
69
173
181
2399
206
7689
870
194
6604
3841
4105
4748
1476
405
6710
3271
4441
3961
1828
2946
341
2644
1351
6452
6867
1255
1583
44
291
303
292
1828
1958
496
4482
3061
3133
70
1937
2966
4397
3661
661
5899
27
1815
5620
1711
2183
604
468
1294
1454
41
1446
2873
297
2809
5962
1120
5995
802
7386
3072
408
6984
559
4200
1791
20
2330
1043
1110
2064
353
2954
2647
1415
2835
90
68
249
1236
1240
6934
8142
874
675
649
5303
5777
1675
1631
1131
4069
1092
2377
17
2249
1006
1028
1915
1860
448
197
1630
5636
437
4656
1180
6848
941
85
7240
5316
2524
364
1148
849
6729
196
677
1649
611
1317
1180
2286
709
6415
3238
1015
6840
1057
3148
121
1903
74
2313
1212
12
4
6581
4738
3955
6740
2902
1
376
428
3138
6949
439
1
5903
3397
4058
5241
1849
290
4571
483
3740
528
6921
6836
590
64
825
1116
2255
1954
202
2535
3061
119
8853
1580
768
2988
195
587
236
486
6670
868
1537
35
1167
1986
9597
1835
3980
368
3437
282
5342
4634
942
2151
3898
4843
984
8033
97
3372
1230
373
747
4323
213
284
6417
44
105
7751
3225
437
1001
442
3368
1223
4107
2420
1802
2045
84
1507
2216
2288
6962
6956
1065
3393
4235
3394
3495
460
29
2510
24
299
168
4846
1163
1577
1146
2214
1496
1266
3958
2831
149
3956
6735
3027
3141
5790
3979
2056
6432
926
3900
2546
1104
307
8558
1369
540
8039
2458
4060
1226
621
111
2239
1761
589
111
2016
982
4036
1441
5748
2182
5543
2365
593
1965
1443
2781
1053
16
5159
1559
2079
1784
4672
6342
1039
5986
16
273
4136
3231
1547
1332
1937
3654
2692
5889
2505
1148
10
3103
358
6878
1917
3679
340
79
742
5315
3582
98
4812
962
3297
8251
4935
45
677
1163
447
5080
3231
4737
329
2705
489
4151
2006
454
853
1134
1511
1876
7429
2662
51
298
484
163
1070
827
5084
6259
2182
427
2846
4904
2434
744
725
1425
201
348
2964
690
1984
1676
2418
959
604
645
197
1460
6215
5954
287
734
596
510
2456
2277
2400
797
35
4052
1100
3881
6579
4566
25
888
6868
355
3781
26
509
1978
3046
5227
503
393
4952
1801
227
2857
974
1332
758
35
143
683
664
608
1674
4356
482
7237
1160
1231
1270
6595
1116
3187
759
2098
90
7
1131
4074
1342
2330
1373
330
488
4057
1131
3929
2601
23
2701
58
10
1814
266
2511
3944
1690
1118
69
878
90
6920
2575
3466
6412
2864
53
2537
3722
3591
705
1242
1272
1481
1174
119
2812
618
811
949
3485
1148
1043
3872
668
1038
4326
536
2144
1012
2551
4949
550
7555
317
5065
7956
2818
51
1483
441
517
3931
1476
3
2366
101
44
138
4790
526
6253
5054
924
2944
861
52
7333
2105
6681
166
2478
5987
1972
977
3930
2654
1101
952
3675
3721
216
4470
3587
2200
285
88
869
1279
2460
1169
651
1491
631
2316
4863
581
1151
4891
5411
260
3068
3878
61
17
2226
1179
355
4836
891
5010
1154
2587
5257
651
2093
1851
5235
655
3718
511
1620
6504
3808
749
7485
159
1182
965
174
3604
1444
2270
1246
794
5744
3705
2322
4222
1151
6004
1368
4937
6946
9592
4505
5138
2262
439
4414
364
50
125
2621
2681
5291
4926
1914
2298
663
187
1641
339
2235
7993
4197
1574
909
4069
354
1676
1923
1291
3454
3963
4429
3843
857
1325
1616
1
6041
1177
1604
626
2477
2642
1094
2793
2510
3327
248
3880
797
2173
3366
3643
5425
1411
3390
448
2495
867
5990
385
2059
55
970
5720
2737
3400
2392
438
337
4971
827
4896
8180
954
2395
206
3149
3093
2940
3038
5455
3554
896
7098
206
1393
273
3777
462
1112
4259
1832
1670
1348
196
740
482
991
4781
359
7732
2174
1853
1452
223
394
275
3843
678
1112
275
824
244
220
8280
4092
5424
572
2240
2331
7125
4542
1820
815
4681
3214
112
8020
17
178
650
8455
3639
139
4892
1669
5142
246
1542
340
5776
3388
1702
3360
6103
1445
4030
4461
12
8
408
188
9272
3785
2177
3057
1538
5550
8338
3086
267
428
2868
232
3982
1788
2663
3
211
499
5196
3805
1208
4021
4433
1105
5141
3827
2625
1969
1766
1277
1980
3095
1493
6783
1731
573
5126
512
6145
4326
4202
526
3113
745
1220
2202
2719
1712
1464
282
2207
4974
440
120
2409
1652
1476
1184
4835
421
426
7736
3121
3195
1476
253
1062
579
489
8019
3532
1355
3954
3
3470
410
49
1043
4954
1838
3875
3053
313
2874
1476
5718
2154
253
2956
1860
4272
5193
2066
4722
741
289
7856
3046
1435
1495
7588
7
315
623
1661
150
1643
1228
208
2181
1009
955
777
324
3196
3227
2409
4066
111
221
1069
4340
3257
2134
1446
175
621
4036
537
363
642
3672
1990
938
1661
4188
893
346
1814
7097
1186
865
71
5123
148
187
1481
1060
975
4706
407
5019
6097
5343
277
150
70
2835
643
98
569
3727
3216
2733
1493
2603
183
4014
4839
61
2343
187
4506
7287
1838
766
196
2016
2451
4353
366
2181
4238
1325
240
2069
1249
817
1508
979
1685
5801
6946
204
449
4784
2451
141
1464
694
581
247
4208
637
2473
5516
1516
569
4759
6440
4040
1720
177
2969
754
564
3435
7551
608
5143
4489
1789
2682
4910
880
1592
1855
992
3063
1290
3718
1456
5456
1757
4037
680
103
4542
2773
968
3690
2544
2372
7075
958
371
5759
376
3303
4360
142
2397
1814
1624
1573
3603
31
6649
23
936
1331
3112
1624
204
1127
1638
2313
404
3421
1988
561
2564
2071
3167
17
3504
6562
85
298
1196
13
12
2580
4960
567
2548
1121
2536
4504
1116
797
310
252
1056
473
1270
324
5653
83
689
827
1912
695
2166
2472
396
333
3621
5062
2368
5215
297
4824
6003
188
4852
6195
4430
1786
2424
438
2181
309
6176
7118
2081
49
1105
116
6458
8530
78
3444
1759
673
837
1516
1941
1120
1810
1013
509
127
212
4752
410
252
1325
49
48
3259
328
4753
2192
12
3451
565
3774
74
333
3975
507
2939
1056
3219
355
3443
879
5934
1546
392
280
2833
249
2525
1806
2656
230
1667
2991
495
508
1667
425
925
4916
5060
3902
731
2717
258
6215
56
7136
2967
5540
4787
6414
1424
2215
154
6005
3243
3741
4547
14
2299
305
5637
7611
572
1318
3462
7841
3360
4094
1742
709
6286
1747
9071
94
4847
4806
649
2555
792
62
1424
2251
3867
1714
1394
1041
4408
1166
1388
146
2014
61
2895
60
4421
7707
2787
6288
478
3983
427
9
4230
1943
3168
547
1323
755
430
676
3078
1450
1739
185
513
519
1939
2194
1706
1463
206
796
228
674
3602
7447
505
3442
562
3521
1071
375
1141
3218
901
7661
2835
1105
2304
2449
8417
2011
3779
20
6902
426
6427
2621
2230
2294
2020
3257
2694
5047
883
541
3543
20
1050
104
3418
1180
2853
4049
5152
2363
5274
860
3003
400
2315
