100 1000
1 2 810
1 3 738
1 10 246
1 29 525
1 25 581
1 2 128
1 37 812
1 39 181
1 16 572
1 17 427
1 64 157
1 65 719
1 36 336
1 68 501
1 53 451
1 56 881
1 48 813
2 6 916
2 7 103
2 13 89
2 18 102
2 30 114
2 32 813
2 97 80
2 26 193
2 10 119
2 7 533
2 83 335
2 37 499
2 72 501
2 23 188
2 12 865
2 47 123
2 92 521
2 16 41
2 55 792
2 84 995
2 87 727
2 50 225
2 70 911
2 21 576
2 41 564
2 34 781
3 4 330
3 5 840
3 11 625
3 12 253
3 36 724
3 34 205
3 36 836
3 64 539
3 74 877
3 4 608
3 97 604
3 28 761
3 18 868
3 42 279
3 73 85
3 77 97
3 5 15
3 20 360
4 9 867
4 82 661
4 45 163
4 91 451
4 81 635
4 51 631
4 30 159
4 74 617
4 37 327
4 48 627
4 91 796
4 14 426
4 33 621
4 33 793
4 21 580
4 36 436
4 90 216
4 32 616
4 26 341
4 36 304
4 77 222
5 41 456
5 55 446
5 33 485
5 59 679
5 48 952
5 85 64
5 99 316
5 14 919
5 6 686
5 86 948
5 75 822
5 8 597
5 21 588
5 16 668
5 69 415
5 35 829
5 84 820
6 8 616
6 24 30
6 73 989
6 91 738
6 98 945
6 16 557
6 59 365
6 79 201
6 100 670
6 11 521
6 96 367
6 93 811
6 88 149
6 22 489
6 48 741
6 23 608
6 76 326
7 25 495
7 33 874
7 59 962
7 70 163
7 79 1
7 36 800
7 96 683
7 73 220
7 88 3
7 56 414
7 32 960
7 26 700
7 21 16
7 35 473
7 52 475
7 30 510
8 46 887
8 52 451
8 14 310
8 69 179
8 50 138
8 35 125
8 13 762
8 87 959
8 67 92
8 21 539
8 93 309
8 48 863
9 43 134
9 55 480
9 79 356
9 85 30
9 97 543
9 52 559
9 75 516
9 99 70
9 11 722
9 16 922
9 36 50
9 60 706
9 87 16
9 13 81
9 69 73
9 54 47
9 92 317
9 38 134
9 65 36
10 28 482
10 31 303
10 80 90
10 66 973
10 48 386
10 19 377
10 31 461
10 59 87
10 79 232
10 38 307
10 17 441
10 15 432
10 96 888
10 49 500
10 21 46
10 64 70
10 88 504
10 41 36
10 35 178
11 15 357
11 19 465
11 64 439
11 39 809
11 59 611
11 69 609
11 71 136
11 43 36
11 39 345
11 42 299
11 57 643
11 12 395
11 80 926
11 76 730
11 23 243
12 14 579
12 16 937
12 37 287
12 55 677
12 27 363
12 35 424
12 74 153
12 98 694
12 72 945
12 59 419
12 58 823
12 67 896
12 70 909
12 33 658
12 80 985
12 80 887
12 34 879
12 61 535
12 64 856
12 72 628
12 87 834
13 27 807
13 29 963
13 67 104
13 59 507
13 89 372
13 76 967
13 76 388
13 80 416
14 17 611
14 21 741
14 49 493
14 67 521
14 15 959
14 61 421
14 47 80
14 97 48
14 60 780
14 96 377
14 34 590
14 26 693
14 75 935
15 22 223
15 58 276
15 61 490
15 52 323
15 56 3
15 24 160
15 100 989
15 34 692
15 90 629
15 36 667
15 25 963
15 48 30
15 99 392
15 72 643
15 23 480
15 32 362
15 96 763
15 56 71
15 55 876
15 70 921
15 30 588
15 44 222
15 30 335
15 65 549
15 19 679
15 19 694
16 26 449
16 35 953
16 37 114
16 18 11
16 64 847
16 97 81
16 70 869
16 35 344
16 33 545
16 79 612
16 69 995
16 63 88
16 81 589
16 37 368
16 73 143
16 60 564
16 24 422
16 19 328
17 19 187
17 44 601
17 36 558
17 61 821
17 54 208
17 97 487
17 48 756
17 60 778
17 86 874
17 31 335
17 59 99
17 88 339
18 20 166
18 23 616
18 39 375
18 40 431
18 54 936
18 86 47
18 96 251
18 33 389
18 27 468
18 50 446
18 94 795
18 100 482
18 35 421
18 41 7
18 52 749
18 54 958
18 41 589
18 95 336
18 31 198
18 31 520
18 95 536
18 24 255
18 97 13
19 73 429
19 84 377
19 40 966
19 77 779
19 84 44
19 100 136
19 39 40
19 89 737
19 60 256
19 36 927
19 91 366
19 63 643
19 67 145
20 45 969
20 89 935
20 34 682
20 34 793
20 74 559
20 97 288
20 92 739
20 52 204
20 28 651
20 78 991
20 85 58
20 46 979
20 67 789
20 59 85
20 61 95
20 88 33
20 54 832
21 60 545
21 36 521
21 28 726
21 73 788
21 77 874
21 65 660
21 72 805
21 95 608
21 83 480
21 86 642
21 77 506
21 53 696
21 71 353
21 42 222
21 82 199
21 94 685
22 47 464
22 53 490
22 63 540
22 35 442
22 65 381
22 71 252
22 83 131
22 34 967
22 52 373
22 76 691
22 34 357
22 97 47
22 47 410
22 48 60
22 90 462
22 95 465
22 51 208
22 47 934
23 58 686
23 68 515
23 36 689
23 23 347
23 88 789
23 62 44
23 78 66
23 34 499
23 59 711
23 61 433
23 37 730
23 32 976
23 73 967
23 68 515
23 65 116
23 45 256
24 51 896
24 82 402
24 78 387
24 84 340
24 87 574
24 88 360
24 76 287
24 98 52
24 58 85
24 57 286
24 38 830
24 57 439
24 29 775
24 29 462
24 35 627
25 63 777
25 50 904
25 42 3
25 50 671
25 60 763
25 97 18
25 58 748
25 56 140
25 74 928
25 25 281
25 45 681
25 95 400
25 27 90
25 27 553
25 40 158
25 97 63
25 97 764
26 34 493
26 76 251
26 79 707
26 33 531
26 62 635
26 50 550
26 33 352
26 99 95
26 68 402
27 43 754
27 31 874
27 33 871
27 62 728
27 90 994
27 53 317
27 44 847
27 27 772
27 78 244
27 55 98
27 76 106
27 46 716
27 94 200
27 38 494
27 27 841
27 41 8
28 36 456
28 76 181
28 39 150
28 48 174
28 95 196
28 76 264
28 77 257
28 36 867
28 40 615
28 32 756
28 84 77
28 57 760
28 57 4
28 39 356
28 83 874
28 75 389
29 42 749
29 49 596
29 95 772
29 42 636
29 84 93
29 61 818
29 30 120
29 86 808
29 37 500
29 32 615
29 91 532
29 40 19
29 97 742
29 39 930
30 57 838
30 51 678
30 85 810
30 96 897
30 52 246
30 42 129
30 92 796
30 56 765
30 58 750
30 57 486
30 50 594
30 33 50
30 79 277
30 56 474
30 98 13
30 54 278
30 44 274
30 50 772
30 34 513
31 52 923
31 92 501
31 48 913
31 80 55
31 77 284
31 77 902
31 67 813
31 61 433
31 62 715
31 82 167
31 41 465
31 90 160
31 100 226
31 34 275
32 74 487
32 42 693
32 74 162
32 85 266
32 38 995
32 51 354
32 86 416
32 82 163
32 85 143
32 60 770
33 59 501
33 93 521
33 91 938
33 61 251
33 50 32
33 87 409
33 89 604
33 93 897
33 96 697
33 46 583
33 43 752
33 78 687
33 62 230
33 73 271
33 52 89
33 48 678
33 51 206
33 68 866
33 78 397
34 54 134
34 77 19
34 85 726
34 97 651
34 91 719
34 95 532
34 84 759
34 51 810
34 67 310
34 58 441
34 77 929
34 74 776
34 95 652
34 43 411
34 97 399
35 60 991
35 64 912
35 96 263
35 49 485
35 94 493
35 56 972
35 84 685
35 71 406
35 90 376
36 38 716
36 62 466
36 81 964
36 55 447
36 76 886
36 99 74
36 63 189
37 44 23
37 67 488
37 52 664
37 79 693
37 97 143
37 75 544
37 56 697
37 90 57
37 41 609
37 97 734
37 58 885
38 39 887
38 76 24
38 80 161
38 65 409
38 94 683
38 66 950
38 92 564
38 85 102
38 47 977
38 56 318
39 44 478
39 86 851
39 77 455
39 90 839
39 94 802
39 69 782
39 82 797
39 44 132
39 45 776
39 51 141
39 58 102
39 59 600
39 50 486
39 91 28
39 86 852
40 81 690
40 49 215
40 64 382
40 66 691
40 67 531
40 43 337
40 91 303
40 81 968
40 85 191
40 67 183
40 91 380
40 71 252
40 70 2
41 48 594
41 50 437
41 80 706
41 90 488
41 59 713
41 84 683
41 61 866
41 92 282
41 65 491
41 65 375
41 63 142
41 89 213
42 70 488
42 100 807
42 67 746
42 71 694
42 44 77
42 67 517
42 75 460
42 95 977
42 70 191
42 81 321
42 55 594
42 42 736
43 83 172
43 95 801
43 46 31
43 87 501
43 68 149
43 50 489
43 59 955
43 82 471
43 81 687
43 85 972
43 96 910
43 58 44
43 66 148
43 87 418
43 68 31
43 78 904
43 53 343
43 61 271
43 44 983
43 61 770
43 64 255
44 50 412
44 83 521
44 91 842
44 89 920
44 68 656
44 67 236
44 93 771
44 99 417
44 98 270
44 64 79
44 50 92
44 46 646
44 70 810
44 75 960
44 96 913
45 65 299
45 84 950
45 76 896
45 57 107
45 71 102
45 70 41
45 72 409
45 77 782
45 70 50
45 49 411
45 46 677
45 62 269
45 52 433
45 56 284
45 100 968
46 85 588
46 89 31
46 67 605
46 63 773
46 89 701
46 70 165
46 100 331
46 48 687
46 70 548
46 70 723
46 76 523
46 65 781
46 54 376
46 71 792
46 61 966
47 77 28
47 69 223
47 76 350
47 55 728
47 98 730
47 97 244
47 76 65
47 76 878
47 60 364
47 92 692
47 79 168
47 53 954
47 71 220
47 99 70
47 48 916
48 63 917
48 94 136
48 59 428
48 63 61
48 84 239
48 85 540
48 69 150
48 88 883
48 62 778
48 77 92
48 80 136
48 57 690
48 69 359
48 99 197
49 68 806
49 64 923
49 58 710
49 51 454
49 95 385
49 58 317
49 97 945
49 90 759
49 77 534
49 88 439
49 61 975
50 95 232
50 63 802
50 55 521
50 54 455
50 95 799
50 66 14
50 87 730
50 82 934
50 70 670
51 58 460
51 89 38
51 87 688
51 55 417
51 65 758
51 97 492
51 80 671
52 62 339
52 72 560
52 64 486
52 57 585
52 92 875
52 88 642
52 88 218
52 54 734
52 76 641
52 73 202
52 53 610
52 57 919
52 56 121
52 100 122
52 82 464
53 56 12
53 84 401
53 92 722
53 56 775
53 61 773
53 56 549
53 74 298
53 78 23
54 88 60
54 79 864
54 90 165
54 74 161
54 80 822
54 89 369
54 87 224
54 64 252
54 93 14
55 78 315
55 63 156
55 82 42
55 60 50
55 57 43
55 83 468
55 97 708
56 93 623
56 94 121
56 86 207
56 84 984
56 93 816
56 67 32
56 81 154
56 92 27
57 66 581
57 97 986
57 64 895
57 75 877
57 100 125
57 80 375
57 94 824
57 76 905
58 98 730
58 73 499
58 61 991
58 79 629
58 82 665
58 65 502
59 75 142
59 85 924
59 66 198
60 79 42
60 84 4
60 99 574
60 72 742
60 60 131
60 64 323
60 86 960
60 72 870
61 79 9
61 61 366
61 79 616
61 74 235
61 79 192
61 79 102
61 73 729
62 65 859
62 67 912
62 84 872
62 78 211
62 83 260
62 82 958
62 78 909
63 69 557
63 84 62
63 84 835
63 77 17
63 94 377
64 71 120
64 81 488
64 100 466
64 65 739
64 94 405
64 85 931
64 89 105
64 72 550
64 70 500
64 95 323
64 81 798
64 81 816
65 93 710
65 89 112
65 95 718
65 87 344
65 77 59
65 82 753
66 92 666
66 91 487
66 94 955
66 81 337
66 92 353
66 92 98
66 85 344
66 82 313
67 98 362
67 96 285
67 73 951
67 88 875
67 79 76
67 80 153
68 97 913
68 83 577
68 78 7
68 71 579
68 72 714
68 86 606
68 78 845
68 78 649
68 90 872
69 83 623
69 74 301
69 95 388
69 83 517
69 90 768
70 100 856
70 89 575
70 100 206
70 91 615
71 74 317
71 78 957
71 96 445
71 93 304
71 86 914
72 100 595
72 82 942
72 94 240
72 83 71
72 79 42
73 92 787
73 90 756
73 85 106
73 97 304
73 98 586
74 94 235
74 78 233
74 88 897
74 89 784
74 78 257
74 91 757
74 98 685
74 96 667
74 80 319
74 87 681
74 100 467
75 83 541
75 93 662
76 87 349
76 83 770
76 99 878
76 83 41
77 77 550
77 81 562
77 91 295
77 93 580
77 80 423
78 99 500
78 89 22
78 88 844
79 97 408
79 96 644
80 88 400
80 100 144
80 91 942
80 85 19
80 80 278
80 88 495
81 97 463
81 84 792
82 85 529
82 85 257
82 88 484
83 96 249
83 87 960
84 92 198
84 89 149
84 93 632
84 87 666
84 94 16
85 86 854
85 93 48
85 98 228
85 99 729
86 94 440
87 93 507
87 95 127
87 91 183
87 94 36
88 97 72
88 90 135
88 90 616
88 91 285
89 95 597
89 94 903
90 98 282
90 90 422
91 99 339
92 94 616
93 96 236
94 96 218
94 97 203
94 99 292
95 100 568
97 99 30
98 99 416
