100
362 339 111 472 109 278 99 400 28 320 120 395 258 109 475 248 179 404 8 355 156 480 312 322 25 113 24 142 289 324 487 258 442 31 403 274 94 320 376 367 81 87 434 23 419 430 72 279 32 373 340 189 358 326 93 151 400 226 254 239 133 153 477 204 350 131 489 313 311 80 143 197 451 457 55 18 83 54 337 310 109 462 42 323 117 86 293 386 100 282 289 419 115 82 497 238 466 264 349 269 
43 58 413
15 40 304
24 61 361
76 82 205
6 14 169
18 19 74
21 21 97
15 93 353
19 45 424
3 49 460
44 47 132
17 28 137
43 81 135
21 31 165
40 41 438
57 87 334
15 62 247
46 79 73
24 64 436
13 39 102
25 26 319
5 24 395
13 86 188
24 25 354
64 76 290
3 12 469
69 82 18
6 25 140
21 39 363
69 97 490
57 67 424
3 21 38
34 46 286
21 47 112
8 85 347
64 79 59
3 3 64
6 52 438
77 92 58
4 20 244
6 9 11
20 32 415
35 41 31
44 69 178
1 2 19
28 54 436
3 6 191
55 78 463
3 53 224
48 70 87
37 68 33
86 97 257
32 47 55
27 37 197
37 43 138
36 88 59
36 55 387
50 71 294
51 63 284
27 35 237
30 83 400
11 27 318
52 77 441
26 48 294
18 81 265
18 20 267
33 64 9
15 44 429
54 63 112
87 98 12
28 32 47
6 81 460
6 23 64
28 56 196
19 59 345
1 13 377
2 83 299
33 52 132
3 3 246
29 30 192
70 79 458
19 24 153
17 19 315
9 23 437
10 51 348
4 7 397
6 82 308
38 98 267
19 50 487
2 18 16
45 60 180
7 18 401
31 71 32
41 65 347
2 3 420
10 40 496
38 56 442
14 28 85
43 97 338
96 97 268
