1000
408 245 66 178 173 216 406 186 315 51 318 11 22 382 253 105 415 213 370 21 133 338 143 222 91 364 432 426 351 303 232 261 369 150 248 232 106 249 446 174 470 1 295 171 96 424 49 359 62 441 52 50 81 204 215 323 193 378 345 74 288 76 181 61 167 280 442 162 30 111 419 139 9 388 34 230 370 446 184 303 226 486 413 155 202 443 299 222 467 294 72 489 33 331 167 12 11 41 420 185 24 290 321 18 315 254 339 431 1 46 49 384 159 478 249 70 386 460 145 331 260 491 361 118 399 202 453 491 500 255 38 389 480 338 116 2 433 354 98 463 384 157 41 104 346 267 210 4 493 489 235 157 348 103 312 87 437 188 70 362 162 28 3 269 66 175 75 112 370 392 391 154 496 44 292 259 126 416 98 276 497 332 290 429 435 441 412 425 280 85 17 48 222 382 180 497 263 17 404 319 26 56 345 203 123 69 206 98 71 169 71 107 420 155 70 166 154 301 3 306 335 289 299 230 330 284 18 118 130 216 309 156 265 482 478 486 331 394 119 233 181 485 135 132 58 460 266 145 332 159 7 274 126 29 156 344 69 222 119 316 468 152 39 447 380 22 460 288 31 82 442 227 385 78 186 121 285 41 76 201 190 208 41 317 417 131 332 385 176 328 403 450 459 341 6 3 54 476 280 497 144 457 484 437 234 71 242 486 291 100 466 427 179 390 269 294 53 220 75 337 125 254 448 21 297 96 197 429 204 129 82 444 169 478 397 278 49 72 402 48 39 364 373 402 375 330 243 205 457 56 64 477 11 64 180 401 486 327 266 352 369 443 325 66 186 171 229 387 273 405 421 267 74 161 237 303 86 100 170 227 61 232 289 373 127 306 416 405 341 315 171 389 53 135 127 10 16 159 104 460 46 342 408 46 483 187 233 258 13 257 307 408 378 366 204 312 459 12 288 453 222 137 73 251 456 102 222 261 93 398 309 180 436 372 91 358 398 166 275 454 51 71 103 471 463 484 2 143 158 126 120 142 301 199 368 103 403 186 467 478 132 176 442 59 172 197 50 386 31 226 277 336 256 228 52 13 220 404 378 5 65 77 16 476 62 279 491 169 217 485 302 230 386 113 65 330 445 470 484 187 139 255 392 407 417 198 306 269 26 48 498 27 186 7 39 62 34 484 80 196 346 41 322 457 461 430 211 285 375 60 250 225 253 45 8 160 177 99 139 188 140 435 64 129 488 45 35 453 57 217 273 188 166 80 441 6 200 177 183 471 207 49 253 335 22 185 17 378 180 298 405 285 330 149 481 486 63 464 38 340 245 20 215 443 54 77 261 402 63 471 23 193 452 471 87 65 332 361 46 334 195 342 385 21 177 105 157 67 4 54 132 20 64 228 18 278 474 456 435 272 287 28 273 315 210 108 164 32 421 362 228 360 452 265 407 496 107 53 236 95 258 289 327 500 21 45 298 236 120 321 271 421 151 433 179 224 350 158 286 332 69 273 164 311 114 314 223 449 23 376 366 354 273 124 482 161 133 239 174 219 118 295 161 292 15 296 23 28 95 31 103 360 98 312 223 68 230 417 437 28 206 254 430 350 122 230 308 255 67 178 4 351 251 148 420 238 284 367 57 432 133 393 389 261 146 229 480 230 86 486 236 291 182 163 317 145 339 193 138 477 427 62 378 13 500 435 182 251 173 189 271 92 81 319 70 283 161 407 314 262 357 417 465 163 358 20 383 59 123 348 424 396 469 423 125 145 271 89 197 230 174 441 423 259 250 369 122 45 133 293 268 79 416 482 320 251 114 463 256 473 95 15 238 219 458 126 77 210 403 60 374 179 360 65 243 138 76 319 215 111 100 169 195 390 61 278 385 29 411 305 32 219 345 390 39 99 201 365 69 160 157 249 204 84 382 404 193 260 495 393 64 186 177 182 147 194 290 275 328 149 56 154 42 492 84 225 105 23 354 205 139 9 459 4 33 494 132 134 242 146 68 31 308 346 293 276 180 248 223 198 436 136 366 451 392 172 257 184 134 424 350 7 361 23 464 390 359 176 350 459 361 376 318 157 404 74 115 227 354 64 247 220 155 422 467 466 420 469 466 379 411 106 432 229 280 262 184 453 304 228 321 487 260 17 430 107 464 31 463 447 464 481 338 227 11 346 301 109 167 112 477 174 340 48 120 201 176 275 400 191 302 462 408 354 113 429 283 202 452 480 129 144 44 60 204 289 385 121 120 314 480 92 18 114 444 334 51 277 332 401 
161 479 212
527 563 99
28 101 416
211 244 397
88 254 127
281 420 491
510 580 449
79 119 418
137 208 368
560 761 182
373 538 288
27 108 318
25 500 175
63 93 485
337 434 252
774 997 401
24 966 449
267 986 426
1 4 130
837 948 460
206 259 279
397 511 90
517 674 219
6 333 415
88 169 457
11 28 32
6 98 418
553 578 3
266 428 285
94 515 11
58 317 28
261 341 293
285 608 471
130 202 256
745 966 274
29 51 122
759 938 4
172 462 374
119 399 423
142 183 196
66 617 460
317 354 201
417 991 455
116 301 480
202 317 265
226 594 421
408 679 247
183 345 144
110 493 85
316 361 331
25 119 219
298 935 351
259 959 187
80 729 54
359 524 209
628 948 395
504 547 357
97 252 260
429 900 6
211 221 38
268 808 193
48 135 454
386 940 178
58 319 324
97 786 209
5 279 144
613 617 303
214 543 44
525 820 360
76 175 444
207 421 379
457 795 178
137 553 310
310 464 210
355 676 443
115 489 361
102 601 436
244 530 369
5 335 39
432 951 37
23 242 360
427 483 300
455 463 159
225 282 26
51 531 182
400 814 456
443 725 182
5 291 222
569 816 28
222 246 124
463 929 153
249 439 0
55 666 169
193 282 45
165 202 58
296 511 25
537 727 472
125 204 464
485 797 229
526 624 20
45 209 192
183 877 144
53 856 435
473 539 40
920 922 243
528 659 81
452 480 362
21 191 401
190 376 288
6 55 386
680 808 452
91 990 280
310 580 421
194 424 221
294 877 20
69 310 319
17 57 168
138 556 272
423 695 406
31 473 197
16 154 9
19 88 339
335 482 121
9 88 224
376 644 339
75 198 25
74 797 222
157 467 68
242 757 40
63 175 327
27 138 123
475 725 392
51 884 115
66 66 19
518 719 205
64 214 171
124 707 50
174 299 205
425 875 362
132 296 64
557 593 202
405 727 127
2 12 202
44 86 249
115 492 413
277 512 233
589 784 72
309 330 353
98 471 474
31 389 80
536 745 272
346 519 260
26 47 380
76 652 403
408 742 183
9 551 36
2 4 410
565 994 162
55 87 83
260 422 33
899 981 195
239 650 366
147 160 296
288 342 297
110 244 329
72 108 141
393 994 430
182 604 61
351 899 296
157 769 119
480 758 140
145 756 71
110 134 213
340 516 277
405 594 432
222 385 228
434 970 26
694 867 425
422 728 205
143 327 8
42 174 243
9 151 249
180 532 405
9 669 260
97 296 457
52 601 228
374 549 227
109 349 319
311 474 15
70 958 395
66 472 249
105 590 373
275 511 459
116 644 393
861 968 177
463 644 360
10 920 191
219 317 485
100 170 82
163 175 148
52 107 48
180 475 342
283 375 204
527 586 164
617 805 245
141 261 191
69 171 484
23 637 374
74 550 379
89 98 332
547 677 349
39 813 456
638 725 7
250 324 57
53 143 90
150 378 183
6 13 257
18 86 175
18 24 381
16 65 213
159 944 101
602 785 424
229 318 59
618 636 214
559 611 355
569 660 167
8 17 202
14 23 31
4 169 176
797 875 55
665 702 292
125 604 470
128 179 342
8 82 379
253 793 373
650 706 113
48 343 306
150 978 218
55 397 124
21 650 17
341 384 364
34 371 475
24 112 248
380 667 125
131 150 151
156 562 40
286 402 305
300 318 159
371 854 104
446 821 87
86 245 120
55 116 114
455 765 468
23 277 318
15 35 443
649 671 57
162 248 144
101 228 201
174 188 387
122 310 252
2 479 344
271 840 492
166 318 318
23 558 13
670 811 218
302 815 181
62 265 245
160 797 244
224 412 293
558 787 377
289 594 48
154 913 362
53 95 110
505 879 322
98 240 156
727 833 3
582 863 178
127 627 138
250 405 154
363 610 455
496 787 20
253 469 294
64 343 234
430 517 210
91 680 341
97 177 477
694 694 95
640 791 347
513 775 53
664 667 186
399 943 23
528 866 253
111 498 376
40 211 232
660 714 450
118 146 363
1 10 221
8 152 149
814 865 262
106 443 107
131 372 185
287 520 449
332 426 382
79 593 22
310 692 248
406 535 288
427 549 439
389 856 298
523 745 480
576 686 86
642 985 11
38 358 282
264 555 267
169 326 33
34 99 17
258 349 481
174 362 294
12 333 400
94 176 336
304 310 362
140 552 350
82 89 31
188 333 20
473 883 256
13 33 375
256 859 310
837 859 69
116 931 286
353 793 326
50 63 398
342 552 145
409 987 41
447 742 387
39 113 386
16 452 409
314 611 15
405 423 110
307 345 5
645 952 475
61 112 10
18 68 302
54 851 452
292 709 103
13 113 190
42 751 108
12 104 31
595 651 346
149 524 360
52 947 222
2 305 116
88 96 450
122 217 96
11 19 4
37 326 91
575 595 24
74 152 308
75 357 225
8 66 363
459 921 287
372 687 185
12 25 353
58 842 493
638 638 158
536 678 445
112 739 118
686 910 131
710 808 376
273 335 235
41 152 337
106 271 359
286 944 486
76 808 431
656 800 239
111 569 405
827 881 353
37 108 438
253 976 80
245 379 493
21 254 177
847 857 409
515 731 438
95 222 325
451 502 113
110 491 143
264 392 485
596 770 475
754 787 264
771 833 176
192 903 234
91 751 90
283 338 107
47 406 104
46 111 251
226 275 250
69 92 413
165 828 173
358 739 486
194 663 33
62 294 192
245 812 16
893 983 0
36 135 143
109 141 205
707 753 378
306 605 43
115 234 213
62 78 150
60 94 390
96 443 417
192 679 42
185 284 241
241 389 109
415 705 380
441 690 254
7 18 464
266 322 241
799 967 271
114 837 471
154 316 280
160 615 190
499 797 331
1 10 292
43 56 231
21 66 495
5 6 311
156 704 432
86 929 261
33 44 172
42 46 451
539 996 235
496 519 193
223 611 300
466 867 211
50 179 372
553 584 443
479 818 421
121 306 50
91 109 207
19 75 274
160 504 50
35 379 129
610 861 48
151 238 316
58 599 305
7 486 31
370 654 231
190 933 305
176 582 337
420 583 342
135 200 314
10 14 155
384 554 201
390 791 27
14 43 368
158 450 321
454 552 486
889 973 25
3 195 216
323 358 440
115 606 110
140 196 398
237 478 250
218 522 411
619 979 434
96 302 283
72 274 308
11 824 94
134 476 158
424 424 217
805 867 320
185 920 200
71 217 134
30 551 424
289 499 63
619 963 256
147 496 291
122 691 335
150 234 185
4 110 362
111 896 214
314 393 109
1 321 224
247 297 19
61 305 49
84 175 223
134 226 247
204 473 166
203 506 41
375 819 85
10 139 29
34 169 424
86 787 215
427 813 490
154 779 421
86 151 37
165 613 442
53 94 299
200 708 359
161 373 288
1 31 439
50 639 119
151 354 47
361 398 66
59 98 194
32 342 49
198 498 392
4 427 462
257 687 424
215 326 285
43 191 340
210 310 328
632 800 66
457 861 292
41 153 138
678 934 346
106 821 366
742 787 437
204 576 261
369 507 18
5 248 68
1 665 492
57 648 284
306 508 270
371 763 203
28 56 315
848 981 389
251 454 229
275 425 219
487 596 311
277 633 454
430 560 274
37 386 214
360 559 221
821 987 253
125 260 238
106 459 190
234 609 220
191 483 19
99 255 146
42 613 317
8 327 28
5 459 55
246 636 287
24 349 260
152 227 79
11 977 172
188 349 121
160 421 344
3 5 312
134 283 305
70 210 289
55 850 115
320 711 213
32 162 304
41 407 345
1 5 350
117 174 314
14 106 430
92 216 265
195 310 71
243 703 411
24 153 468
272 368 76
421 510 345
482 488 337
11 430 97
38 298 441
523 827 258
372 592 389
289 404 143
105 118 63
258 314 141
180 328 296
225 312 487
51 88 18
87 280 36
2 43 163
383 559 462
296 780 140
71 258 127
22 595 69
641 644 72
101 206 354
114 294 370
55 165 453
430 841 166
121 248 295
7 354 188
350 879 46
303 748 115
626 725 390
119 612 441
521 625 356
187 468 191
385 597 262
164 202 330
387 425 405
296 684 108
173 505 399
313 947 174
637 771 281
49 703 145
82 112 283
605 893 55
278 655 210
438 732 392
214 474 462
5 8 310
586 708 167
196 693 18
336 661 11
494 780 456
54 718 358
338 363 389
356 853 215
436 551 197
77 83 151
128 173 358
237 305 342
244 713 5
197 347 459
58 209 152
411 539 43
34 124 413
205 416 209
457 498 464
317 703 248
177 398 348
517 763 445
103 155 146
60 143 460
6 10 319
107 241 87
108 610 192
15 686 416
42 55 477
195 262 277
103 577 393
77 571 256
121 470 370
152 863 59
249 961 143
337 703 189
332 338 289
697 765 374
77 89 417
239 321 334
409 571 65
277 296 19
270 366 387
167 433 292
17 51 418
371 610 318
146 667 11
18 652 58
714 854 15
312 605 271
68 187 241
235 263 457
17 796 174
452 590 399
277 428 134
301 679 436
36 425 283
262 340 235
85 847 97
503 639 155
80 103 418
486 563 89
177 342 142
593 890 230
40 514 144
38 997 204
310 437 315
26 43 103
116 580 147
275 290 5
423 804 379
674 674 140
50 219 116
866 950 237
133 188 173
352 913 419
68 240 225
245 467 42
397 705 329
243 863 462
410 793 112
56 104 41
12 39 262
96 436 126
63 226 38
410 922 297
98 192 132
162 614 298
290 583 31
227 250 425
424 693 155
607 891 468
385 638 74
113 670 91
259 699 428
310 447 109
514 739 5
68 139 273
427 520 462
725 935 29
474 987 271
118 539 188
133 438 100
91 550 149
48 110 136
321 731 222
326 431 122
393 840 383
130 679 359
549 575 403
92 547 277
346 405 478
351 614 278
812 833 59
61 278 447
39 39 71
255 352 263
170 471 19
152 309 462
38 190 447
510 789 168
364 468 58
315 451 379
6 19 367
46 395 237
840 857 150
10 191 335
259 531 80
111 425 427
765 868 406
531 562 498
320 453 323
360 639 263
94 385 282
22 22 468
1 23 412
1 76 47
199 408 393
130 144 83
180 430 390
67 369 169
53 54 61
62 592 121
457 780 223
128 204 158
541 792 65
54 225 163
284 471 152
529 671 125
36 340 367
73 285 113
477 846 15
96 99 205
165 498 306
248 683 229
572 645 247
133 639 187
32 555 450
4 4 314
16 93 493
28 838 295
65 839 479
2 10 280
175 861 349
192 447 145
464 468 463
96 299 6
166 205 71
58 95 219
19 60 443
316 397 163
241 556 382
87 141 365
47 184 29
34 578 461
583 766 45
27 204 145
177 988 340
69 150 494
707 788 41
125 511 228
72 99 463
15 31 72
149 294 222
3 16 293
253 691 343
578 972 148
485 588 442
504 537 228
15 427 331
81 265 114
753 893 390
639 919 438
481 483 105
350 802 119
213 702 51
142 156 299
407 516 64
88 351 498
240 406 496
278 429 122
4 9 226
232 287 108
164 904 457
17 427 381
187 709 171
669 720 498
525 803 415
188 398 197
14 46 95
45 886 277
59 94 417
12 31 200
189 242 47
444 867 261
246 519 56
436 492 262
124 177 47
73 926 493
86 477 434
15 18 188
212 994 218
127 206 386
220 659 476
521 599 482
140 545 435
104 129 72
85 480 416
139 342 331
207 256 267
232 433 134
114 980 488
99 790 370
764 957 176
59 703 418
5 52 181
92 493 440
154 765 237
137 802 264
426 906 39
8 89 219
157 366 350
148 290 260
304 454 78
40 223 390
147 658 245
794 984 96
115 168 128
39 233 43
532 930 65
752 945 139
378 834 484
424 914 455
310 544 422
113 236 43
231 624 383
12 19 72
4 81 286
310 743 382
215 747 245
30 180 404
464 578 147
189 209 163
431 710 7
19 35 250
461 617 425
240 788 78
152 232 471
308 433 21
568 951 101
94 321 122
147 523 243
97 261 220
329 660 326
200 473 174
178 211 94
395 449 472
50 235 307
118 984 130
184 466 247
31 84 243
475 935 50
393 917 375
49 762 360
69 120 369
57 221 108
267 633 364
643 988 439
403 774 153
218 227 281
618 652 3
40 176 150
564 678 401
419 760 89
768 983 404
390 421 208
1 76 458
11 13 339
106 709 216
286 491 286
146 175 166
2 260 218
604 643 1
162 374 88
123 348 151
208 416 478
81 106 200
579 901 350
16 595 111
257 948 64
19 106 247
599 835 149
57 184 380
457 488 352
41 58 8
556 557 213
22 829 99
233 632 326
295 622 498
60 221 167
73 670 380
69 358 12
1 121 339
615 630 287
888 909 36
52 315 407
373 931 307
20 904 409
697 736 294
239 481 60
314 892 247
636 997 132
176 480 402
12 148 236
409 777 232
581 916 26
465 531 103
29 201 302
752 815 1
84 877 273
355 453 32
501 543 273
507 766 394
427 437 498
316 811 341
185 196 365
352 537 223
52 796 205
4 136 67
135 314 214
736 995 121
345 533 216
219 731 280
316 700 75
319 740 279
640 717 88
28 81 8
19 147 228
91 173 352
455 455 120
355 519 2
200 669 195
786 856 464
406 574 91
449 476 281
130 231 316
17 139 140
538 572 205
262 677 274
111 665 226
202 319 154
520 610 337
4 112 177
115 154 236
20 20 388
515 704 154
134 765 190
246 749 181
59 616 259
197 710 38
702 898 491
389 732 64
302 793 44
93 99 467
654 662 23
323 555 35
47 54 427
535 542 368
20 697 77
533 623 105
10 701 388
689 874 282
121 219 198
