20
20 66
19 12
5 10
9 3
20 12
20 18
9 11
17 11
4 11
9 18
9 10
16 7
9 7
5 12
5 15
16 3
5 7
16 18
8 1
2 14
5 3
13 15
2 3
19 15
8 3
17 10
4 15
4 10
2 1
4 7
17 7
19 1
5 1
2 12
5 11
2 15
20 6
20 3
13 12
19 6
13 7
4 1
9 6
2 7
2 6
17 6
20 10
8 11
16 15
13 10
8 10
2 18
20 7
8 7
9 1
13 11
20 1
9 12
17 12
16 12
13 1
4 6
5 14
19 18
17 1
17 18
17 15
20 11
10 7
9 16
6 2
1 16
12 11
3 7
15 16
14 20
12 17
19 16
5 20
20 34
13 12
3 12
17 7
2 6
2 5
13 15
8 5
2 14
3 15
4 20
8 14
1 5
1 14
16 10
16 19
3 6
1 11
17 10
13 20
1 6
8 6
17 15
9 10
4 5
3 14
9 5
1 20
1 10
9 12
17 12
16 11
8 15
4 7
9 6
20 12
14 17
9 7
11 2
9 10
13 3
6 7
11 7
19 15
12 1
14 10
14 3
14 20
20 52
4 9
18 7
12 3
8 13
16 10
5 11
19 13
17 7
17 15
6 2
4 11
19 7
18 9
8 9
17 9
14 10
6 13
16 2
5 2
16 3
19 15
19 2
16 7
17 11
6 1
18 11
19 20
14 3
16 1
17 20
14 11
14 13
18 2
6 7
14 2
17 13
16 11
19 3
6 10
12 1
12 13
12 9
4 10
6 15
16 13
4 20
14 7
14 9
8 10
12 2
5 10
12 11
20 50
19 5
18 16
15 4
19 3
20 2
14 1
19 2
19 4
7 2
18 4
17 2
17 4
13 16
8 2
13 9
19 6
10 4
7 4
13 12
20 6
14 12
20 12
17 11
20 16
8 9
8 5
7 3
8 6
19 16
7 1
10 3
10 16
15 2
13 6
15 16
15 9
18 6
10 2
18 2
7 16
7 12
18 11
20 9
10 6
13 1
18 1
13 2
15 11
10 9
17 12
20 74
7 18
17 2
5 19
4 15
12 9
5 15
10 9
10 11
14 2
7 11
6 1
14 19
5 3
6 9
13 18
12 15
17 1
6 18
5 2
10 19
13 20
8 15
17 20
4 20
12 1
6 11
13 3
7 1
7 2
7 15
7 3
17 16
12 18
13 15
5 20
7 19
12 19
12 3
10 15
14 3
10 2
14 9
10 3
12 11
10 1
6 19
17 9
13 1
13 11
14 18
17 15
17 3
13 2
7 16
6 15
5 16
8 1
8 18
4 2
14 16
10 16
14 1
6 3
4 19
4 16
5 9
12 16
6 20
7 20
10 20
8 2
13 19
8 11
14 11
20 29
10 9
18 3
14 12
9 2
16 7
18 5
18 20
14 3
14 2
6 11
8 20
9 7
18 17
14 11
6 5
9 17
8 12
16 11
10 3
13 17
13 12
10 12
15 2
10 2
10 19
16 4
1 4
1 12
9 12
20 63
15 13
15 19
20 13
18 1
7 16
20 19
10 3
20 16
17 19
10 13
18 11
17 5
2 3
7 11
9 11
10 19
7 13
7 4
14 6
10 4
12 11
18 19
17 6
9 1
12 4
18 4
2 1
14 1
12 6
7 6
18 3
14 16
15 4
15 1
15 8
10 11
7 8
7 19
14 5
7 1
12 16
12 19
2 11
20 8
17 1
14 4
9 6
20 5
2 5
12 5
9 19
15 11
15 6
9 4
10 16
14 13
14 8
18 13
9 8
9 3
17 16
20 1
10 8
20 77
1 13
11 14
3 20
9 12
19 7
19 12
3 10
18 6
9 14
17 14
18 13
15 14
17 2
1 20
8 10
16 4
8 5
1 6
9 4
11 6
3 14
19 10
9 13
19 6
15 2
18 14
16 6
17 5
18 20
18 2
17 13
15 4
16 5
16 10
17 10
19 5
1 10
18 4
8 14
18 7
19 13
17 6
15 12
3 5
11 13
1 12
9 10
19 14
3 12
9 20
16 2
11 4
8 12
1 4
3 13
8 2
15 20
18 5
11 2
19 2
16 13
11 20
15 7
11 7
17 4
11 10
9 2
3 6
3 2
3 4
16 12
1 2
17 7
8 7
9 5
18 12
17 20
20 24
9 18
4 5
4 7
8 10
4 20
11 14
9 5
4 14
19 15
8 14
3 14
19 6
9 14
16 18
2 14
12 5
12 7
17 7
8 20
12 15
8 18
19 18
17 13
4 15
20 15
20 11
20 5
16 2
6 9
16 14
18 5
4 17
12 19
3 5
20 1
7 8
6 19
7 5
15 11
20 9
20 16
19 5
2 3
15 18
2 5
14 17
16 9
1 8
2 7
16 11
15 9
15 8
4 7
16 12
6 5
19 10
6 8
20 66
15 6
11 6
11 14
16 4
1 18
10 6
12 17
19 7
19 4
1 17
19 17
13 18
10 2
12 20
16 8
5 6
9 4
5 20
16 3
15 17
10 18
15 3
9 3
15 18
16 20
10 7
16 6
13 14
13 3
15 8
12 3
10 14
1 2
12 18
13 8
11 20
5 17
10 8
13 17
1 6
10 17
16 2
10 4
11 2
19 8
10 20
13 20
15 7
11 3
19 3
11 17
1 7
19 2
16 7
11 8
16 14
9 2
9 17
12 7
5 7
11 4
5 2
12 2
9 6
19 14
5 4
20 51
16 14
5 1
3 14
8 18
3 7
20 14
6 10
11 19
5 14
13 4
16 15
20 17
9 15
8 10
9 10
8 19
3 4
5 18
3 19
8 1
11 14
5 4
13 2
16 4
3 15
12 4
16 18
6 2
12 2
12 19
5 15
11 18
13 14
13 18
8 2
9 4
3 1
9 1
3 17
20 2
13 19
8 14
16 1
5 2
12 18
5 19
12 15
20 18
20 10
6 18
20 15
20 14
11 14
11 18
8 3
8 5
17 10
20 14
20 3
20 18
6 19
11 5
8 14
8 12
8 15
17 3
20 52
5 12
13 12
13 9
11 3
2 17
16 18
7 17
2 12
11 4
15 12
19 10
13 18
15 9
11 9
1 17
19 9
1 12
1 4
16 4
7 14
1 6
19 20
16 12
13 20
16 3
15 4
11 17
5 20
8 20
1 18
15 18
15 3
2 14
11 20
13 6
5 6
8 14
7 18
15 6
8 17
15 14
8 6
16 14
2 18
2 9
5 17
11 6
7 12
5 3
11 12
19 12
16 6
20 11
7 20
13 5
10 11
6 15
18 4
9 16
10 15
12 5
10 17
6 1
7 16
20 79
15 9
15 2
17 20
6 20
18 20
5 7
17 2
16 14
16 9
18 11
12 19
16 20
5 19
4 11
5 20
4 1
3 10
17 1
6 2
3 14
6 9
12 14
18 1
8 2
12 7
16 11
8 19
6 13
3 7
18 10
3 2
3 13
16 13
4 9
18 14
6 10
8 13
15 14
6 7
17 7
18 13
15 13
4 14
8 10
17 10
6 11
4 20
16 7
15 20
15 10
17 14
6 14
3 20
18 19
12 1
8 11
15 7
5 10
16 1
17 13
12 13
17 19
5 11
17 11
16 10
5 13
5 1
18 9
12 2
3 11
4 19
8 20
5 9
15 11
4 2
16 19
3 1
18 7
8 9
20 20
18 14
20 16
20 17
9 4
3 19
10 12
1 16
11 7
18 16
5 8
2 15
1 15
2 7
9 14
3 8
5 15
13 15
10 6
2 14
13 4
