20
20 70
1 4
2 19
2 11
5 6
13 6
1 17
10 11
20 7
14 15
13 4
5 7
3 9
13 11
1 19
2 16
12 15
12 19
12 4
20 17
1 6
1 9
3 17
12 9
14 9
3 11
14 4
18 6
1 16
20 9
14 8
5 19
13 16
5 16
20 4
1 15
12 17
12 6
14 17
10 16
12 8
20 6
2 8
2 17
20 19
5 17
1 11
3 15
2 7
10 15
14 11
18 9
5 8
3 6
3 19
3 7
10 19
18 19
5 4
10 9
14 16
18 17
10 17
3 8
2 4
13 7
18 4
3 4
20 8
14 7
13 8
20 54
20 11
20 8
16 3
9 10
17 5
14 12
9 12
9 3
19 11
1 10
4 8
20 15
17 11
2 13
4 7
20 6
1 13
14 6
19 8
1 6
1 8
20 3
14 8
2 8
14 13
17 10
4 13
19 5
4 15
9 7
4 3
1 5
2 3
4 10
17 6
20 10
17 3
4 12
9 5
2 6
2 5
2 10
9 8
9 6
20 7
17 12
19 6
16 15
16 10
2 11
17 13
17 7
1 3
18 15
20 25
18 7
5 15
12 15
20 14
3 15
20 2
4 11
12 7
20 9
1 11
18 16
18 11
1 14
3 7
20 8
18 6
4 9
3 16
4 17
19 15
18 8
10 8
13 15
19 11
20 6
20 32
20 4
2 9
2 12
19 18
16 10
20 3
11 14
6 8
17 8
20 14
16 1
11 10
2 3
15 14
6 4
16 4
17 12
19 14
20 1
6 14
13 4
19 4
15 1
6 3
2 18
6 1
19 1
15 12
13 18
11 4
16 5
6 18
20 76
11 8
2 4
16 4
3 8
18 9
19 7
10 8
3 4
5 6
3 7
3 6
2 6
16 9
19 4
13 20
16 8
5 4
3 1
16 17
13 7
2 9
10 1
3 9
5 9
13 9
10 9
11 17
16 1
19 20
14 12
19 1
2 8
3 20
11 15
5 17
18 12
10 15
2 17
14 9
10 6
11 20
16 7
5 15
5 7
18 17
3 17
16 6
11 4
11 1
13 1
2 15
2 7
10 12
13 15
19 12
19 9
5 8
3 15
19 6
16 12
16 20
2 20
18 15
10 7
16 15
14 7
2 1
18 6
18 8
14 1
11 9
10 17
14 6
11 6
11 12
14 15
20 27
3 18
13 9
7 5
6 9
15 14
6 10
6 2
12 9
20 16
12 18
8 10
1 17
6 4
15 2
20 2
1 9
20 18
3 16
7 4
20 19
12 4
11 5
8 16
7 9
8 14
8 4
12 5
20 31
17 18
4 9
17 8
2 5
10 8
3 9
10 16
7 9
3 5
17 15
11 5
17 5
2 16
17 13
20 15
2 12
3 18
7 18
6 1
17 14
19 18
19 13
2 15
10 5
11 9
6 18
20 8
11 1
19 8
10 15
7 13
20 36
1 12
13 17
5 14
12 16
19 6
3 11
15 18
13 7
12 2
20 8
4 16
9 7
12 6
19 18
12 7
15 7
20 2
20 11
1 11
4 14
13 6
3 16
5 18
9 18
19 17
20 14
5 2
4 17
3 8
4 6
1 17
12 10
12 17
4 8
19 2
12 18
20 61
1 15
3 12
9 7
16 7
17 5
9 15
17 11
14 8
17 20
14 7
19 12
19 7
17 8
9 8
18 7
4 13
17 12
14 5
14 10
9 5
18 15
14 20
4 7
2 5
1 10
1 11
19 13
19 10
9 13
1 20
3 6
2 11
19 5
14 15
9 10
3 15
18 10
16 8
16 20
3 5
1 13
3 13
19 8
18 8
14 12
1 6
16 15
19 6
9 6
4 6
16 13
2 13
4 15
3 20
19 11
17 15
2 20
1 7
17 13
17 10
14 13
20 16
13 7
5 18
6 11
5 14
6 8
17 15
12 8
1 8
12 14
13 11
17 14
9 16
3 10
13 10
3 20
6 15
20 36
13 20
13 9
3 11
13 16
10 15
18 14
6 5
4 20
3 12
19 14
3 5
10 8
1 8
1 2
7 9
10 2
19 5
4 16
18 16
10 16
7 2
4 5
13 11
7 12
6 2
17 8
10 12
18 20
13 12
4 11
3 20
7 5
18 5
13 8
17 2
17 14
20 21
11 7
18 1
12 8
10 7
19 9
11 5
15 7
10 8
20 3
10 1
15 9
17 3
15 16
2 7
20 5
19 5
2 4
18 14
18 3
19 3
6 14
20 47
19 18
19 6
19 9
20 14
1 9
4 13
16 10
7 14
4 10
5 12
16 17
16 18
15 8
11 13
2 13
5 18
5 14
19 12
19 8
1 8
5 17
7 17
4 6
11 6
7 6
15 17
2 3
16 8
16 3
4 3
15 3
15 18
11 3
2 17
19 17
1 14
7 8
2 18
20 17
2 10
4 12
2 14
4 9
1 18
7 18
20 8
7 9
20 51
11 14
4 6
7 14
3 12
20 14
11 13
20 13
20 5
19 13
9 2
17 1
20 6
19 8
9 12
19 2
10 8
10 5
20 2
3 6
18 2
20 15
4 12
18 6
3 8
19 16
20 8
7 2
4 15
17 14
4 2
9 13
3 2
11 16
11 6
7 8
11 15
3 16
11 5
19 1
3 14
9 14
11 12
10 2
18 16
4 16
10 13
7 5
19 12
17 2
9 16
18 14
20 49
15 12
17 4
17 12
17 5
2 6
15 10
11 20
1 10
14 16
7 16
1 13
15 6
9 5
2 13
8 20
8 12
14 5
8 10
17 13
3 19
17 20
15 16
9 19
11 19
9 12
8 5
14 13
11 16
9 16
8 19
9 18
9 4
15 13
1 4
1 19
9 20
7 5
1 6
17 18
7 10
15 18
3 20
14 12
11 6
14 19
3 4
3 5
2 5
15 4
20 50
17 10
20 18
4 8
11 14
20 12
17 19
20 5
2 5
20 19
11 9
15 8
2 18
3 14
7 5
3 12
4 19
2 14
7 13
17 5
4 14
20 13
6 13
17 1
3 19
6 12
7 10
15 19
11 19
17 9
2 10
15 18
16 12
6 19
16 18
3 18
7 18
16 5
2 1
3 10
7 14
15 9
20 10
6 8
7 19
20 9
15 13
11 18
11 10
3 13
7 12
20 18
10 4
9 12
10 13
10 5
20 6
10 16
11 5
7 16
17 16
3 16
20 16
3 15
18 4
11 19
9 6
20 13
11 13
1 14
20 42
20 14
4 1
8 14
4 3
20 3
15 6
11 5
20 5
7 1
7 10
8 5
20 16
12 10
8 18
7 14
11 3
13 5
4 5
19 2
11 14
13 1
12 18
9 17
19 14
9 18
8 10
15 5
12 2
20 1
7 3
9 1
12 5
8 17
11 2
12 16
20 10
20 2
19 1
9 6
8 6
13 2
7 2
20 57
18 20
11 8
17 4
3 13
12 4
2 13
2 6
17 16
1 8
3 8
14 8
11 6
1 15
2 16
17 15
14 19
9 8
11 4
2 4
9 19
3 16
3 19
14 20
9 10
14 6
12 7
3 20
5 8
12 20
1 7
17 7
14 4
17 10
9 16
5 19
17 13
5 13
18 16
2 19
12 16
9 15
2 7
3 4
12 15
12 13
17 8
5 10
2 10
18 19
14 7
11 15
1 20
1 4
3 7
18 7
3 6
14 16
20 58
15 14
3 18
16 5
1 12
1 2
9 5
7 12
1 13
16 20
9 12
8 19
7 13
15 12
1 4
8 20
11 6
3 12
7 14
8 14
15 18
8 13
8 2
8 18
17 5
17 13
11 4
10 19
3 6
7 19
11 5
3 20
7 4
15 5
7 5
15 19
1 14
11 19
11 12
10 12
15 20
10 2
9 4
3 2
1 6
10 13
17 6
8 5
10 6
7 18
3 4
10 4
1 20
9 19
16 6
11 18
11 2
1 19
15 13
