20
20 53
6 20
4 18
6 15
10 18
9 16
5 15
14 16
5 13
5 20
7 1
9 18
5 3
5 18
19 11
19 17
2 20
10 3
6 13
14 18
4 17
5 8
19 1
12 1
7 8
4 8
7 18
2 1
7 15
4 11
9 13
2 11
19 15
14 20
9 17
14 3
19 13
4 3
2 17
12 3
2 16
4 13
4 16
19 18
6 16
2 8
7 3
4 20
12 18
2 13
12 8
7 20
10 20
12 17
20 47
12 2
10 16
14 6
13 15
3 9
8 19
4 7
1 7
1 19
10 2
3 7
20 7
12 7
4 16
8 9
20 18
10 7
10 18
10 17
20 9
11 16
20 15
13 18
4 18
13 9
3 18
1 5
20 17
14 18
4 17
1 6
20 6
11 18
8 17
12 16
13 17
8 7
8 2
14 2
11 5
3 19
14 15
11 6
1 17
20 2
14 17
14 9
20 17
1 9
8 11
18 15
8 9
18 3
8 17
12 17
20 3
18 11
7 13
1 17
8 19
7 9
12 15
12 19
20 14
4 16
20 57
13 4
7 17
8 11
7 12
3 10
16 18
20 5
2 18
3 9
14 5
2 10
6 9
3 11
6 5
14 18
16 4
8 10
8 4
13 12
6 11
7 11
16 10
1 9
8 12
13 15
16 15
7 10
16 9
20 11
13 11
2 17
8 5
7 9
3 12
3 5
7 19
13 19
20 17
1 18
20 15
13 10
1 4
1 12
6 12
20 9
3 4
3 18
16 12
1 5
2 5
14 17
13 18
1 15
1 11
13 17
14 19
6 18
20 20
16 1
3 9
15 5
3 10
18 1
14 20
19 6
3 4
7 20
16 9
19 17
16 2
15 6
18 6
13 4
14 11
8 1
19 11
15 1
7 6
20 50
20 4
7 9
20 13
17 14
17 1
8 4
6 18
8 1
2 11
7 18
7 16
19 18
20 12
8 13
2 12
8 5
20 5
19 13
2 13
2 4
15 14
3 1
3 14
15 11
15 5
20 9
8 11
8 14
20 18
19 12
8 9
7 11
10 13
20 1
15 4
6 12
2 18
3 5
10 14
3 13
2 16
6 1
15 12
2 5
6 13
15 13
6 11
6 4
10 9
6 14
20 16
6 16
6 20
19 9
13 20
17 15
1 10
14 20
13 2
6 9
1 3
19 16
7 10
19 3
14 16
1 15
4 12
20 33
7 4
4 15
18 12
17 19
13 15
13 12
11 3
5 1
7 8
17 10
4 14
11 12
7 19
16 19
18 6
5 12
11 8
11 15
20 6
5 3
20 3
13 19
16 1
20 12
4 9
16 6
4 19
16 12
17 3
7 15
17 14
18 10
7 12
20 24
1 20
2 10
13 18
6 19
11 10
12 4
16 18
6 8
16 5
7 8
15 8
6 20
16 17
15 17
12 5
2 17
16 19
15 20
6 10
13 20
2 4
12 10
2 18
11 14
20 15
6 13
7 17
2 5
7 13
9 12
3 13
1 12
20 13
9 14
6 17
8 14
3 12
8 17
6 12
1 10
20 23
17 13
1 18
1 4
5 12
20 19
1 16
20 18
7 18
6 13
15 18
6 19
20 13
20 16
20 3
6 4
14 11
7 19
7 11
17 16
15 9
14 2
6 2
7 16
20 79
1 10
4 16
12 10
5 16
14 16
20 9
5 11
15 9
6 8
4 9
5 19
14 10
6 18
2 18
14 18
14 13
15 7
6 10
15 18
12 7
1 11
12 13
20 7
5 17
15 16
20 11
20 18
1 13
15 17
4 8
1 17
12 19
1 16
1 7
20 10
2 19
5 10
15 19
1 8
1 9
2 10
14 11
12 17
2 17
3 17
3 9
6 9
14 7
12 16
20 17
4 17
15 13
2 7
3 16
14 8
2 11
2 9
1 19
5 13
20 8
6 13
6 19
12 9
5 18
3 19
3 7
5 7
4 13
6 17
5 9
14 9
4 18
14 17
4 10
15 11
4 7
6 16
4 11
3 11
20 72
3 2
10 17
18 19
18 17
7 15
7 12
6 13
3 5
14 2
20 13
3 12
20 2
20 16
7 16
11 17
10 19
10 15
3 19
9 5
6 12
11 2
6 19
9 8
7 2
11 4
1 15
14 5
14 19
11 19
20 4
7 19
14 8
6 16
3 16
20 15
11 15
3 13
3 15
18 2
14 4
11 8
18 4
6 2
1 12
7 4
9 12
18 8
9 19
9 16
9 15
9 17
10 8
11 13
20 8
6 15
1 8
6 4
6 17
1 19
3 4
1 5
14 12
11 16
14 15
7 8
7 13
20 12
11 5
1 13
18 5
10 4
3 17
20 16
8 5
8 2
16 6
20 12
19 10
15 13
15 17
3 4
18 4
16 5
19 2
18 2
8 4
11 1
7 17
11 10
20 68
10 12
11 13
11 3
19 8
2 17
7 8
16 18
10 1
2 18
11 17
10 14
9 6
20 4
10 18
9 17
5 1
2 4
16 8
7 6
5 17
15 4
9 12
20 3
20 1
9 4
15 14
10 3
9 18
16 6
15 8
7 17
10 8
20 6
19 4
19 17
2 6
9 1
2 3
2 13
10 13
19 3
7 4
20 17
11 4
19 1
15 3
16 13
19 14
15 1
20 8
7 14
7 12
15 18
16 1
15 12
5 13
15 6
7 3
5 18
19 12
11 6
11 18
2 14
15 13
7 13
16 3
9 8
16 12
20 67
12 9
18 15
2 6
2 1
16 6
16 7
2 14
11 4
2 8
11 14
11 6
17 6
5 3
11 3
13 1
19 15
18 14
13 8
2 7
5 1
13 7
17 1
10 4
16 15
5 15
11 9
19 8
16 20
19 6
12 14
18 20
12 20
16 8
13 6
13 14
2 15
18 1
11 20
16 1
5 14
13 15
17 3
17 14
19 4
2 9
11 8
13 20
5 20
16 14
17 7
10 7
2 3
10 6
5 4
12 15
10 20
18 3
17 20
17 15
10 1
11 15
18 6
17 8
19 20
5 6
13 9
5 9
20 28
6 8
16 13
16 5
16 11
9 14
16 12
7 3
2 3
9 8
15 17
6 14
15 5
1 14
2 8
9 18
9 13
2 13
7 18
6 5
1 5
1 12
20 14
7 11
4 5
4 18
2 5
6 11
2 12
20 46
5 10
1 20
5 2
4 15
18 3
7 20
18 9
7 2
16 3
5 9
1 17
12 2
5 15
4 3
16 15
7 11
19 17
19 3
18 6
4 2
19 20
18 11
16 20
16 17
1 15
12 3
19 15
7 8
12 20
14 3
19 11
12 8
18 15
14 11
14 6
1 10
1 9
19 2
13 2
16 6
4 8
13 8
12 11
14 2
13 17
14 17
20 67
14 15
19 16
4 3
4 2
14 5
14 17
13 12
9 5
11 10
4 17
18 16
8 10
8 12
20 7
8 17
6 3
6 15
18 2
14 16
14 1
4 15
11 2
13 10
20 3
9 12
18 7
20 16
8 3
19 17
19 15
11 16
14 10
8 7
20 12
6 10
14 7
14 2
20 15
19 10
13 3
19 1
14 12
9 15
4 7
9 1
9 16
20 10
8 1
20 17
13 2
6 7
18 15
6 5
4 1
13 7
9 3
11 7
13 17
9 7
20 2
8 15
19 12
20 5
4 16
13 15
4 10
11 12
20 72
11 9
7 12
19 12
4 9
14 1
3 15
14 12
7 17
5 16
11 12
11 8
11 1
3 16
11 13
2 17
11 10
6 12
19 13
2 12
19 10
4 1
19 1
4 17
2 1
2 15
20 18
14 17
20 15
20 10
4 10
20 16
6 1
6 18
5 18
4 13
20 8
2 18
14 13
6 13
11 17
4 8
3 12
7 1
4 18
11 16
5 17
3 8
2 13
5 13
6 8
11 15
19 16
7 15
3 10
3 1
4 16
5 10
7 13
14 9
7 18
4 15
5 15
5 1
5 9
6 9
4 12
14 15
2 10
19 9
3 13
19 8
5 12
