4093
855912964 440280793
285211688 639970453
471119493 569603999
796534372 937634527
264009731 877719067
848899454 130813183
233034581 382930549
301288410 510624533
838470359 210596359
633128757 109659247
224478 399213349
493300026 235317799
745633068 757457803
28037789 980291161
444173558 60622817
544276249 98129363
940868451 624162499
822273253 693180013
856343461 695339149
290390067 910354637
772405534 442383259
704220519 789812461
947875729 823546033
835323231 323445769
211035789 906362057
625477849 933870293
276023527 94462531
489304104 274107479
386677335 689825431
882915757 739325837
261461390 302435431
594178872 527963923
789232970 68788639
993423383 734794901
947553936 453885349
11099416 24494969
625298170 972966647
108036057 722888053
904420800 946699651
48191090 975813551
438534030 308979647
710720383 473060087
88617792 867261767
774885165 263833937
868323833 194742307
212480780 172982221
608024702 186474619
68966696 46956479
807186283 360363527
306245070 743350633
821087840 301131539
824489264 773042359
688481835 596506279
861809976 11630693
47797433 86001989
696662665 431153617
463260908 941042363
180894949 675810803
135845352 907034627
760223137 576823519
227800927 401335139
746355309 77632601
521777944 339090613
376811417 176994619
727122670 810310399
192378181 333975041
853901531 764339713
724817152 596512589
475051412 541556461
500229713 258389
402131002 738464677
471841428 518159
568459290 83420653
988789373 419166113
56038468 865667477
324828826 962052649
286382642 213820283
200897616 38712517
618358702 317241037
734077446 22507603
157258052 3860489
813301108 649509961
13159895 550083577
414206676 336961871
748512429 879039827
321671663 604255801
671257344 110335607
548584391 437493937
430802535 64522649
714402225 24765049
244103187 148205647
976868344 707832011
553806055 923865893
568323574 413865769
653438062 541499027
444029119 723214517
243308302 597399149
234802296 320099627
724275754 580440799
23077418 96642197
409995751 393720319
39165889 59940337
630562124 55712873
208745290 347780141
508459086 553824371
231394716 148412171
691781141 889615667
167700277 483016319
51552755 911761681
165806768 134537969
12475444 609828409
68838232 443556319
691984374 295450559
300187102 132384179
734155104 725175721
17435116 71732077
947737152 883095329
306819985 43817567
270814045 878141659
859738337 780147107
818338120 994644493
977960039 114414247
79501759 513263071
266594479 314586443
698472039 346067123
43469561 327822919
75765335 105802913
515895390 431891003
436716260 492515659
90034790 160583653
741824878 940493263
337663426 185221733
483110827 911714057
483561421 15837023
796636090 942562927
491687619 39770953
383595918 364509599
152884962 823946899
12237437 48260137
154608783 210466541
89272622 578600767
822432882 50937077
533407218 997837163
526406075 507695933
514453216 90519281
817523844 222819647
843159720 488592229
773766392 350014051
468650804 36353981
814740713 181459637
310180853 145304261
1729113 366410867
406987333 89600461
55347664 932249551
311582008 491718713
452199590 59606051
278599018 981730049
437581114 32756293
253100051 284737991
873386124 832252679
343249720 785458393
372338771 647213867
451339895 494830019
694139989 523792649
292066249 99168877
234567769 86668891
881466791 137523109
801681355 647865041
789214512 852988399
128675117 497173591
712831327 884325857
44058480 661784237
29555618 49483403
958965435 846483347
155798229 143144821
979183194 736469417
511417085 524595923
415032909 856706419
920368089 219577901
296469391 869389373
564338336 19890881
173578597 348655613
201958411 524987531
605917643 663107507
123889179 735623963
895915811 355142527
293660583 879761873
41230675 995653801
155363290 206145151
400898592 814724447
90757918 32029301
962659869 239425577
943510611 861034543
203719124 35936909
910481102 389207171
894494461 215616931
81720903 534397793
163826942 471316009
269409887 261005341
85770781 283782253
421369498 969416939
290079646 125295413
595899571 628045237
846252966 300160151
297733778 878441653
782030129 691647841
598336311 386283977
207970911 359590739
45002350 291239131
836991080 74458831
469686111 992104567
829080839 670439269
222354741 704233903
989603526 318862331
270616273 279331321
301246408 439032959
281799984 262525297
480373913 995457563
852280995 453546803
510724815 23064373
85391956 606485707
10621116 877843973
658389863 67128709
805935994 592527277
251375150 922405709
637507761 547099697
379784629 545033777
354856630 1140949
90478115 298716371
17266978 911655487
987403174 515638477
271936559 674088031
69833700 119990153
416461340 890243033
973667647 177164753
112041769 317032033
549713468 171616099
333011545 355355491
991380846 191905799
230335601 448630583
880323948 386982209
385747148 930937727
686516393 677587973
415078885 874341179
568019555 957967133
971062875 24907943
247333287 336924311
187706883 52384781
805826598 528268193
274453427 47712463
314906426 42244283
135842088 577244579
857672747 365434777
927629965 248418349
383233268 397427
960736211 638880811
615887759 131298161
111160584 497507141
325526560 227012081
317923207 949867013
966704809 698385529
283592346 129321463
589708156 206152357
308044906 774249341
567880322 332798251
443748825 288573277
976011375 85770947
936104569 702799049
726000963 450227959
237045848 761210909
454125057 724642253
78587029 174371711
918325107 490690339
675578444 62945219
790813170 293711549
193246621 349214387
102859159 221492651
86524721 41988533
206389789 680713181
941807826 960993109
425658115 662856823
228491401 779209411
347124412 186355733
428765695 978349369
699150003 573439879
973939989 674470981
389760452 968645659
766156752 244019267
730931544 115927457
657723325 280394489
477728306 685365049
702502057 652783609
711453534 815788933
71919810 892489331
150340289 905047183
993499567 272951491
986939858 4294559
61326843 557226479
972460748 626430391
78507750 713830547
89788490 130667857
495106985 73979273
257905046 329108191
310357153 126243101
754324284 990299111
258951371 269870833
370233830 479307599
530816433 828456443
876779905 679809203
214592984 775761031
257623743 989516111
853792149 513370129
177705779 371433229
203567215 721493009
445231763 322853593
868228674 939287
194997800 80040511
725048122 606989629
891892164 629654033
905465709 226119613
245673573 689658173
985407791 92632151
215766145 147176137
858895770 358190429
930009878 192480641
54210773 111568973
104133826 218304943
893390880 225271051
572149764 705544979
756794045 366784207
174124466 858588089
104094775 962268341
55694749 439577
129877104 677461957
949639057 460217167
147288763 873030173
575089270 705795289
694814313 85198937
677397760 705710653
396775092 88596731
258938050 18308393
650668813 732653819
378889498 910214639
344213762 320001509
287589588 410291897
339230478 509397271
933567884 804420679
323413889 256884211
251004228 202510013
707073899 199667513
768415744 372740201
583657389 200488487
123710824 80455699
50394516 711190771
123803113 384259501
332485336 919345859
521634910 414642589
117895003 977276567
836166429 288230191
490141368 758183813
76481647 479872633
704242631 84255539
115928499 131726713
20401193 603359891
748708374 817530907
880142279 416261147
341998122 442813001
12509983 41374427
209307309 731039789
140332058 629045897
231425851 59570509
724061855 338981131
911063498 271390799
419768622 224394983
169735648 530576609
878615444 664585087
880793087 248358959
231909914 695633017
803212524 787390129
379239236 401660929
152151567 796526537
795622763 793672729
792980139 621611329
765292031 122575571
59326368 680967179
690388896 554058671
532660117 797582837
628273571 577111921
708675435 266001761
167464752 856728133
924505940 859126831
855347970 342320623
105039619 226806247
529575890 345564757
60853791 396477629
722250122 35062103
862152041 43582529
54574716 509722897
810726500 149146381
896935264 594097367
521137818 147548441
842813356 25014929
460438380 177914257
631014666 951504131
219983442 878717057
38312293 798040141
287509495 305930033
502412850 899066477
484133193 138138457
328027055 941219497
216311619 443530441
870943995 136024453
662213804 678731717
67798460 134358143
678472818 775971037
702287201 38299519
304530530 735468323
482811434 230177447
28425131 449014141
148636972 736661873
255142997 963907933
192905152 798342617
456458124 312366727
731418083 192771151
352202151 158545963
513437286 464949263
246219692 202477423
982311760 544660867
824022594 263355949
177083181 793003537
412420004 578105611
263349256 983137993
342293024 10401371
102457817 749763611
395061361 603270413
574924602 337347707
499342094 966598637
448336729 339539533
180439103 56225831
503312789 711383341
324091190 180239107
71348198 222804641
352356145 853649333
518068452 956470441
543658123 985424743
367544462 875395979
395238450 97712191
20996853 908129659
126398965 798700153
569826215 531771187
171391829 162510223
293794509 495207613
273822490 370754773
540104773 369243137
121450959 235679657
586185898 565178989
594735447 475060283
813785842 814697167
914199321 741428141
431346641 993051707
886170306 151363001
992990642 743871833
160520035 409878011
134311608 590531549
712202254 869599727
950679421 286528433
908326686 932331761
501435248 802741991
568099995 829480381
87610052 270016267
364848949 654677209
21797232 232449229
129544271 901454591
164350756 818603791
925334697 679610977
244149424 850933799
730481024 795975827
334801380 400536901
47623372 113543293
202789000 998290957
689969496 981966049
808100876 472944349
827143207 486783503
985651032 235568173
439407540 788709731
663602037 992158711
983725602 849362089
943801380 427337233
866527487 164529193
281601305 551517361
655000704 978280007
22758920 194805349
672119943 249376769
77049489 280373323
434247400 341048551
36330655 790093259
785332422 794057503
874932061 142984103
457554227 469112927
956915663 955504577
477473391 278778169
445108596 24299549
829423843 657207569
757578227 890938259
316486088 532328471
150318345 94513703
2754686 298737503
28723257 3723649
65460565 920441399
676739736 872060531
141629892 512854301
704474330 935020067
329628759 520727093
396005822 811701733
846963233 138496781
959715426 700856969
720704009 129032473
523149494 28443067
545354650 649438453
238194108 101440399
347706889 940446827
250012453 989682073
890616045 270989783
736298249 553673909
433895716 277857589
317830898 313571849
3228422 102423253
953042573 155196221
783823267 100985293
150614330 377571881
150180975 897355499
319427347 315499523
622055862 223425049
153245969 310223267
487442867 893733413
234143628 633688199
764378928 1368847
334822493 537432383
845951212 475484687
39108836 47856131
598204466 250730083
215085882 554511319
365839930 274883927
860637047 526833977
203224641 522759071
243578000 842827637
722433207 566516437
211774885 71826809
894519261 129683237
824192483 192158069
424079790 508472911
74957412 359753161
151786934 299914609
105685138 674271623
38605234 458503151
59529159 293692523
491574871 229924543
581029454 509243599
681199002 8838413
928312225 644201027
876287741 816293761
477027890 931946207
246685992 608693843
336709031 66230299
423278757 972507937
883965572 888432031
863363457 838618997
848878149 63642487
544224391 161488357
4624174 197574467
601369137 60856463
725702942 938584463
477482516 755884139
787834483 581944007
739517646 511871621
71058560 4207433
524857813 185612143
529631273 504202627
762188031 239613431
361863617 172544387
831728879 64222289
738113269 125046973
320845325 22700213
866417243 612938939
301545986 88176523
806384999 587641477
210898982 64098487
195009867 947715361
385061211 473552749
228797686 204037159
262583333 177342037
179350385 711392009
216657771 85740827
365035629 424134871
437010809 826471979
91053537 926761529
633887072 552934051
16851599 72040933
854369513 537007489
455933666 291738631
161277666 401769853
234902656 61278583
63339945 261891281
187412501 285613091
774490196 613075181
734836817 843961021
757081437 505322189
529370302 234471121
124496853 734172143
905521982 657238793
64873359 126479917
378143898 807680339
450638316 992702873
99719343 471137461
680955430 557419937
854408117 697100119
501442054 155434273
391665105 1637551
392150277 82632269
450455625 179652061
402090261 872148509
588424319 752912483
205544031 978879859
147704577 560835479
215605871 98704579
915100656 94736107
309186883 792340883
342945441 89539231
750682581 168197111
415644727 123158017
18754563 343411699
861112768 133335529
155887280 395738953
362317837 108432539
672599883 1407017
61185329 922809247
230405089 30254083
898398222 848472913
419983696 912764681
802129147 136061819
920208409 512415737
363474773 718615973
184990483 33761479
224079454 95739107
39915923 673538903
211614454 856996319
915619819 142276889
313544241 394877677
263160491 402356951
775278661 878281511
907438460 124340891
635523287 475304447
191069564 927847003
130716113 232674613
32136445 815985613
170155018 560681629
813045592 5648329
545754692 6172249
191574850 647179823
218826226 902662699
199436171 236673071
725145686 216915143
241827700 46168417
238656910 130812239
241845507 139941343
278601370 25781083
492592456 668522167
400542137 476198267
473470034 228012679
568745206 705863863
878626348 691524277
729087800 994626691
548483929 799263431
565593788 323578247
198771935 892120331
853484411 132206687
691232455 352581221
529596520 117065731
226386120 111355537
363233289 15002033
597409074 208646587
54532258 464097551
948296476 685233833
615393671 128639891
258746776 235186411
729148117 489313463
668154802 41385241
196471624 956568793
986404470 425032721
854713149 908555951
60391791 135244663
144389606 501043187
113604961 496997029
341384569 348724289
175494580 332301259
73049920 284832311
150887415 600477373
7752331 76075303
650957159 51491731
927272364 117670837
665051065 920831777
771077106 324716011
797191340 245281919
762101019 1307993
244543850 663258121
713599805 895112221
197780363 599964877
446161438 126242863
474414434 990634291
792120720 300386747
608997851 523754837
390542606 351878063
812775059 219561877
143262653 705717941
323826458 115317337
896709530 933172463
221880706 347049761
634807681 448998853
479371715 379719037
568570193 561894703
912878315 420122429
259153337 174485851
668599621 141121741
306998759 482335013
951323158 679070411
602952215 639732019
649716383 398693161
578295449 54663179
72468739 381099139
399012795 553022147
674351229 908438387
163237672 625825261
728222484 996574427
135441196 494079769
614403692 650094317
858109141 214901053
237822700 448532837
262025326 254744437
533721865 296602919
201550503 98253739
127949046 388001377
190675354 325698407
234762140 629482769
595712665 1138681
290048242 488666933
931337476 718322047
868315847 670479857
771685704 304296563
433981704 149490031
152993852 998082191
63281502 381649987
10558691 32058497
445270960 789818027
292798420 886819907
994031302 593502863
833980483 125078411
596225382 51994939
25743333 7324381
831620658 243455423
167061048 557669699
312186782 47072681
886357975 664542617
279790055 215311801
545757076 76307867
752255431 540661631
847444489 547148951
349096288 134882039
287070864 23219113
7745210 711497851
331332541 28258999
695819078 444082883
314211887 707619307
791576714 444073139
516021669 618707147
696087731 13132991
559530832 965610007
298074250 393516491
751129909 561847469
409244421 78785479
146808044 64980187
229598864 231991541
208729483 77999839
376553860 415711949
695267560 266396437
123833824 52384379
72844912 231035411
709794077 113730649
76116096 230970847
457917602 27036043
743614459 615027617
584574952 405582781
512549575 762777671
923619085 33756131
729717737 451174501
662258444 358499051
489630474 845527229
717175245 361905373
503168726 230498881
568582618 216408823
572788462 165018361
973389050 338202967
774561597 743992987
623149832 344593687
171537444 777587453
704970713 786244763
894490961 497206513
141600488 36367687
576363824 392178167
15912769 163038989
607781972 619356989
248742475 201725267
123726224 364400429
606774535 455671787
193732609 194860727
69119418 988710979
803665870 990407599
954578203 776932699
315107605 694641401
27907462 735766807
500081000 692276687
521454663 224465077
101811703 304619369
57430367 21302399
360298466 189352003
183675822 405069289
354657979 238339169
341572325 853956139
732072220 84856379
69603172 713212211
867527096 702935347
639778890 234854107
976806483 36401371
870668286 882233801
523030201 20366579
733302691 202943591
169711093 862095811
420793082 725960623
122543871 189619973
92017440 146807021
546435962 961221467
913400511 291775427
873945006 525023911
406222462 102486311
407001911 596144519
124524581 284459447
946586741 715186331
197860278 724347199
723505118 973339051
584485189 347663081
941414933 134299117
30160904 258254371
923713113 274211981
520548712 509655397
265609302 922543873
702181002 215833021
578339044 956046211
330226767 884752367
252286974 221832823
569430822 128097577
575869271 313589347
24190915 30365701
926263498 48986081
273533810 826913981
736861087 795458309
978339245 974619749
394540792 648562627
18112252 511256621
240248462 84136933
573223886 773295979
600341261 687832297
78251456 884138029
92274555 12079253
270680153 224472481
887417008 672665501
474501672 897301199
762026249 195377503
40418984 915110279
915875247 684611483
348201367 888653851
585183949 37341091
71329578 850472263
451343484 628458137
159167121 449891459
333880130 248288171
899968486 281773801
934314772 3971483
217247752 182088931
420093390 837398453
130786610 410243123
436018961 634857511
808136887 5523227
681931062 777172027
20216481 866215303
737195950 462333149
182819079 533989721
750733624 114441839
663273418 9790967
440863350 28504451
615404154 394203683
259362672 593902739
174558579 527473087
476961883 913219919
220322632 434368021
533618365 839445611
986388610 447865309
412073984 621470147
515445717 153457027
990208478 205109893
759286040 4800661
65342719 774820933
616646342 316400543
303991928 645131551
754627013 561841477
950266379 428271847
18372424 797067413
901446256 665366231
752264222 946144973
33651839 558987521
771869422 144001409
818195178 316913299
398325260 213895933
378202429 815216357
116099245 487756879
828207392 212492551
869330395 19484951
535995944 762428159
335760722 634581839
188954757 216562837
317774424 184597451
699539242 779419813
913380622 43005707
799602041 118356391
971565532 53719189
295520964 438234659
103439000 41469031
434914158 307881857
160166023 71399831
82057145 881318773
720921440 921316087
366038675 397611491
71956988 153824309
965782686 710906711
718338984 622443937
530257545 766381849
739172899 688719767
618713766 556129831
659384213 41702971
456370381 720469751
499377404 846093449
175979225 98381711
860870386 789053021
375361737 775360681
211923262 755654989
624094302 900300383
50195246 484139287
11655431 677759473
174024832 40613603
608528772 604986743
453936945 897700679
607922898 685289903
778746512 40272961
455175477 888942491
112215670 11931929
921592274 900466453
156333612 304154791
926861339 462676451
610676898 824246803
529334512 325459829
104268711 506376707
653137335 111905527
54932168 681983
302057578 980776061
386146717 908356607
961424479 151324249
18633286 547699003
775758423 405863621
690392084 404663327
916610903 536270311
327746689 276722791
7960309 345119377
194848969 516127477
46749805 854832259
237364389 856019603
995556329 248864947
786097317 455428513
617984530 664834349
426754685 513273073
904240231 606676891
943965444 164069891
768082956 82550417
65509602 604290367
174687975 634785629
390247873 378079831
687289021 84081863
973174462 633400037
71020067 839187599
855005798 438218771
535580318 362858773
522586784 404205253
307713860 227940079
821988656 71307617
819624975 12368479
76779017 779169493
276267663 450992107
72982535 265831871
754942791 700701259
726356081 63537833
438639217 604086643
648801371 519907813
702300850 253622267
31119473 646263119
404067418 66314207
968643648 260320087
575002009 418508039
631689270 854251217
758205755 608009261
396707564 17867827
97378752 74951783
951176808 97466851
632806270 653014807
547132485 414931243
168117232 28117079
231647175 393923017
957493230 219558289
797115584 278187821
123522850 242494163
565285867 403079713
620093871 508236203
610911769 61231279
743845702 655221467
70878415 19971373
588438137 204709313
265255123 668399321
429707920 288927299
625844037 30091657
561803964 704105459
610929349 58638259
113262261 217371611
123401826 28263769
837742745 269757997
381825513 960651049
915488688 944343707
250126889 725106113
906657877 571463471
778529223 479393833
264328904 882805241
107891829 473961011
774412077 87689969
625262549 311976869
220100645 929545259
29606234 286336241
793548662 892148669
114372287 370449977
299837217 391059169
783851588 397956421
296481538 229544321
587778938 510057089
95237542 814560581
787871469 56588591
445105586 503508647
831247800 506098657
52460221 51068317
625297714 502453813
214937409 829381739
815689072 295542677
259574500 244658671
364910151 48258479
1254516 325946147
236589413 242446717
905361372 604426531
240486470 904026107
284339357 165985579
243124204 408752693
940275690 272635723
24930707 927690083
283604333 291456233
56163294 602255351
159379331 441880193
712013619 9454813
510142326 268778233
632549625 55414069
413518582 841616257
655261222 455596663
143976525 741180877
808588512 325108631
461935355 245391037
77378877 219673183
838362691 521571563
573520232 494440949
212191755 408760997
41908371 532106893
280946016 936276967
132034642 492142951
330054679 668535601
521801740 30703861
967523822 268912703
155002403 733600661
27125392 331267969
408069920 633457499
843794905 600999019
14666121 414039487
591684619 987600751
811668254 975713231
71985772 797947373
838140372 965813413
573099492 162302431
561280882 286108439
121382296 133092749
457883813 620416219
742883410 385698563
403984637 565450183
957028778 173029939
316803603 164968537
277294670 440197781
331934013 961694057
39133720 468112829
202740892 310674827
226097821 458381921
717603607 124289959
991503120 571107349
594854812 828111703
17143398 528473567
753511635 126290231
82188729 950336389
467503306 869467969
675468185 635892161
436213864 595982351
266796293 353487643
232797825 284551027
485809264 155215787
834507045 668807519
687756135 212654641
730642593 392830051
1971167 772387201
844225520 461418673
960402880 592602583
73254637 3370541
554550703 69574723
316379819 114677599
615649454 883602091
894156359 487439749
760778020 824773189
553571037 283148681
529695347 809267567
656541968 82507427
492140850 767304133
194786385 469219
474221976 499046729
333135169 818855551
63068326 936707017
578576993 703793977
196451735 86821649
233272174 771518729
969820404 476771369
467182660 969462089
264379108 316121629
702021356 92670307
543081183 156450979
114650716 539998649
36120581 499166771
108697380 343327819
354351164 496805329
82677581 40306361
942973706 364697807
339553062 146824961
938469883 947538349
501219077 725668589
888440931 444881251
9143856 89520331
561002625 879624409
548415239 344261257
975483052 51514861
287315929 283877521
204320594 75153653
151252685 13270627
120008206 999077081
804339226 843638933
686104748 955916627
845244503 618188027
79118411 163196797
477180020 495945133
145674268 635301853
179617709 51253339
774389192 284010289
594905365 691128323
375206283 827158979
641624394 253052083
589906134 236274817
551654606 194635657
137730593 141974711
788778479 645705877
896392424 432938069
495665336 624974327
605748545 963274853
104967384 621747509
234265526 672587081
34226914 819430789
969326768 372711571
217722842 217576351
347952638 44234023
935002056 978965761
9966665 24225389
909997508 694772483
196437129 730660213
596250830 59463791
745156646 592512619
583237346 724374043
403257564 443210431
469994435 27636029
787563249 478829419
713346658 881088841
491291827 836819591
111862522 895244227
740149914 147965089
710760044 883014257
122233874 101571553
929527143 130005517
373265514 340725127
488704879 356122849
972409404 941723047
813627765 731892101
88644862 623462171
138262530 159995851
2814679 121631453
180894049 860503463
826540990 495491761
293825661 336714667
230033465 461569333
380917905 405953003
61955378 682039717
121315130 681744139
728056895 860233523
938906474 211868497
286551403 806563033
825536401 529817537
842363602 231728191
749135713 946950353
628765006 524123857
313397600 591865577
232473500 6578101
244880237 967686329
290512542 689940281
823037679 222457307
745968855 519317011
808470499 247525961
31245740 205887463
279953636 83089219
689461870 174764713
20434060 118193899
112028542 353665427
302212553 469205369
941327830 698731031
10588061 400172779
198618775 257048501
106914457 50168849
431208490 159721547
210827498 628775443
137226048 917112967
622630426 761090767
949415763 719548649
880438510 453562799
209699303 968027009
569933063 288261313
878755997 690796273
289100762 99102907
965362265 365296621
510788961 476834273
494630709 245233909
756908184 439761781
58551215 543571409
167858905 725660149
400158595 511680461
72749433 398838019
585580003 691928047
990333970 64308143
576727854 497341501
159369715 454388983
589509750 948804973
325225513 786823717
192525606 264915661
221230889 33289537
34151733 649301759
196609369 294441713
851648433 656565317
548285390 64735757
851467595 808556197
123378795 203697833
321044289 142087879
227595098 507893159
652980564 871081259
429433109 934406911
177091230 884887429
157002506 27609143
901293277 743796007
219112364 251606497
908592367 76895899
728988979 600726019
82234943 109164301
652992471 166391317
366485527 232230253
173941778 112400791
466965788 114499873
769956165 505461247
693099141 774150053
539183009 753150403
57364835 844920871
8420545 246894073
611968760 909857071
427988517 305457991
66628507 826842911
84966795 87518447
25502469 453974831
104250209 649878199
629102324 40078613
248857896 61264919
174885156 85201583
829268973 997936783
317125838 739886713
6983201 246288671
375978931 559563379
583744595 18110843
645961953 316509547
306007637 541016009
162756291 965248397
883261551 29075609
314760400 125182943
386909332 966406117
609287363 105361577
827938291 459481357
360125868 281377963
205523252 423937141
699442090 240878503
189880984 32127691
673214735 461798119
290762398 681901543
276690603 383228957
675925517 110018297
874537448 641870881
992820536 363345211
70942257 555997847
736960345 333818747
213425364 115581203
867750733 536755993
594685789 368643907
240566778 367882213
622338273 58987969
792195105 108245047
724302343 969828173
676542935 142171853
279015280 47832269
742961894 658742303
495007611 507620417
908103156 130444331
951517478 333681937
294414406 309616693
206495844 220874581
887460341 681153703
720411172 20198509
269619083 116102419
730128755 519140197
91656525 13126807
24917914 129957977
72387441 389249639
280450104 652033777
12087901 567345851
548276721 69123079
304316735 589479251
630475036 605284571
268979205 15001213
759520827 748929413
719813551 833872307
875008534 801993917
121815229 953437117
77913634 913869647
923281404 885133603
114900445 33129757
861682317 679027483
573204724 914859599
67209559 12539537
579821060 231865661
282355985 484837253
259281156 977272631
349210835 943206083
862735890 855182747
581245594 539804371
966180466 165810257
450515009 289388123
819720023 52116037
648767413 201132227
207539912 376678583
465612079 202427983
361737704 193672189
178875960 635594387
632829220 850697429
236096969 984304639
267566705 110192791
694843748 604160369
710937413 649577219
211314785 28713173
193772958 162012133
68637271 631238449
540115622 863967817
923120283 576156277
428563695 275163193
494909956 77786297
353707070 143743387
112992829 872817313
791930881 49408087
808445762 253410973
54604530 214440511
538868934 582729881
185263942 105885893
469761151 797799767
575104743 103264949
629001093 304168303
832374730 727949249
894046638 345603781
260704113 44958611
430308172 400973347
592090090 823633403
977486338 896269123
265738429 136171687
53014702 194619751
567607086 203011931
117148527 863437579
531196167 29946739
63562056 596143939
833284916 601960367
285234748 292964767
671571022 679037839
729346432 42537367
731726893 156534877
203537794 276124447
322547589 973870103
846802111 125021317
350821561 166087081
718865459 620443963
566445440 340407293
255037861 713697923
465286234 780914021
571884910 853174967
474685061 837524447
4668701 396787717
731292864 122961889
668389448 666419867
868493195 20504903
881918172 371333219
118322864 78884159
415174515 856505191
559472992 278594171
164969409 27471029
362308740 879063907
789637457 897190517
256994415 328920299
294846849 94813273
545629936 189651053
983375050 263872337
428274440 500579197
982008476 851128429
479839153 558846061
261994244 760137263
356094720 493841443
79906744 181030561
745847375 627356299
637829243 981633637
95579815 721202723
464456695 984326657
461610206 69098881
752173046 618343027
833866035 509600669
762527553 410892463
243686083 272421571
389889493 949287149
426429847 42828427
977334080 280713373
447269496 600168211
598515001 853129009
689591805 286131991
539914144 218560841
152637054 396360323
109099670 356333059
956807671 6745391
293176152 315968447
568469648 580880659
853545416 570339527
376556570 558053659
497000914 763261001
277282770 937963711
607097133 972344179
620870136 969957269
7498387 443154721
266604503 637654361
606133730 231744181
119594960 409139449
729088720 287043143
14781577 30934427
865226485 8297099
977555100 718263467
213820146 339872999
544676377 984111071
941981036 709995617
88508190 938160857
55119895 84033379
60842475 933408271
936138327 999305903
110035792 862995587
596395367 7797701
384072433 52414151
687976402 377453597
66037206 716282323
435617751 192786091
31530513 444687167
663989953 149967079
238514517 991462193
998434147 436181693
384008147 175116647
373857061 930554281
688332061 827529541
947411448 184103519
225763463 894858977
371941909 695017417
225826387 854082883
396361149 760298863
86730330 243481279
19350224 189557723
98634523 464534099
179716758 839334841
638027607 727135303
796640136 109942223
881637685 462525853
312931266 305779829
962798897 176411891
169605593 360837979
121123022 188392219
576138743 57750947
845705177 934181323
578966225 956351933
664316741 527601857
952987137 598419361
54553828 644497219
55416379 630466073
759177360 556251119
981269110 121353263
94473610 421214881
129037110 290359357
817760063 997861967
272771874 166539889
613017844 185197349
992611464 250371139
838111576 147586519
961309525 752450203
143950639 625472363
760661447 890477869
283365241 203815123
348495404 455591977
890492864 42456737
453838748 768447401
827909820 206808397
64990244 845742221
860227583 140315291
810794957 192221789
103950978 771821431
327819354 579165869
237881802 119855033
477017938 227338927
160047755 341866817
928584893 182965171
52603579 74367439
565697039 754622423
580069756 449792891
660354992 422168891
65605613 271330019
885297974 293792479
497643457 110786749
429620558 638078411
320815081 901624697
463497931 560971153
999277944 531587687
454489181 109883671
308285445 566156159
677925555 319217053
540341669 253997801
721855688 461057651
77566258 269353501
276334794 474743107
532077050 328045649
394767204 748792753
413952940 328648711
487885318 743559287
902754213 43500473
997363311 833743049
112233275 150177941
741088594 75947453
742079545 681881741
239030729 199303609
400434928 841333517
691087299 362395067
194094717 629360657
607184689 1870639
298521959 588273739
740494172 52487689
791089478 356317573
936194845 402351401
886572613 377244073
323423133 708329341
143308722 997162373
700755762 384236239
777935901 26718191
449938897 202004051
655840264 501146369
540405279 279043393
107033175 842443543
373635904 58720267
495315412 809883731
157416714 82845949
13281861 29296417
95286360 855583649
993840948 886581779
644445390 26237291
2448962 998685661
231814533 544814461
76118312 692196409
743512527 58042163
641498796 256406399
798701482 960340487
57847880 426835363
290631308 285298501
856320271 563817203
144393097 808978477
228749121 625213321
29366667 320806373
49829726 36609607
220769617 722560417
126632988 477419567
572675521 130966501
174053145 72058267
982533390 628535669
192682399 159158039
501098107 117719557
447041587 292437289
568893804 648402829
352022783 140825147
14935980 412606819
300968385 743391199
381214278 30016121
187567664 363806441
255833115 931709377
857079970 207032467
793231280 447691219
1906711 753212237
390492422 575047051
186748345 124884559
784639454 477995657
942848960 300437297
833949537 234505343
777427356 528522151
992701637 17244901
286760981 89780233
840159353 335494163
130664658 565399843
560568164 634190959
159205925 614872691
72726571 671544173
424266350 669021589
471330429 523139003
152166053 394349647
481727536 118554169
830296877 823960537
251984558 156535933
785529970 535751483
596344553 868198967
663872377 375932663
417146904 145792211
951659688 171501907
326386394 43639147
834940876 742326161
997866057 557049379
686584681 129714217
598760180 5880229
212925895 121514581
34959357 117907373
995540207 745253987
113316390 134822047
697777335 832595011
274516837 741176087
644933477 952202627
790629853 850339519
996360048 341501873
949827382 536544343
740604047 580551871
148252854 677483777
327254029 193321663
684587986 855042631
678500741 272674691
61336596 928150843
128872835 119983949
413614028 243741919
671937412 186814567
43300340 446359877
857399970 801787237
263488344 354763309
781604270 21503777
750392195 430287437
933263846 904828517
904470613 263843287
368855057 845566129
614163416 162208817
995364254 310570747
869716793 144728813
653055807 646457717
111490218 426791777
373854498 216901337
317827242 913452427
203193025 673962533
324330581 218372093
872100755 21271883
309815801 159843581
399783154 455084317
376978246 355571729
812684670 137321957
402100349 203517833
209743102 66387961
849985925 828949721
656612244 74456999
643493748 206067811
116363415 391879729
564276259 833593421
408567224 226806527
35455200 21480541
973635355 238516637
705961481 742953083
352103967 973276693
142152144 137479417
350400154 173961503
763943912 592001549
559712274 278779997
878546643 88350511
949180225 267187847
580955497 283677991
940817174 182403889
585442468 908884043
573936340 851919491
86798547 645480581
737380113 246336029
969907953 794347493
968296241 235896569
639838734 47043071
58055306 542283349
173785247 765748813
167465123 929350997
277733985 834850469
972534740 184884313
885575493 802388129
233212040 544467673
280188962 682623761
770249549 127006837
418201187 193673393
198960166 732924541
438185978 218636851
483672582 171057743
33562813 499928959
209560622 935252869
477916341 43025677
342445397 117115777
668728563 235751947
12800666 386177761
405112752 777542677
675528586 603698057
103443502 772512581
352609648 726122809
909544998 243973693
63726317 66208979
821478576 207068581
211481899 230272037
837800329 201265381
155861227 39047471
251100370 23561687
706854182 806580529
845212804 53096977
703681037 715829717
494469425 268432709
706659580 88959209
61966189 635711621
606891072 150695477
469911786 185680037
702112361 235811311
405426101 902401069
224215156 510624407
185322015 315180851
86681009 578541959
511009134 906030899
42136317 663927323
356926949 933378041
802097931 681135647
496084066 242085379
543173816 843844259
219840969 915654937
419922498 909251129
387347054 127806109
289978529 559303387
373181293 350361521
370578621 500311319
399488181 226515403
517462476 299916317
748060103 253077907
591018791 734529623
107116661 54891203
519985882 185824459
519526627 701003299
266823186 183585707
991769917 214993357
615625084 338605909
350504020 260983271
255807954 687707833
31196674 610453573
683062325 243999169
928812960 243886813
666078626 770987773
105610549 413802647
240604045 694272899
48823274 865627391
30796639 759877903
106746703 958680551
788334463 40899179
915116655 411619853
496573595 837940553
650786539 620566949
430746222 135481447
625643057 705314177
805719603 672856337
931182107 52764037
589156593 205079351
970776607 9177607
330212917 968435687
215598401 65753011
779435357 812982011
673423790 403410269
743211398 749796953
424831875 718417307
779432498 942208439
137654827 76344781
399251454 309091789
91947833 392155187
983183989 221358847
72505864 474913631
119000216 274323547
769906492 375719353
951945246 58786411
74902822 76007653
768559058 349110103
541468739 106515067
291244046 500740531
485776924 196309543
579106092 904112201
345272440 26515213
595141793 709904653
335984077 722299609
475010994 537658831
315319887 700978987
407272718 645708079
657009074 232520437
812361003 946010287
643700967 129583261
348280679 399239927
933839633 3160811
873801188 21343583
996240388 689503981
264864956 849130969
926879158 336510203
20314731 859673891
375964046 378057653
1702006 616972639
160932292 788113219
637657947 127561843
128811220 318548437
16164454 225139799
364506182 418838509
46655111 315502409
670398665 153586361
671807248 514512547
567225211 418180877
591696073 257985649
26764061 749760931
715090094 743657429
477223724 69452963
756585013 101307881
576825438 212337737
338819773 204064261
892407861 213806951
377323926 406916849
131748589 312363229
880764793 935906707
755101396 692000711
850032146 502818991
8208781 871041601
423200548 302302729
180117277 493940003
403365979 449315639
585179913 394276679
632906971 377276777
307679541 651673037
361961183 654917
981355710 817764403
506241614 798268013
217068102 294140837
232752659 143837633
666435546 285465181
726546179 191884603
336449367 351491519
336219147 686485861
287523893 946594073
407635606 312060773
36714374 880219423
240711871 15639367
176525032 579907319
811065032 609728653
980851322 251523803
903366334 902500177
995211989 970959083
540707257 32089517
264199088 572097577
196966563 635562041
909128477 845909711
739131905 32338577
409584557 936573839
840671307 55495339
528187465 365027287
89386920 40969223
232740837 387966133
919044615 819756383
319247198 199913093
381367423 269461253
387395470 551729063
613163653 236918537
446551322 164551811
726216975 12655751
603874920 649253447
184175048 900483487
699592170 361906739
214506907 44741899
905022384 684704777
195290026 242752193
547889297 235943347
904721605 221817833
249184478 617624537
250154391 667937693
466608123 878043043
766581767 941975663
229877879 580644643
430923717 507533423
921479601 217576393
202617964 728970779
691421718 182510093
782171402 409895099
850680276 362363227
2477708 863937299
918140177 593057791
330228039 231004247
734791563 674143697
400325638 283168547
845083115 565522693
352727146 803318471
723493487 685491503
509680347 822719347
232778393 742180009
268312554 788293601
163928327 767233903
955531615 721024841
994650062 239169143
553025877 22256987
308289617 945934537
908276151 606559649
29338429 868279619
335290168 170394047
960194053 16081259
332029232 978528433
673164649 881297567
950735346 284054179
326027387 162900811
472423896 169423117
118955311 385275377
473148865 908509247
606603922 50717257
557376240 54047737
37506198 974746931
515448016 364526263
104791737 274564967
219792362 129662059
803149147 877154261
494287127 334660031
901720314 388345147
37587560 206738443
996149049 89410681
878874017 619857013
759298085 984326219
936480522 516535163
156100531 115450163
780252526 141444869
790725636 26045881
707352927 524596361
416565457 284025151
543656841 569839579
779759037 5693621
726271515 71797673
20844381 407816557
637898485 395428097
683952614 677134061
480103742 910892057
90094135 981107489
610972134 145857731
443585796 257662697
307975711 42576851
926284160 518957423
786891268 776529833
353525206 326023933
943860214 580994761
141694714 810548017
120508376 115689887
851699050 641587799
635960789 18095741
19182431 304443941
173431685 925242761
885349555 11591053
569646935 418828349
208348292 80848921
431967999 110995879
460390478 953955161
105697415 758515441
762130221 31267967
27822287 368006323
880366219 197042071
953325976 551907749
300164596 589253893
586683613 167452763
553675148 280393237
293921291 437129417
161643663 653001539
104244580 189451123
163892205 543734767
765755220 994582327
783577934 958333517
217522510 409757071
547559091 931617439
568045211 1033517
292772665 498611849
615100570 587703367
164489657 777782231
998051569 249851293
344250353 717670087
291535468 991781807
915291550 355450819
915525307 273062749
741688534 8927341
957972317 253233719
796549508 272625109
816788944 515975597
291970828 62803061
716863069 726680303
144244360 743526089
789660853 731517719
292629490 799630439
206936972 370922809
80418794 451190989
181192985 70763507
721078799 319388429
169828712 292797553
16872127 47816519
32295417 284293579
554872165 53895649
601122349 217323979
173571313 759034723
786527112 115068133
441222964 981097333
630270851 919539749
203109628 762394967
649010811 115113211
395393344 554466383
193599401 879723841
740373600 975298591
214620918 714147179
380062859 717256811
16503029 162039967
6416477 500344463
38719714 696154163
241727598 309052339
434351366 303780371
843580168 550829789
132933596 649747339
999879078 534409153
731926035 329316313
512006328 691814251
825928107 503624809
169206081 986405417
173101012 457256783
290051659 100337869
723617024 458450933
227473318 898606861
570507110 980833039
820169727 664871239
334526186 210643879
4941527 577841087
447109811 228266867
128747513 459132353
918227639 132556493
243767959 859991161
396759033 269152783
649878246 156077861
990952213 307808119
374166258 926331907
857685622 696414893
867407825 220766989
59052096 192839503
419472985 926725153
180483264 986519141
636516376 28686901
305502736 295323191
577632035 546096557
829039572 168672967
724870357 944917033
25575505 314494511
967479075 253551451
615620436 947605367
54523229 925883323
561306595 570567449
497675340 8781559
257751200 784860161
168975469 630648737
609401258 974448547
329905892 319131317
318936956 813820321
14137124 601569979
849300838 940501879
292774894 818047847
249398139 803119567
746329439 372873337
254929447 683571199
489014765 914218343
345779704 661174471
781753717 394555009
967901939 582916483
30450664 417263569
786207443 773944867
323774956 640761397
579656654 33195209
515136080 132809359
748687223 813451433
549334818 943712659
939316862 220484527
997785297 243635299
898098630 71831131
957059944 693957721
527932516 537996619
864592588 99993743
175945079 405124201
273776210 190678051
472294845 246189893
817135214 521070097
531989052 551006413
547621658 626991587
683702110 30405787
32773278 303055183
702351862 680470669
464639868 916762843
408175980 21107531
374241258 429723617
325094293 143645627
542829316 928173269
959320901 229309807
736442558 4962409
29919509 17294713
358859120 312767209
747037839 348181283
173828657 705826367
416037408 178196101
519238778 12036293
576266759 341345701
287612920 408849767
210736225 479914723
498262922 50380861
954059479 870318577
511620639 386643539
565362166 357499517
85741345 900927539
279394310 859402333
562878373 894213643
805963023 691187677
982331163 178995013
651302272 681691067
255700935 23778199
527665710 938492857
933866613 245061007
914644239 318594251
299399368 629102723
462009337 284198461
546797715 153260123
292381381 679876387
428331094 50825143
837223228 177978649
483221832 455372779
886063635 376605421
384358378 882269347
219589511 543859333
193025880 420589651
25936567 628582477
406079825 74776027
78507501 681672203
110655411 861798503
611214538 467538997
138924961 669798319
964529062 20756041
334116222 991965599
817942139 423434467
819545738 247394209
937628611 793419637
382341161 196254787
998393821 750046673
886364438 661980587
495189540 788726413
652270900 837221921
895963186 647559677
178696144 594144427
770717492 800853611
735460105 51912953
514642853 495334649
416643240 935758609
957816332 279179053
131979297 617474087
408145771 88232359
170251537 78997033
253208045 104040509
891354628 606966791
243285146 596002283
281630079 114960017
872148486 690265141
487728508 411913679
631453405 907725677
641083670 244401623
219035903 866654623
537511967 12243991
388289334 321006967
412244582 852944969
814249673 406635353
398280587 188520107
662484805 394379239
134416207 321872647
440989198 27867089
865547620 736813657
306625594 975150037
554257268 191598439
721393642 249526999
727983773 852367961
218168660 131651843
390849052 91866679
242216418 851295059
831684338 568184093
65539436 453143501
665268117 398880577
967079667 53900789
783996747 238710103
618637309 52632077
276682492 467927323
45439382 10028771
284639663 137644279
640027162 675388927
199888569 672807607
7526398 112198501
662778336 662529233
259242736 500755949
177468743 611734303
245835564 355163791
80830556 960681919
718746723 129330457
817538112 247257151
853236629 113661887
758793656 973547507
95204904 447832633
842259010 95307011
864695457 230951293
421445757 428313913
811775707 541849307
675270346 315124871
136783578 435358397
210162072 882054763
37210689 970607621
362390637 223297049
933047375 694685867
38510060 864460187
388468187 561774929
922111987 265352273
806928198 149155817
120320194 230398013
857716782 476455519
337964602 85945927
193244631 258345239
807400984 445156631
512096637 246630689
636281129 510128819
325264341 413887489
68816031 689238863
207827977 176373293
383192792 870517937
513560724 113653069
675086187 18670291
306762124 693304273
966565693 567648841
686110180 283710599
934340549 946351963
659162990 816040237
100447746 209650513
887242242 40205441
281678033 199509371
542968594 3079903
40505537 749858653
598312362 526678123
197122358 168730399
580282591 993507611
350612884 582654701
80697258 327976211
815033433 129382993
505034290 143228713
367169811 618698999
65445652 711013483
382012361 349241623
546856109 857393219
209807107 181132009
239904116 642408773
657310021 485444783
726827867 852689003
327898378 738525413
254552166 39727183
167103511 56581999
60277878 658550771
701791399 5205341
915713232 440827171
37956878 697777957
478247331 153618727
952306226 818382629
674243850 205876003
236393197 389641157
250920901 675895267
396287216 338023837
111402269 447163021
844402624 418774679
210275102 17986747
835515265 274872739
377030667 395931023
338494803 523810009
672402119 729160771
530892886 61483217
189750334 385465739
208227161 199469693
576852308 660538751
871718388 995963099
836335648 834301903
83207206 237744029
522742752 124317181
47207879 368379797
170781080 192890519
683195719 58108067
896734491 306380449
172876629 253355783
118184371 744013549
602403466 62805451
832060204 876466187
917191395 152771329
54005164 988090009
350987720 533930359
165055106 900381803
186493955 959442461
403801994 2324879
113194723 851641771
89923823 496755359
602790336 875953891
539333626 686523847
50825561 290555663
155034837 773174621
937232389 655938853
190365683 371386759
344562445 347456741
362904139 848943707
159829110 985603513
612474827 446851451
856217586 64498199
40973368 121743527
677125529 40073587
886696912 418010779
894616748 402726131
855381755 682821989
803874706 463048403
808534741 140543341
999136243 743809091
951746159 234796799
707761912 45711581
168311771 282509113
568972230 278271047
445270830 812892809
624409042 15137609
667689342 251682983
251115212 211280009
48326973 76551641
742895121 34969807
645601332 535411231
353600122 209708299
465309864 666322691
545479095 270785909
957173360 260023633
835071561 350678257
434420558 298001723
380179731 433032617
444298567 817889357
458830817 79204507
906826313 61041313
352668810 386075021
89103743 235820231
810503578 517305629
85031670 778447849
580432173 562553837
81389000 444660941
519077687 599393131
564199615 639207287
284541414 548756939
296914682 536217641
304317943 699999851
983428116 930723559
649296038 813239507
628250983 250132031
76947745 552217277
741887573 127632971
200159603 435295129
230758557 738504229
236077001 440272597
340969675 762262243
863494662 154751837
354131496 194688761
743117750 180879329
338260123 917366269
975211806 485561749
193480461 4559729
141313352 437591227
951565681 238197853
673580842 781891507
99572791 143083097
565987863 461912467
942198880 674768057
226620439 543378527
379288324 111083279
355173101 973783583
824526649 420480521
873832338 105802189
8929111 429387031
62127732 139929787
94170642 349860893
634203491 844903289
918763658 336423799
977360576 553450237
753831745 369636647
55779927 147489143
46108885 17715889
797826307 844406831
275628213 257469599
898077614 354381613
722215441 169509281
916948534 80299631
21058643 277687409
516740623 583065211
56199882 124271159
640566477 837526381
958179839 17245651
159667149 220167853
724473636 884463677
871989558 253749469
692518372 123849223
223856333 190085201
363640576 66730031
695001015 210485771
857141803 119262469
628643840 262446467
510400169 277265047
845956839 485457463
980876351 419457481
830360064 533996663
906844437 750169337
68139640 54994157
993849739 942661631
923079795 635353987
350606970 625976573
134860888 987527209
832183516 9965401
650146185 638626799
56026959 29500987
988819241 746048063
558141903 500248933
942954123 106608389
563094385 166391587
288626079 757119499
935588266 207025991
656624113 942039859
423528070 438909199
107403292 788932283
97848159 969267569
529785841 744729571
606043928 219452533
232682446 824770421
768732944 589773827
227873002 107941579
992290954 909652441
698097578 76969771
358784142 936653491
882648843 203851253
338261449 212131939
5822641 207899621
602655368 353187179
938146862 28939739
88522076 849535783
289287290 965602817
62242362 57741529
413089449 715242233
963675026 121649579
489642945 42250343
836341013 916671577
842187547 556254079
198126349 71611961
263700865 919591669
931533413 441725567
392352194 519771157
669131289 549330017
807439380 822059393
131126646 261421187
484735497 959962873
178891350 509838877
104082345 397640041
295473145 82900561
286690663 19473323
940479396 357921181
70018920 62518523
984894656 321733661
201698891 934215487
24649535 594507077
816073071 53475637
813480900 516805573
260489270 249013573
427308778 371435843
247003785 445757329
211422031 663374167
640490575 385423331
154525603 500512367
600336779 203774279
36012478 513105239
10152151 604017763
260577800 717735269
339456462 141263519
374403278 83060119
419628703 389293123
955485945 953575039
926482344 686182633
382262722 135964771
226999465 512296303
957790425 75363401
65618361 304089871
169183863 355485931
423010250 259926493
91669090 316116391
950682369 786575633
486025431 298383557
405607098 939706979
482079323 616560991
951616825 657111491
699006760 905869219
516227829 175344313
924162346 77183311
529424873 617864183
31767632 139216201
618984526 20506979
221192358 144644917
938660856 136741313
71886111 277058659
306026680 472783777
549240322 17824913
790362601 911690149
195458696 550751501
470874738 47973971
815498754 442746193
168931208 8255243
569770545 652948997
885217318 461121847
392855804 660456337
166054295 104135249
705074328 110790629
858125381 761171599
996249244 34562743
849700237 726907273
458261503 6639011
305929123 319481681
317665898 892752811
423162607 550107163
296046177 69984179
431854859 16629289
868998125 322589257
501925312 142691467
520268532 192097957
935497192 64868851
46835317 707500867
898032928 864041209
141039003 943835857
110461742 205892597
403352652 290297327
424334896 10752187
539680631 463785913
39377606 1996129
572385715 314554181
762103035 153139739
413118008 681479261
460529048 472477739
859763350 345870299
711292056 923824193
41384641 911616439
875199559 863489101
973628012 640425949
704609943 183082951
307923514 749941109
918122412 317071061
70611808 159080227
610766211 10030147
13628541 584488133
244202098 942048127
768852905 33718151
320308284 71131583
294815343 174209479
226780542 13402601
241130574 376417381
780981227 52129543
413899043 31513927
126639388 662676757
220596032 944827571
419226953 399478939
124652983 304734527
208638960 251059717
620768926 129990877
463085791 579447413
916338345 902444297
876431328 365451001
946704270 76856911
189405298 374263639
281217544 639331339
642770640 60348271
712964138 410905801
295148468 294457609
178774762 858463049
684858334 46318511
342865846 434565419
129303651 318040417
941327697 245235427
568826589 181640341
381456772 196011499
437308218 857202277
862670695 390867613
945445753 537284987
377294462 102762971
259139359 590017517
471387927 337627721
994361041 374061851
679589433 739942789
851287416 218452627
900739808 774314797
723216926 423705967
828649828 382029101
930470387 107000903
187531889 775592869
413121257 219944191
155013283 638358923
55840444 310873393
696600891 156353789
205739867 836043899
438022747 527786401
641448055 823712443
839089005 504704269
618770672 887074039
432094324 700839751
693260206 814800551
584020814 439243631
898133527 105902569
432826008 11548741
902447295 51329093
793290405 239343499
842229761 869699917
483282057 209869061
992183221 849181121
802684336 615504919
645967011 367573597
511521795 416351809
35492744 164219411
663168608 40640363
488538548 272776571
182234191 540858709
948789894 245282221
794544478 995542903
368031656 325508923
902719246 286890641
939418356 123202361
21570925 971459051
63883982 870337093
18319042 443571761
526695432 268458797
961158801 96290881
172843102 639282737
158190131 399707201
865900551 944966329
967880353 193734713
321794066 156146791
699769317 319068661
433775231 971868739
234651690 841634237
26360635 486678449
482227186 391528199
127145864 932531671
466814471 205374539
308845792 416201561
870519212 720464533
990887989 606669199
174145685 765020323
765507841 200959259
917306598 351233717
54178301 116549
66693217 642517283
953634694 233620469
564107916 687720811
184090777 26948041
81409643 25617821
553823592 563652317
995432161 544856057
593072362 651126071
267751198 76835879
791379935 545540273
286019663 139517447
555963692 719777879
904662038 31766597
444798499 943375723
251813425 946165091
483835077 941517713
408510350 763187281
284829385 30852299
31191221 669105571
681213742 268847053
555937099 614986531
738763800 270887257
784282233 846993383
4990594 359043187
206296206 51393337
411172243 77584603
187491232 91711673
227956017 355585807
795318752 883031519
385547967 200530087
248348685 456369637
178447430 56613131
5120323 614761747
435176229 884475569
177561297 442765207
53434747 945847813
154449472 222405947
8596995 254977171
265636985 69638123
458166634 380279321
671991744 82403263
864334550 371291353
928083714 453356903
520010395 717573457
817635217 391644271
867505422 836171599
256639183 338633467
421300678 100086001
470252628 186236299
229031832 693910999
142287474 656959519
497788595 282280871
695756470 189258991
975252639 672066121
508638568 600086749
494571585 578348863
187540313 660736099
574606098 349534961
829003332 394877939
665898058 616288349
304328370 166018159
128790566 451806359
19947564 984441191
275849819 69378667
135912678 14825381
118798501 102533789
383666817 659437349
271127316 939779543
56535862 581263021
179772664 255950809
169860486 455166539
538689101 557997571
862811381 345865291
417198882 200158073
232680338 932567431
580532874 523066471
40925506 293008997
369092536 227014709
798104716 798431701
670608751 993006527
834969741 821226073
544880307 96907309
477933890 43327159
15124251 34022741
915747835 536498503
366890002 37221629
616521541 776834713
424308802 210561223
433062008 833135629
455788893 226064701
44225865 207265621
560813585 672949877
967426237 213155861
83621438 964481069
188903583 289702723
421742280 489631697
645502515 789610793
252759361 334696387
96006773 20518073
189689565 68710399
737574117 295570057
553447560 54214627
617027501 723651193
836617077 916892701
827863113 211914949
198852474 353641
542105371 461190061
399782296 341507701
650197332 82294129
300329917 249804739
20335537 266721337
681822972 259382551
410389744 253023263
172533381 44174489
482503761 130860241
13897079 542890253
873937623 560338679
494201786 570205771
220462491 149635883
263627574 202919173
106531601 49703663
273764751 712589011
171330905 129208243
524261331 876579283
708286322 451474489
718068988 58858259
214329340 933376747
749602691 902667847
523061512 391482467
661283358 403262597
188705632 703815031
804009584 139905497
745411453 405931429
493050067 185981167
939705759 110797679
861885006 682889003
814284315 16496663
754561012 236120113
95008807 304574213
220900416 549397133
807356396 83390101
944550064 693241051
820523309 279118739
176513075 784663157
503759384 484295477
45388113 828971393
202564934 502463209
993758570 828129409
352612700 473857487
187059353 482744573
500981036 306129367
856634910 71678573
290366035 109446401
881741335 75258713
818812771 426958687
393870865 709013759
706628365 714436117
523020262 183093919
592806818 673260971
988926270 299936599
912324124 374265313
893008207 482223893
946135667 126597301
66813236 734535089
436299534 648523913
333738870 186390623
512933673 37473077
832359165 959371697
634104459 834528869
558586550 989769437
247350873 356307163
85826600 205241791
120562737 690872339
883800449 12488327
501549334 438523807
285528510 237615929
114992698 4876631
481142196 716807257
617646334 299696827
463303201 548190317
127980530 344243041
61687982 715161341
722671699 86382139
195892848 882797119
409393474 621075899
890123345 320686397
174741290 795919931
706615664 578834437
440169038 137206373
188024782 269545739
774372218 75253
845505199 764111251
883492977 203272819
723601561 189313541
219674241 446923891
967212412 512788369
593852873 653115271
234055613 692331359
13421987 98215889
195290619 971601847
616732968 833933927
640666165 178138817
698414072 172728371
440687767 109521319
460414242 994233497
484851547 152138887
591943313 692891417
371196872 2001211
56847467 791537443
950918835 68335847
77254263 299560237
371157778 900795661
458847366 284734661
419690418 205931339
544872760 283084937
782566527 492975289
665703488 789222683
544554193 423587873
448606409 227296549
383276055 49733903
754888033 345252749
30592106 982913201
287523998 92933171
565786076 550971461
234077815 680420929
266020926 163416041
315975857 285151847
835371192 490618199
876022197 741351241
243718477 1731397
4694755 651986459
573900691 599095921
135249871 243844411
609587807 281483243
232043656 238330487
4566943 722207771
256132797 519653171
601029951 838566797
657326855 586328563
476992249 61972711
55743674 893965199
146746619 749047213
51387336 656763143
733295511 968561141
135946056 436193561
456918388 642779587
134033459 225440497
738305714 449081317
873672165 799234637
693451406 519124217
211029270 66479953
691643764 698521511
162978462 184862243
582979846 458054777
777597304 245286109
641428258 269820563
938795836 826511611
791305072 261366121
952428415 532713031
217088823 662621527
330346750 810360461
810217502 662150963
417111877 240751639
146898045 919224589
226724776 491621687
379343482 570300083
283345688 643540493
375313474 898551571
662226082 603900013
431885653 824738587
170282671 92046641
517395366 138487091
611498160 701632793
844658248 52854643
97666770 246056471
401403270 802966159
212846781 804483587
413046883 19741649
840733690 190986149
411918124 976698557
77886661 139974781
390375624 530867797
637738663 579554167
671769723 175862111
248371956 20645861
926458744 512220109
372026873 388950839
217830953 395182457
469046840 15939827
939697862 81783773
138447868 55085477
118074546 183786247
651898589 64873673
908112685 34987361
432819544 660583159
730317626 160485293
330840034 12926929
208398269 313516877
463011987 802742627
202267899 394598539
597203960 759742283
255861758 936576383
357727499 43699967
998574804 478964231
36316431 510878813
430688902 608859983
875970548 929859457
793439276 725036267
329109711 209314981
806739166 777248489
419327355 855338423
550015940 842466439
857277035 395002963
422386941 542903129
114854239 440568607
285187592 141082567
550814442 937020103
351119925 502577809
215040747 924449147
992543433 607472011
97017687 614948413
578532341 5964457
60114365 257289467
740299873 640162177
968450988 794612447
871335276 469402553
64134152 124731473
437222226 99272149
292340777 604141463
401196753 676543213
75013867 550848101
94449466 928394911
441148329 168695353
731974027 582632203
518664592 352520209
651063547 824330401
371591099 558731
595207109 624678079
686816832 528442051
247301927 904418237
288193857 841396553
209223492 685472659
693246830 613039549
913111268 523225601
354279203 669052291
385425573 201122503
890461607 346964773
761035646 881594621
42252034 860250239
802828623 407815937
528633751 794149969
83482853 755325553
139171307 263661799
369659106 682553783
752077428 565073429
995016629 137010047
562816340 212269069
689560428 296558909
945215526 377253979
18965418 82216921
848480851 185350961
522453032 676395607
262186632 747208243
25573508 524611447
836353402 796453367
517570732 968566337
179706095 169120661
806698169 212330597
820866942 64466929
766983814 264472631
586531290 666591127
626214430 275171999
182075099 140616869
276224697 39741797
277161142 274304929
999894112 199161119
309957585 331211203
58534472 579894479
936816583 691154897
642682984 865864331
69499257 361324169
173891655 69780493
122073814 14083217
456140013 498248083
168235511 344636401
531392319 868208501
289886689 741546863
792965812 454996753
664467709 816501713
425166057 549642349
677923494 481344187
232919728 235809451
718587951 744060851
553627582 716079499
874102179 743644969
311393882 184529447
220386893 878214503
34532794 131141167
823264600 232437761
396904169 78954371
345950183 92672311
897311816 857645497
919749596 80354233
141946647 180165079
163770639 474164081
168048941 946070233
69907765 821558587
756322628 779058641
513105341 376863451
486451788 704427013
185881313 170061007
530789365 909126637
385949743 309307543
536996106 138562201
824789530 187547821
15850846 179952503
892456402 440758139
799031422 927304951
557169881 123313403
733857270 735770663
929486921 174645619
159664011 654370627
183805196 491622667
676491204 119622907
977821737 887282611
174840664 743640787
905880642 603434413
19533438 151890499
231288518 490494793
17194878 65715493
454389290 946050211
83643537 319034467
435225845 395264587
469851991 166938701
363325319 655782653
985444629 647259097
937264391 792536377
267732672 46755613
200330928 985998967
473059007 129529187
610131983 806634841
602357298 9395117
120745567 118958621
431384773 590005277
376491966 697504097
166746410 3266671
695289693 348124781
241394874 149416829
491808811 542314693
633313639 421374013
270385894 233807291
177330447 511543913
763869493 5934601
877481246 268629343
407328637 719655637
23940528 507919817
501058915 474263591
452639230 800455813
323826876 527684057
946496695 387981271
146107794 313628729
622538773 337146763
56904340 218327429
533325867 468347279
138362892 787562327
257697754 853042793
106267609 322387733
232924182 640653623
302548774 701512241
557427410 92635199
969781092 224406829
920194653 770338993
442616056 747143933
960159596 608926363
739741256 133293703
997164925 783324253
106594619 148599823
607484029 427092733
106365170 774272797
583906858 453828239
233368477 147725959
996070958 65462741
364543593 793469147
570421611 178029023
226960952 957779659
539896313 473214991
927780084 215603813
285292716 599111213
899075860 295596409
378116884 705464561
921645751 34190399
666756375 936322061
346137611 912103711
300403470 177590593
3418093 598327031
614980076 314436571
527839628 470867393
407006305 108577331
79166105 964044661
966601084 972046567
139222962 760620379
233948489 190044779
754056724 204292483
392933826 348402653
76237477 883468979
877582773 33713237
330252514 19916803
207105257 380919709
183254992 24091013
787035521 740408233
549044361 178103689
796918500 29821273
619909334 669886213
108869164 867112657
827528111 409970633
780926274 519454457
245094988 458190683
603307625 339049363
774024833 899499173
619397382 864754843
961936896 584873791
62053827 56598089
424965615 489983407
230293387 117714067
939805211 503738143
968263654 127825967
319770488 690529219
635283409 364763137
669145576 789942353
270577879 717027011
353591140 220266973
843721 915613651
288259631 120816923
284960585 912924563
242566880 321328253
80845408 750819997
796301190 421599631
505961588 319318189
23603925 574380217
150771367 897192029
360048493 246775547
79913877 558378929
142709779 349727779
114969659 635866687
372527912 399993917
386039610 419519059
49299913 613459601
644419524 210850597
133776797 397162289
647103212 302424149
869616634 610524647
837180343 71601197
397013769 762796141
965979102 74266249
846774418 810782461
18952716 99500647
836753747 48158303
224957629 935452781
233427817 801721727
423403240 812734159
419106589 115561301
708489811 483642259
987123840 658393033
652916103 359095733
590350342 860686363
626211171 467260153
123560031 554209483
624689605 557254843
372726580 744839569
27729271 258732581
482756181 4406539
608603763 519322241
452915387 934665383
488021622 906890563
242949896 437402111
657509588 102559643
426212700 250878857
189612108 232424609
458440454 210678953
81605162 566260151
812142938 305195239
228431560 848503429
702900755 213327157
205417402 849906443
901501790 39267743
502980689 301137563
938591538 294224881
326755155 880202293
846935748 227623339
165363473 164275303
85581405 711635161
46229418 157611109
414313281 883010483
456604364 117250073
218935632 69729901
434378062 187523509
81789539 586583639
928166472 677625791
448685264 159274519
626329897 172700929
449050232 549742469
566099949 574032713
932280013 663827291
61832221 801590401
682653444 430084493
898497555 827176891
401344365 775790677
163207465 304668967
91266753 561197839
242274878 219418861
84504731 386909279
579429612 337444147
946021066 173703053
92646868 54499321
214215749 299570743
181355933 273135053
510993532 889053259
353984053 48171661
263964691 447390239
606486809 772142291
989902208 191792851
138974218 414818867
539055309 759443441
830805951 615660277
254832826 10441903
633810436 124696553
661711984 332104219
580960323 98278357
170445902 530799457
416215960 445703953
221719846 708932527
649941973 545419229
18788000 927376591
558873525 125048227
186555293 979172981
750058530 814415963
20879045 330480223
486943033 650079803
276309551 504465677
471597196 208287803
140318302 911301217
703397900 224979239
256627931 501371929
54575227 697905367
981025059 311341123
612998448 757184849
825410895 911418983
656724529 896566303
208880457 101612113
259829658 169550237
143523886 782164363
235685484 381479453
626035077 134594087
395017699 3726691
340157320 576479269
344937998 416458519
940322399 63482957
992859577 5977649
725012571 58050407
384537012 294377687
182680719 330641131
512002770 941851927
561811939 864014243
336740275 811822801
790832407 846262171
263805599 174446813
981947275 897166157
711106850 239918779
415354564 624105149
60847045 90391051
739276822 565436957
564685158 975609829
177489401 971127439
496604596 821362681
739746418 579900943
692256360 66966149
868986498 835763783
6865121 408101861
458142875 310182149
296287759 698654213
560074580 476631121
528150176 494503201
806560726 679036483
470022884 193407287
671602023 778580549
664894391 2051801
527460500 281933497
208430396 214773107
957343939 351268549
595842838 533076239
21218835 452648003
378384739 8069189
759343508 209266217
624634331 622893373
343010915 462626617
560498090 468780029
432143039 720346009
416533532 219514433
164616789 305080723
957385637 892869701
21550533 672796853
162112527 573001577
392883752 498123127
11025500 959379301
86684491 459970403
692973495 658594913
268628100 976093429
369320690 450850511
833864871 485360647
177962997 435094301
167633259 442284803
695486793 988775581
13518104 926705783
590552854 557258549
265476552 810409307
135170203 297442163
232428013 413647343
792066105 775695257
9868713 809809321
603260661 762864889
582088300 738625787
788452236 202411309
206185135 476477011
649217257 135609413
748259060 351305281
852407899 776958731
129931508 268909541
829208302 15577657
839548390 886764919
754654960 304762897
394946541 928395101
788846902 93548933
730361381 789226847
421550943 618169261
806855656 849899957
725211364 416566457
852427438 911537873
327493963 468541327
827923875 853991087
957482621 583220557
358753104 333384809
85935498 551091677
161329531 727677037
83861846 338289251
940948563 576260359
408867585 924074213
896641371 408049219
279255494 253873583
74733426 893757703
920940499 89276101
475702594 33424861
235005804 297577999
535133254 952497631
182809811 958612051
423034071 768290399
741091854 533440021
422059424 952560463
150990067 444823543
814346253 276490267
174450825 706171469
837985226 378724823
684701636 933525149
947001597 324125101
461726026 491959709
413554399 446010659
782308961 945439511
162661311 30274121
245167289 118512833
558654065 550997099
851189256 2374261
357905223 259641367
961756021 322540091
624988629 270926951
286208860 506493061
401912070 569286677
169462868 785800649
176158918 834828767
912134739 723737359
855932362 941320907
495196169 75493721
871897445 726706489
244827329 313621501
991891032 645760891
231088555 285892513
779212920 169485949
931142096 846697217
565753105 408775867
303740963 674020187
139120755 299679683
505647486 495221107
572104188 794019071
148269780 759821633
987121269 841662527
937336608 340160209
596188 205228141
587485111 890951569
168905912 852063767
915870599 101596883
119543306 222335119
119859502 830437639
168320635 989595931
32334249 697206479
746477020 351467167
965534244 392352349
239528289 288159271
760506325 396482087
468749252 211571573
158041665 519273767
748486638 280779619
815657010 825511157
815574936 795922529
21775432 211079177
362657193 187537153
192623541 28713473
841705667 716016281
484505853 270197069
780775611 23664259
24261892 188014223
336384483 194418643
682996506 839098867
606713812 33303581
73930651 372423683
687072082 291220661
923388109 515754391
70813924 615074969
841165537 922940729
140265666 458271283
790791322 431329897
313074219 791283607
47854751 560029709
410682539 411192967
729605054 88453627
440194110 220017533
56528881 416158307
897896619 421051831
676050604 780393293
276626876 702567077
797290914 200729159
776949821 528576863
845575834 414536321
239123948 435393089
303838157 471996439
365368570 907108271
853283134 943172609
579917943 182912777
445469595 148155661
422123391 16074923
563643807 72722491
665553957 347290997
535574241 447985387
516133352 505974761
895175607 763742543
750404720 44659669
170652486 663392621
435577532 143785871
32021597 704682443
128224759 131092919
396836971 187366667
556058342 272016517
122570223 396029813
39029725 104093413
56603074 495808193
733609212 691173409
971645208 205539371
244865922 493114819
765007742 296535341
285940739 935975083
171285972 93665669
586655051 561087767
257937276 767371063
596764647 229864249
223252319 269973269
656325953 285678257
939022324 479517911
881476132 596058919
84489941 16430591
900894563 883109611
716779855 813252821
669992042 847718477
853872097 680562163
975086092 371205161
140388005 879380171
595708428 702832519
809119703 98878823
742172321 726392753
105737489 76482871
400356932 422159909
291303269 644839183
192557913 77132807
521110503 803108167
580984968 287977513
284632747 754390297
254793656 203956261
70939971 194527457
492611755 421077511
326506795 89921957
281150425 315417701
195935526 722413927
114719272 67798853
887693069 321987439
902837011 163372087
879852727 219161291
420450578 418620661
59402912 547761341
771576859 839653723
299189552 103122451
702467011 429329399
656448538 154646659
92324879 968660839
296379446 522919433
330390668 974412787
12778523 273203429
138635201 37516709
113767221 471292993
121269030 675732313
447504582 981191689
674236224 919281203
428488788 339853669
151751599 361500413
525437468 829318381
315425480 268590349
995877144 30269177
381257546 238671409
487793935 539031541
450719599 89443043
22978435 956921431
247934219 982642151
598945845 730620749
245633750 516824249
276704622 325631387
658097030 503174827
524702343 165874771
804174633 553862791
970246465 634458931
744400690 766525973
935886279 736475041
60074167 41146741
109343285 953522839
596151989 907303919
27298409 755603179
427949150 900875323
970533109 350905333
734767349 674252473
609437819 298602679
27041183 151653769
431911312 908215487
718951828 854028589
110849849 32692633
901142161 500417081
950607920 517346549
521537903 330757213
67158710 692674441
377309856 212708767
209877510 808200251
305136883 747376309
900906100 501993407
279620241 127206689
193469773 16863733
959873881 910473203
879608016 763514093
604855922 139675157
111008880 924956447
769273000 853245941
912158455 503434163
497450516 300500771
644312580 11176169
627188666 201759091
714900392 726864401
809519195 155908303
261982317 57024059
209848118 929126491
516549851 549816257
756315694 4970827
50288072 515797157
329025711 806640557
674109051 941288077
271640790 723027203
976198650 219902303
980526380 377686091
530633898 195127901
128314584 255412387
55594524 269453629
250478208 389155979
818345326 52811483
35043982 417130601
964207741 937427741
560298055 42865357
751054138 888067441
974325497 465504031
544576666 285844901
944005527 49200143
499531343 91771139
184030246 95309897
60308167 169359823
89044085 354115001
9613681 666303851
464328702 31651063
513030753 600765887
923812605 928530469
199819634 921640229
591467279 225582767
998084687 866962463
429829 267421709
560527471 962065571
114907950 5223293
172391528 776708789
678856778 437965247
955419727 261200981
884776742 311173573
75425405 931835893
3109298 386879621
736112860 301395641
600082232 97085119
646162814 848614001
642085219 185189111
319062453 936570179
247935398 648297401
62925274 420645359
137213301 686541619
581660707 72536929
119549560 127629527
359177878 644750209
247819202 812235323
678712268 529052893
471266322 723163829
831011314 621294397
250379268 371489707
498669352 115776611
580759654 288180143
263462130 660383767
858251594 29644837
277932200 924270769
904512741 72896063
836481915 189237121
604458612 78491093
680773368 218361023
297750765 773005763
643577563 301497181
897896695 957522343
708224573 379253383
801785031 823061819
169422220 198729451
142450618 27335981
701615407 894057223
32107792 355996363
550677100 801806653
874162972 800501827
45738583 2607217
484881061 969178549
214970489 358387021
861788269 209545933
740575015 858803167
295012624 538394951
691918004 125152387
503602876 4004909
410675825 64326217
630921654 559096429
27722942 580424423
887543912 206395331
247627524 646125607
876741852 356866777
496619896 58204483
82555951 195409223
950257870 772074749
985269176 91711769
892878123 895706167
448438223 941615657
470895530 649160767
439543390 25121399
788360038 332213177
32053333 251101199
153337137 106028957
288853051 199154141
120067034 248116637
157624878 44071639
31943942 50715373
16858312 780476527
559692469 363471149
446513543 554516227
866429461 602360533
322558321 784792367
958324484 266340353
674946126 470283521
294366434 605040407
381910246 216553807
498729794 625026517
922487609 903769651
942391513 46527727
453350383 809899147
927609332 861145913
767751266 97785551
631674494 120722519
728728365 846941461
220258750 855592169
184003472 70518289
83173400 336838259
1245945 398253197
739691730 896129161
230852031 882414167
369522194 812058089
259282005 33698701
474424410 134320831
347933915 445393129
561866868 131421869
365090135 63176753
883534216 817715201
117046737 917942743
172635587 785170051
611421953 61798273
589177887 514795261
201310034 702213487
1253045 200775833
777173071 809956783
451364576 33800281
991499926 434652679
887510787 835113127
425714891 932609621
633124928 174270881
832362360 68254259
958189078 44021599
101917531 644677549
287407615 990120247
237792495 171948817
243692143 407999083
962564098 681171167
112377866 447250183
153086271 917174207
509843845 988106263
366489923 41702963
599902887 305224133
450346661 811086691
804532725 185868581
899588202 936790009
909899264 294882857
564284987 14496073
924411790 152339353
234330194 191174629
177249737 208586831
988835797 577738481
513976499 729811403
724396210 687715883
891675061 238746857
131631514 645470783
338951596 294028151
801810861 953631823
285412651 168893243
528421046 866252209
112964925 352465511
884543671 91181273
779751259 136299041
429865758 218116841
101284173 126247819
932617484 59728243
701924248 526638349
987578004 953448409
436790030 782586487
24930070 877648481
878683531 972026417
641360020 221827829
685131244 929429377
531183118 56141791
666702392 611379677
395575953 487204451
3754607 618315749
61820508 23880557
38196922 793474051
511338204 113566577
447147734 118399
64119246 370651033
131191897 441308869
629793485 458177453
463930124 77475709
96523848 67839743
539018844 593022223
887161787 918541223
797216862 19850891
317974563 206652311
31124101 744829457
256473607 652515791
759694674 557411467
280362630 998406797
89019593 944520257
320291176 626331779
169018862 293748547
977848694 564673381
146715258 663504251
378599252 720901309
236875122 811047043
16210438 188570089
738443778 738557461
34556493 127195829
699014085 395221291
550562666 748549757
630061465 301645627
517339128 647122013
613465771 802054079
551621844 536188013
704985722 267884833
291359705 660094069
274989567 531274943
7824115 290856061
169641215 795428927
219356549 613583293
177012032 236738093
93930675 63222947
331606799 531602153
307801555 658257377
874011750 810503081
805236190 32301949
917033604 470302783
14416458 95002709
895044509 256749683
653908875 556228823
365499217 716078621
151000395 211796441
298870636 831509213
773266472 132631417
208420874 454386337
864633048 285870019
934650311 970330871
482047527 793368673
540002208 125440867
937576543 183054649
661558139 667556441
875791527 471442409
7612831 914934827
934812982 308189393
886074825 313440601
101665513 401491583
731723632 719532347
488773152 197413829
460661711 886967603
375412529 992726453
27416217 596005667
116082869 197444491
45094472 606601487
538357081 8589517
618862743 991153243
13989652 756763361
395231284 500387263
491949548 614475787
327407580 139996517
631575397 769708367
442901877 593197751
4402688 163495693
550656520 224212649
1923624 104534483
460268163 17716031
384268911 641379829
858155381 87554057
310513258 254209867
402118168 291122647
345269687 956218213
792965278 426350129
71327493 63502669
187542040 154338607
935593629 590588239
765313584 33241717
527520977 948073733
162808669 530772721
943168205 661643683
763951406 726747877
401270036 1630141
762924207 481060477
833947763 835495393
797961494 610267453
468709059 982912039
847299860 984543257
361450209 525308101
976417273 353026133
15275416 940933261
579434869 994321201
594985819 131429239
98185790 838008601
367224634 898340081
474264730 441983429
934741350 101849563
413822193 223562951
357616364 230811353
269952223 921484463
92979053 604056743
97234330 623076313
658757411 730241923
490004218 670351411
399585341 513290867
804942812 150414427
286973303 994053439
263892561 284851279
93603521 852758161
242533921 96510551
593505204 160650181
722591872 191203253
753851553 304308181
204151995 260247707
60277115 491416543
815036631 491840431
121505989 105624479
23830059 691851133
834246 443281819
406756170 371764643
164017947 439371397
442052543 511072147
134646332 86764361
115244954 264754123
995517039 346708541
600555742 30596029
105160269 23621657
931839291 133413199
218260781 128973893
766940219 254081791
922278395 717421039
533485737 437739971
242168720 184171853
580149737 769974061
844656708 364098701
905134704 961811647
410860931 914897273
179210360 657908311
339318727 352722499
529296691 444817831
742163970 385125337
24364954 324445439
60524374 183807109
894272957 129053779
678386384 279756203
777999306 542291317
202162526 139455971
34444305 772459007
153210211 5184797
350959308 40991387
53998719 103680931
425932019 424326211
527622693 225612449
84379093 790841257
698113730 527734217
827906250 766415413
98823550 924764413
801102621 973708997
472554593 735927763
277363348 643185679
690282562 403383833
654264867 970549733
428241332 445893389
904991120 560943913
986943438 647669509
887316045 970513213
554008466 42926239
94342795 421387103
658644792 209947039
768586804 456770063
758130638 425945449
483387642 560422829
137984154 100884733
104033138 434162851
118949754 368906141
480790218 932124737
12700187 65296879
162305447 435177929
109111117 48727771
418299495 327126991
425999170 28828231
187034976 428863937
171985300 60765473
676500223 754173011
683977997 810535777
955840374 514223953
383790565 705636781
273021618 109256461
217820649 283353677
250028819 570182791
