177
637019457 899268031
282144569 532874413
62110989 300407039
551578012 591775081
746605726 965105347
462476720 584734889
986162693 184104929
451866660 800243833
379476744 309230443
262580286 98162899
600759468 575513639
585252715 838890149
202982594 961710053
399232538 808917119
234838264 853584509
161111779 631468267
781762731 454230233
742284546 435948169
379087098 309454973
328597291 776143481
456081435 74977261
203916153 73708223
438801683 387039509
380775241 798491471
159462596 14048399
428023608 584137651
350823415 626377657
510854605 628697189
851367759 856899073
589132208 997826789
903488554 933771011
235496057 140440037
863582729 343944703
330785567 236242483
513702723 401197079
561868692 27875059
83910017 374298497
568823182 136505651
220169738 120640691
541548432 754933337
62270690 544666411
955462351 698471309
479650659 79895111
117233848 216454003
405334673 953694967
812550438 924670603
831092454 767086339
41410413 853846597
676414036 251942689
638290997 369580711
987565991 123317839
693811249 333835759
643167137 756023347
381003047 850961161
241974497 632618849
469903920 183749953
46383815 333789941
451121155 123433789
317658620 279987053
575233050 221672287
113252983 416898611
380432859 473148701
87454331 629171017
935460506 545013379
142497440 466855399
181967043 169850309
921114814 672800977
198601353 425020847
453567234 53687587
467290587 97042051
218952769 571406501
941328608 447151387
143699619 4120471
289324852 849772069
691793116 692173613
197359193 703037219
291341603 909828421
233662593 376214221
16683724 131776081
923503532 835669193
688250596 614068843
793530827 798675043
672915354 893584409
25684242 217463041
273570869 769949891
189631015 197760527
815591056 288174163
415955109 114023339
92921787 147733769
557866048 664453697
959395649 304008437
964360344 169843319
567266570 550520609
367674220 36621271
730640711 598443721
354450167 46983617
771716733 696097537
686707599 404605681
182197572 635489347
962245590 650509373
34304357 279835757
222663927 734866507
922222096 155349113
505378081 523939957
963992387 725284487
446118156 550866133
324421820 715767617
991430896 290618369
930522373 288909419
383210889 640971887
774340674 527377369
705998540 221909087
297433701 377914247
771704083 675383099
564359518 112640699
946936372 860425823
245820471 429810971
288225664 53649377
630505298 680686763
18775146 60450361
893432781 556293643
138549010 451171199
793274230 985999501
241486431 68502949
794433685 161402341
846334642 555661193
115059016 34275701
101377165 44470061
275648089 543140107
370551891 677290631
640600718 858502487
873200432 773415983
863505074 660900847
97988477 623205061
815517472 850930453
503265454 829324037
462466871 104210531
868611 154497467
466275627 528834479
511709545 161005253
523104004 879160561
983596490 151015231
266205805 434926057
71454425 416808247
296315365 865357903
664571103 810895081
935483601 660971743
884146122 286657099
152589836 1547251
934899779 137699953
582812136 597940141
652541676 5833411
70061209 828897973
328453532 827826403
114571573 40976231
683409882 590662733
768421581 655304449
351030964 815190287
857043709 568780063
287457749 258865363
458810380 80180179
111054692 599640059
76734488 74579623
295440270 661943921
263470224 199212599
47154589 322523849
855123240 896721103
13396208 314559227
363708544 154726757
540195533 282883567
324716855 729816173
39464848 829511659
750487816 408865703
100367192 63003397
88131498 202840621
603557400 51407803
124061682 142439293
