3236
610760884 61942159
209871762 284812403
890864444 444623689
568908750 900224431
972432120 753714613
299289347 101865509
769853423 170453749
290340232 812855383
481076095 159451493
343568675 284404541
641631724 303092417
441894363 5553113
899243236 579276937
526345840 277265167
265138730 662835587
698547840 250448057
567482299 790070843
510570115 9657943
744315320 968492803
250631863 30682247
884343838 806822473
327755749 891762139
823975668 138338407
689706260 38449007
260327147 482535169
514911010 123173591
421035740 141532579
315733027 94264081
866551879 259919833
985733358 277114967
593023275 618283307
897305076 312687391
955765647 602405939
30750199 580779161
588244682 146830771
667621034 295608197
433030865 262590703
411107006 633824231
937098021 261104167
828180963 327822259
577612096 94596773
673648860 766934387
249841999 39408263
1848098 342815987
640327805 320749111
562259429 852505417
92262124 20260271
984039716 977936243
116810577 74687351
620311385 246955603
617462402 698201663
194927394 921324713
787615677 878832259
85582232 521807597
173062119 737977937
723082859 541660549
670033456 976692121
727811075 208773899
637503100 146740369
230904488 473744893
517265192 327330383
461422252 20292667
772942606 356472731
918750601 245087
110970677 994656491
386509460 241396823
573654596 422333209
808557825 995812067
462458363 675825103
454616513 738609427
52563724 272045281
84373051 401566657
70700926 775911023
183186892 631654997
348921850 623253559
65649706 23549761
751092106 75096529
892952446 687285667
171061202 256044359
606539965 762677821
946419022 69105581
375210560 803824927
260861620 801455849
184163748 637514159
640414739 165997459
108672283 286469179
788751516 303765281
118960768 405633731
296108390 511277999
65008712 605832263
424044688 631407277
98801214 42403859
282440440 42720989
981604301 222069541
204511273 196482661
456679584 88229707
502803269 151503551
349899931 201892601
635335382 336859631
225268117 484890829
719943796 103912867
606777308 325225027
534047442 207534889
267778862 669520549
374694533 596152643
287136466 127255831
882898749 795487921
285998608 92954539
430002058 92701127
484910340 875893883
920181047 489930367
125085373 108343439
26545062 211321687
136026397 782298653
515259005 3823753
423701458 837955073
319491826 438498127
149382784 421698517
784801654 145620029
172598292 623457829
269042698 965440129
893800145 54043853
941137970 527635523
816308490 192009017
865429818 110243047
21061567 639920111
26681828 379224019
359277719 727373111
856314825 321526679
317451179 501293113
694347774 417389507
465229605 537499631
750115699 542873627
791169066 558711499
479515334 79370279
423045966 342938333
111565156 967527263
80221088 70259939
312169917 108648773
824717376 242680171
194220376 204636829
957760250 442011503
272840246 792563531
965467327 552488141
829246346 70608833
929993070 830246297
836954110 852165221
765054044 839504123
330861460 991994407
947280692 516967453
149986921 182373253
337918016 750645053
846173069 548521331
244452217 62470313
542046464 290640743
33452593 173772749
764386743 300647617
395458678 886567333
71526738 559109897
719535040 66635081
858135054 986485321
764088966 311669219
348944514 399165643
93873762 167888137
499273829 270603253
262472037 208449181
585880535 388183079
749205166 46543031
620076329 654101717
57423095 725182453
842165475 776753623
49783840 787727813
459223175 883245383
830006507 349980023
673171826 54952309
582383694 584436163
859370017 633952937
496791599 567091583
972129908 787077593
969664141 836514799
885473610 268959181
275180630 732493123
370185367 386957393
817260464 811385429
729315478 388056719
396245785 260938537
271202070 783517909
84660859 629935499
112372350 928135141
343160938 257888129
717581797 23793041
555432536 568561813
761351007 111077233
428340356 479657117
8890313 11320427
737691428 740895949
227499229 824267839
550459387 937174177
891498003 598729
117293709 173056493
346022540 334836133
726032438 165919319
725780297 932517857
194302283 918016807
20665692 323706637
94402140 372994751
783972412 128167603
461109398 359608643
647611092 96781367
177785797 218385701
638934973 336146977
242508909 639138427
856769730 128104969
87834219 700733219
985099565 769868863
709978238 603040387
556948215 190356347
163999137 106720651
779625194 833312099
803130011 821409781
545263384 547271743
969881436 433091537
670935564 421152023
333841873 667083887
734463694 884056421
953995111 979951211
255021287 474331309
434809038 465433391
87516957 199094351
167611545 312058363
53718732 591882491
892847485 428116781
414714513 644556733
614440054 176353579
951699628 136518799
79521694 575275111
954520176 584368781
217591896 838331069
592256903 639526669
853391042 897712631
716112582 640195429
83595801 458044157
495124454 481039303
85512620 823671559
442414587 742715507
888814390 238993399
598000611 699131509
356118599 446782249
800873259 197153207
1032740 815783041
19120355 736271303
642166015 655220903
481229279 238425197
764580317 664555523
594535481 812995901
120430885 223200727
783804017 274217597
610039617 455905339
992573901 871910189
348956430 421496431
485504510 357599549
135560882 255593423
413295740 339125999
572233562 544266451
524490320 401902931
402304345 57644183
199532438 252069023
29290206 812787517
551568913 117516827
12343441 708178147
381741546 827185343
816962398 124627247
108347284 175818239
787310413 353112779
689452203 128872559
381737844 585254107
827476285 863863717
527528217 875160443
753134970 752170439
584861775 475523249
490748276 813645853
432732350 467981747
412949891 339224387
603713348 968674139
661586325 723387443
162170799 666643157
728846458 858992357
18324891 936395699
893387889 126672521
605274137 127596377
806862497 253897783
977582265 479565061
117363552 276527201
248041266 764688671
116409626 380131919
331347872 21133237
570028807 832738199
263189046 552248033
479792141 176304641
319484743 253839023
190258145 967298701
664033421 296659249
722118991 169914763
509514563 511508203
302096971 971070323
338315094 203308649
759795289 431964737
645458251 271796999
433943702 386805157
527380292 882742961
17294377 192486907
924061038 660044809
430336753 446554811
187986458 749658989
616301510 786280763
827890785 622681067
217502658 860032627
580621401 204162577
95586150 136972001
508802029 424826203
909024118 197452721
248928205 106003321
394899230 593809757
41179857 255990893
851295574 988972657
788069814 481333511
90947135 735442429
478418451 397423151
920370269 241937123
989516156 946096369
947117022 198688781
288490502 581434883
373438978 477951437
806846604 940630991
240691317 27589999
217153272 889036361
105079612 755372983
273815963 810444913
873013361 192002347
536600009 397610401
157496546 596054689
452973907 461817623
481912389 432647351
851701272 15343631
630392067 651249113
701164182 140555929
968642561 271461259
296725978 785209861
5236432 267919957
2656971 894011917
970522294 516420929
954922487 336409499
960153208 684541309
664547899 139377053
855369017 769403519
673449067 818341879
171321634 981392387
768459302 175073417
855628085 110903239
511929053 111884723
346780546 553493819
496308444 991746251
123731433 313943081
477070608 396953027
289481252 91325833
588504603 242543999
159726781 141289879
207111496 639941009
484859690 147651971
45932869 971875181
584375798 433583803
491555168 136577317
727248168 450370157
522015376 570403787
271014369 951311987
109506127 973527271
724471421 411155039
80019349 710615197
270359751 98990747
251328682 843615389
259122350 864125123
504195917 488164087
449730299 27895061
433306630 26917867
976889006 199001441
280304120 990316193
710976947 693967111
597458973 324929663
124801251 143804159
262658395 241267129
154329814 256941481
360200675 721781831
560621690 237582551
630717104 717716821
381865881 910900231
231790026 811663849
534218146 713949701
237866863 37877339
487837450 531582109
17229023 466062811
248344323 11803361
820568012 243868319
743311344 545786099
946889733 680821153
250824211 974774513
133720568 523828079
174194339 107082067
810717313 896702977
834666234 283035967
579166941 554394593
105013439 313833571
101613748 437398139
560698992 122325947
347379821 127235879
423262470 183272849
567372859 205356589
258684324 697329313
750224635 240463987
90237273 801125197
370821748 774032381
994186666 437811403
298838693 731619451
238044663 110456231
152498890 346435109
884642225 325580683
538841267 452780641
979555984 27885061
52544676 183719461
932286334 733705337
301640633 109327369
135281193 415596781
149787654 381877213
302104619 121341839
458677196 158730697
261483281 625306757
672520319 663035753
425554140 459457129
629551551 236582527
128033488 847093021
636091237 912295133
152562545 686245969
968035689 133928653
60601831 169790869
978570473 834892991
484589136 69396139
997797011 35538149
314014553 408743723
500865357 334315481
374013372 725704247
4093292 383530061
659409573 186284221
927885245 100920733
618987560 506857933
709523426 423733777
293282209 529004083
205063619 397073473
686824431 77383177
870493285 308016587
149666098 465677357
577912155 135489139
390806728 976892377
319862058 770454431
3401040 713086753
108174061 989133319
225614886 270259789
29057505 559171937
119358264 244412863
238294421 374688767
822810381 39685589
490759135 124730093
42493433 614431261
247790526 224552551
825856006 190080013
340162209 561308701
718258470 196453927
941652264 182236741
315699956 40053229
424263190 404509481
452690648 725782703
515707675 140413979
646388141 369370081
517902493 626320741
624187499 752752433
890599017 133863143
624905221 526423897
130995866 938232697
459620389 225683047
274804689 982585777
217018539 594536759
732600040 135541513
382079719 994689827
727085630 230811289
50985696 607377179
191209686 290103949
219911572 147400663
329836162 459632993
992526607 632667569
130276532 801221143
753170908 486248729
469266823 149296523
857228702 944275093
83003003 71856929
413106302 169419511
274950359 593531971
177909232 199063883
482674161 838567349
637417651 124070071
124081175 50646691
708924237 527798827
376407170 792507413
519577998 75590663
753922262 226602517
708506698 922883503
764910522 881899331
59191667 796521419
795239067 432009133
41438574 383517047
904683335 899629747
901071661 181233043
68249980 523882847
923908347 861452699
664874317 887264627
347113605 690063629
57878870 297261143
259756760 949967927
763554517 37280753
20608608 697619063
90896849 897189169
954886545 935877953
417661461 10045493
338902491 13539439
524334169 77195089
978832195 270209449
565800520 458682157
200012554 828598919
599439634 519703553
84097149 963717427
63491183 8416327
121883567 38616223
837538156 909326773
257505591 144166367
412227635 233212201
112454789 379997153
428472084 429958051
706238487 839267987
386011905 674449799
727724584 540127867
903728777 499613509
55624258 96722243
924364346 966487037
159448485 308416831
289149049 727125169
233599094 627608287
189836152 728858371
229265004 345008701
146135035 135637571
922683520 687934591
62134679 61139053
1320849 807586441
463388158 822484303
570647980 730696513
418450352 138712999
901558542 531037597
354754598 905530799
506931355 218940353
261975499 10307309
474962774 426836129
240502991 170534491
377100995 6710377
787794972 63176287
353513924 730899293
390919268 390810809
715555599 778683149
538497896 499824467
773561456 640114903
445604452 656409893
120828028 659208839
97260259 645769379
341043248 530256763
248179770 456110959
815848120 268255159
12849762 237755017
276062871 54557467
402464572 813024691
465158816 781570267
906612266 19504637
942351331 476630981
462703693 26730713
970167726 900932467
227597146 18871673
176009694 268297717
2671089 126040727
810509709 135292733
890696598 920889407
718839070 58616359
814324860 863307083
863945010 482966893
315604124 183181657
16511936 547043533
16391180 340679531
431926927 837176623
389892939 454601443
348181598 126099359
896420208 309551303
263557356 669080939
572319089 689668127
137424524 545956591
417253465 572777561
105802862 899956339
268360888 517023769
229188281 973055609
562803821 792296377
184550187 388297291
723352321 919489303
904547959 39260777
62401245 366963061
928873059 339362693
913052584 138388451
683403742 644614909
285295685 270369587
128937301 269116949
304949868 478596637
521537408 964169539
178040935 541137137
233963923 188319167
567775079 700300009
444063208 717897203
670540259 93433723
900368954 755563033
219814047 780090361
225969409 899505227
903086897 561906343
403799401 212345219
600425934 235923679
945297038 540504961
829908846 292412273
157898465 143575543
853230160 844873613
575494809 271828247
247545670 982043963
913667737 522377623
475544183 378389443
603705349 574644751
140445852 655174213
480172816 559864531
992042733 152804521
270173571 843999173
805990808 275559439
800304985 518803777
72021936 900490141
175430159 761736559
866631809 585256423
731008941 695321339
255266572 300889129
947750250 263018011
547616024 567398497
149334471 872272337
673848448 667193809
652902570 607960153
408701094 200068553
283034267 778931299
175724423 12940241
984164878 345363079
140286881 660811381
759143762 159065503
440806639 948945749
64482557 4957307
842552288 443380549
290685066 829255927
483384462 450355247
108861562 288452573
490028605 321934399
387526975 25624537
929643919 796639577
541261393 408287071
316299293 6796147
179988076 286749787
133090829 564342187
152908504 5291171
90709409 647760121
477890890 97531781
498381269 400729283
690499720 208138421
233585999 840267689
1275949 229233397
146867558 618368783
226964363 435403757
632378592 68316907
384182629 253203991
672109501 819689413
260427974 49987253
189864502 702459383
996383001 576163199
867815441 554673209
393135543 575697767
940982579 674898503
147070230 101781391
132301158 89451407
87579347 263118259
808696215 489042331
366578627 335826307
61598212 553034507
809921864 514806317
110821299 960788723
615378174 527429681
644773169 370937843
363347463 162077533
423844280 119659763
826822284 792455047
657000535 398770919
199131921 572625973
707371511 248046961
133707155 687869969
350123744 979246577
547336229 87976117
627505738 340908569
213197044 814815839
858610191 807126959
921276865 398310013
969386470 38644699
840223188 496678937
841090060 783404729
235681230 373890247
34816539 229823779
110709614 810899021
390810059 88248841
231042843 157191271
965868032 123588163
70208631 946743439
198083409 733523471
703861328 455215603
790614797 674480707
340259788 638366423
826600969 967351843
110923601 91712861
704716225 498104881
624827901 258363907
809497060 580203643
693050400 662174767
110787827 710388823
94367945 445085777
62731489 705161021
380415695 103096417
770809496 341396933
16764235 161442331
374692948 736168553
88425827 484718203
515333040 171587777
285346645 24326143
480736482 815125721
266700253 121706051
828332140 212177209
13630672 87986603
859358024 131832599
266027200 968314561
85856416 226389743
949194758 141319733
831719960 55309831
682754978 48631097
213177089 556937929
417467673 749322367
195195734 210064241
919117546 607825717
291382372 684075247
514864318 444648881
147346076 548647261
50143312 951821509
176718163 650445371
341148446 722786189
812359198 7446911
435873096 167857553
35215995 895052633
397190853 849182137
891513917 32491061
956874564 692608429
898483203 358687787
392949548 333129289
354899315 130933823
683726653 634683713
227287965 240229999
208013673 165807583
191873793 701574941
408610383 51084641
327134991 121343071
55041598 198740719
61148934 361606369
672108847 217106419
413537602 103235219
763148006 999434671
981916312 639652259
318186337 338494187
642728263 810816443
776317937 437754481
796828287 726461839
349254805 26638229
756602281 18498349
338215374 650442043
414688358 198850621
137753580 507672569
371835753 770703779
14584034 610242299
880869560 189095693
965357854 139964641
74947127 153137443
162002759 643437329
56352262 862476829
830019813 531277583
636743788 770819041
379691440 879666101
664850091 668284843
161484841 637542677
308084197 107392931
13538123 186592741
207043526 11819593
632006577 329501209
949228541 713290577
989475486 6579941
846349580 291678661
363458830 204433367
708640760 711986213
263615581 465736081
553386702 557654767
755124863 324902159
894356139 139425119
855027421 906372721
226192547 651442471
378536776 578074531
493823773 955609637
565564437 828102469
917000392 988842499
156221897 292427627
940446875 579182557
637584264 564442217
916973207 538132481
327880132 88279591
595554024 50792173
494928646 748103467
936568496 200371427
909189917 731799067
346488910 518566361
257737993 877493423
180055784 368008007
719409942 249233143
11617841 851180983
239945965 285186871
370890176 699996391
54949717 244877177
637668089 400787731
701418678 182380999
539303093 919455259
460946413 879524671
102669692 107544139
354906116 508072603
934398194 508460867
777672584 7865047
247214929 865924859
977518996 405594503
16217801 685377031
501222012 433997537
361530567 204979573
607956594 143125033
633859519 520697789
201526478 265876363
251457894 979333811
620324185 592993937
159918347 637397219
567647019 881909519
839764916 690639539
84610210 313865603
532306308 582347693
595425437 181415827
610495072 648207149
821332630 281300137
38240602 464124211
131907119 91450319
464674381 141581837
831505849 954679129
209358535 167882851
976550731 757212133
816379631 11083867
256313633 23987203
143108837 131144569
534501697 812131721
161288072 917222963
515154167 194433907
467450819 640034699
116678349 633130607
16115906 645441857
250230361 824918873
833450817 164426531
424439407 441267947
616422218 367319413
3653641 44651459
686761889 534893783
218540009 923214973
387964360 123280249
365423373 102293621
716676388 627562547
26719789 130772357
409086772 679465313
526739270 654603767
266868643 687062587
348615611 601048153
577794197 62623927
303588828 8946367
634550774 949953209
468883127 883653929
1548876 257177731
837320281 334426931
954434194 743825573
645459051 34191379
989705129 460105049
935241252 24895999
456462549 383711759
732749843 896125327
639171363 681300163
104489173 125016557
213792229 77107759
468545299 191722603
974219074 253835509
147468640 943277281
138699104 323449991
222173851 116966537
4914111 999127603
501640763 801295301
43415796 907847299
158779137 615542327
117671520 835138247
61017096 265101293
588053570 309203963
799967978 686703211
897375382 101050463
305624649 833567101
627981521 569529349
761800278 112728521
326138419 4066289
58876138 146100593
868520738 566274013
576524551 564479233
158131894 892856707
726114863 360337841
175097851 728072129
320353893 533639429
109855402 824197021
942342399 957438409
437582134 68785693
301293734 259157593
65488923 467058047
812014463 929933357
303293892 549839671
489120408 282426329
152482354 416277233
436586847 632366503
544704087 275205751
764562555 44759537
612348594 903283037
794944082 702951811
811091739 223717471
220619907 368738519
312484768 657844751
90466028 605615749
261428949 386863357
19752898 468767927
217319662 201967541
960036232 78268147
37913825 58028171
604093085 291552731
839211974 627430343
499082668 175918661
60031048 682383539
27921802 585274267
200926063 926102299
306157636 441008479
5393654 262876961
797186448 464338723
803267323 575025281
234364608 356122421
111890299 464480293
773235019 82242071
534572291 729841993
7654379 916675213
483066593 508355917
521751338 970842871
183255043 183795611
377188521 658415939
150001095 911717549
722687648 530719363
367426498 671848139
446934407 438866273
978275262 987027193
934587983 75056753
548634020 39635677
157905088 546069863
343513962 234213523
410807691 808385189
100811677 247579471
176549170 816850987
100218206 649273613
50761297 267281453
295883454 341471243
944127374 505040293
516672588 986790899
747412115 137800127
788499323 792633077
470369208 565354939
284939829 215571931
523512802 742242701
350837316 854646997
958287994 108071569
564552283 846616811
618954567 817274923
322294831 975255661
393125656 746213257
25023195 55517533
388397739 47285291
269217453 49031029
529493213 808806883
102130707 356672003
80056647 218444503
255991574 664139683
202935397 514010053
549305101 995598661
846315255 80561057
195774982 351822571
384139184 766302419
221421317 210791887
661172632 639926477
12579594 27980987
339266573 630112547
379649538 129307589
970800666 702160159
891729062 925780483
350535097 239086499
92973068 136069561
36650475 285778397
466796475 752629127
683274774 353285567
896024091 35227657
327030948 901665491
538439506 857898487
845884140 530542877
962595523 591703811
115319857 286444843
449110484 655372127
231296282 194750251
524272537 998938657
329635745 487387781
157392021 772531387
534944657 293522839
679809083 129467389
25309344 451107079
65610857 153640261
145771128 924146987
827329024 735633917
730024049 641066273
980299252 384853717
693762398 839085281
98156815 260915261
480991055 859210213
548362167 257312309
828676778 324903377
96024096 773521123
292460556 810623881
187712486 510360841
705344830 762002191
64293561 58543649
808113483 550934039
900242258 638962217
657023328 706813139
172929112 318038101
695540139 391370951
893166840 43149391
334573113 665953399
42898157 572924927
670731673 550510999
340904092 198284941
829394861 683621297
463489986 564421787
539300944 938892791
307084742 64892351
844612534 696560323
854118715 145665691
966632973 838108367
94136398 35499083
841418197 812957027
391745147 551097667
569480878 18964651
779723786 652360711
29833185 144054857
54469667 137671673
384255011 5795663
650968058 683673283
133475009 961913033
276921161 239014903
81664912 887629969
914044896 667606127
546400252 79771673
462939242 907348357
583564773 850929341
300715725 379203079
847936383 204066197
143213791 298403747
930366467 719918161
459285667 404946049
501765688 610483777
259503399 505342433
641343652 228670061
987779965 10345171
547811491 853616593
73990846 235398127
156955078 32487029
43375931 805810363
286871488 421632037
5571127 761236649
204906804 380646353
692739690 333040033
513188466 464491567
179634820 371634041
68619997 232161647
561745565 181299103
979807581 907381369
56019587 374916571
586396362 58303697
523496282 547283017
66572188 526007813
785592993 232451003
685010725 843841651
482970280 429924137
45011842 692984731
410793488 999307213
392665349 447164383
517189522 69858853
330742390 269687023
280924882 466646633
748834863 894653953
770040142 416899547
755961334 299090839
807290637 395451041
203317390 686720479
585869924 472681271
183268127 43172539
396215871 254781391
315614931 402248443
548634428 236884279
435392356 641867917
107319839 714165853
465733723 401320757
617267811 917121043
322907888 624495593
965345271 505123651
739931690 34006207
451775107 356572907
997605232 159494711
487519201 368652721
80625595 727186363
668597516 313077893
152928101 994127773
152626573 101984027
421306473 330246991
620596901 422540101
631199337 259630271
982933224 905754127
60436393 553298621
315015288 529592597
981707292 162617951
181932487 127821989
823129574 886400833
358195762 72837487
764187152 71780183
898061114 932275961
576950776 900116783
175662720 178623689
26777859 150541121
828266031 741076001
310926226 939868081
616883595 422233753
108626483 493020263
370848226 267352867
57201378 45755599
563845988 776503459
86708840 177228833
516193783 233419481
532709658 572220851
354110648 52665617
836670128 139527263
940406827 74437757
314619514 562727323
731059235 193325981
115209782 45287911
821523785 865817453
808404490 77108263
50542335 588538177
669452858 864394981
601600433 326654047
519166626 507009353
826376305 342251111
27314705 339871087
122889894 795621191
396877636 789313061
225020212 55548319
91400542 898278457
206880884 779370973
297454025 985098649
150260874 565065089
975296305 205719133
394176740 313824353
405931810 419468359
143778125 390950333
248620673 228676841
24923675 953045603
124552768 352292519
340878597 387028969
130974870 588558251
167674884 524865479
899208998 707487223
812683825 322931393
935956966 960682127
365295134 68207327
104100038 84474773
103629832 407883797
407001871 399419509
757346565 533769773
467497263 579640577
886054156 560475767
562652876 189659377
391404171 362408113
886706618 312843439
265476809 157081937
372614904 87851207
467562129 253772147
508308297 972650629
984358133 422874611
120359968 486630523
458169491 535621621
435202765 31373497
643320084 194994047
343183021 889633639
513381937 822219481
92276633 901974769
168256075 769918519
239736002 165671729
978442456 738156239
586544288 589884409
666178971 888878297
470144198 15308939
105373616 221910539
849375366 214874701
71254735 585129631
10848953 176579413
96404785 326268337
872082039 411280391
309079038 932076053
88082602 603658217
294803604 146473099
342861879 295500979
262977736 788877767
889713624 496981297
832608490 262814971
221276535 174320683
727218251 720218441
910899826 450432707
959652980 435417529
335013161 680772133
77716112 397011049
102698748 310376593
393927897 652319741
779078373 99934487
534881566 279053179
405789919 561755921
123345293 796298059
35892247 596845957
149429181 363985441
439905467 281635259
353864778 69134629
620775830 684878531
884889218 417553069
472055686 460804007
119034984 518727961
475638886 198673439
817871687 392706973
992013896 942020153
251656777 188775047
642479305 850200929
203670829 561006377
367671191 625959937
489860277 884740229
636769555 591696097
211609584 204568723
509330316 919349201
924362292 834740527
580375388 832177121
243619975 308637619
405118063 639984083
265622438 778273361
6267640 18027859
232323101 540130343
237224692 956983123
126545527 207327301
523875934 858457531
540048342 581824993
308376412 886830953
180196186 690371093
742278639 124169729
866689764 184050787
905051914 293828239
223540072 165394591
54862761 483480559
398920840 97355353
394377711 920443987
459388885 343592429
324641178 962294731
682883321 691960747
787397797 104990891
207306447 125150057
953028156 645659977
638979193 352846807
942428594 106048477
838113648 941039483
416890521 266915711
278914052 350633791
23792713 138383033
646277945 902696279
523445352 320224363
352922621 101940733
887139384 717847051
599741965 502093859
28803118 570129907
156758244 777230161
339333530 87635269
353664479 544477679
942560944 631575643
74610968 656485369
17812637 528735973
89060592 814687763
471086295 139385297
957057736 67437047
533601071 669163727
247271090 117402709
283336868 358711247
953302937 409941839
469944747 231408997
737638760 422807423
211643016 989825201
258837416 200527541
99698262 972812479
673905218 926011687
855008897 451151761
380094668 380375257
847192880 78816583
403057654 257698439
109857252 71216933
13223490 701208307
869838913 579481579
890745174 890173147
83259961 124779101
577604518 408264509
251396204 595090409
16359067 582843509
8392202 123816461
540362532 38154121
283570178 849424649
399720166 761724727
256927198 679657753
369852191 966379543
12944232 955484839
58252425 879108911
25353467 736540897
842856154 523817123
520480059 527207393
424849858 156501977
359837744 831550501
248216345 120462857
919903874 458627731
643623226 116916619
13520037 377053877
239852188 561793031
682066641 302156633
810819013 106195979
655010892 290174359
767951025 61353317
135020259 605346397
909220800 13169027
227855739 737679077
162812932 189766657
852475372 832439639
585678987 180532031
184616295 175678631
471484702 663177731
593974878 281150761
261534363 753223187
880441738 674270591
555315618 927578441
220437945 58786601
185351059 822365591
917683381 436885931
104401114 609739771
895465091 497885917
917294605 300839041
399286296 321108947
191548004 477473053
987916071 527433931
724612215 219860183
448981644 773414051
745777269 880356427
387582157 487024393
221135836 535370603
229024474 637886803
189097023 53226193
479508165 808170043
208293280 453908617
122308497 957236641
550900630 446960491
294750754 137008591
42145375 224954533
629267965 150490343
160908629 921100823
125997070 590469367
318850818 469990951
712346522 140340803
187026723 160315979
979131004 432122387
858744614 764305309
950256206 719178787
412899211 175969009
220437798 258882329
201930807 542342389
420354925 465772247
399981008 970486607
276922745 272603407
617996318 97067129
775303887 234020909
903366706 279176531
696368361 847923877
381339397 458480777
629414621 572219149
282704242 274552997
930137087 374550727
714823534 265044971
950120121 260873191
815017910 551663417
720618147 691190527
229837038 917306549
358779231 504734851
429921104 373969691
360023462 984273539
932569695 781586401
483943419 360161717
283582145 638050177
141888308 593353951
796065288 347327713
29377023 911872501
872958719 951827839
355848700 686300257
101334408 996837701
119548403 639967553
68130263 772720307
496590339 36038489
893449936 61145251
667636818 61883083
65892178 641858167
770981531 788158039
443959990 862071841
250808461 142276073
366690203 546915067
970988020 697466933
60519131 954400841
315666008 391396141
229857042 657016303
86860057 234111061
916982909 946515041
813636528 204828137
998087961 842224883
977571634 747193483
408414898 820897631
199588779 337763917
323925735 35654027
466573943 60470497
597058618 235671979
492455598 296999071
162543926 711120719
336726071 106783301
305447998 49172173
54541129 554179817
675823208 45331751
160212482 855949693
237330915 948507013
121229975 625279157
792482534 769514153
100493878 43832071
515661831 511643357
729855282 490581229
111676074 479987429
896783200 126325231
558554146 379066693
474079111 393371423
44834929 976684231
827205948 885719041
235660688 987797579
539329759 377321333
861149776 843945239
39500554 223440719
952470830 382788437
688607208 932128123
344595900 981835457
551918968 268209677
719299696 498096043
746617101 957058871
786906389 60929347
372988304 232444183
293932432 208226503
389591486 5781961
750433529 295928417
997392297 747628303
662267798 344871859
27953257 378566737
486006362 135046031
759367439 131414561
876673223 307494413
591806904 960765277
55853531 191071607
82522018 489961937
26180336 479217839
356255279 40815347
212871615 244046623
187667289 702778553
916897031 219640997
804862750 546881339
732191016 138146497
652049638 772214519
645424899 314510641
992206557 33708163
644513404 382175489
768762698 251452739
674096032 13566083
333299675 834442237
49168766 121439821
88036330 404495717
43529332 533357159
397006476 551903701
343004941 541722397
471758338 965809543
690966667 31643197
596267559 786005809
239666137 343018213
420028895 7709089
777828676 246627053
341075954 506259569
340296048 132744349
880423715 917342453
477581858 468845893
307280931 862704917
691861925 26487509
955104698 753728831
703030917 266695789
102955859 380587931
646949436 61804153
247871115 949134253
520132381 980556193
856133292 120126553
959370604 684138223
7776668 456301883
253834796 243803237
990096514 567323993
516309945 684370273
476291796 371526223
671779438 937577717
664590373 769128751
969051010 103265563
857785009 36641221
880890224 199258249
613697440 859467083
99085391 585546877
834351863 179379611
47447883 324013577
7709651 269941801
293996316 332378069
133556226 5817047
132407762 630859813
546501621 518301737
724729712 238969079
527903958 289330373
543244118 595388113
690017599 31523441
801840672 479852903
389216246 270504847
713728430 730603151
82278092 824275861
771273586 773431709
777235141 849052849
998392800 334901849
391339658 271775657
732934879 676960517
63567006 371880631
244856262 7845791
471493875 609395593
192290427 611080753
352166267 412449383
40831507 566866583
549568059 81242767
571070124 766903829
798603001 558779077
128743802 297105503
16853110 800744297
573266316 226298903
265696443 565213547
651737748 4979171
862202122 113237407
265793854 531781247
601730898 727511111
219672409 800204213
616424095 377580691
654983946 363767689
981190376 367583407
838441275 577961473
65772778 680045921
941564741 168209617
746127688 589863271
708529759 24966791
482433807 581123899
465548596 988161589
632483093 978907087
648163711 297361663
180884647 788475679
621775565 507934247
276880146 38135651
886437166 440545691
162583842 289540561
36138679 642222527
982437075 901606007
361573487 638256209
784502491 631142719
782747736 676591607
330289677 254772181
439566927 950833327
55828969 8863147
288525150 976205437
31279824 110489843
497117739 480320651
5260185 842865007
487890722 94277977
894899516 494792063
920796036 352793773
755817548 752209847
878384651 850652039
801392580 189569803
989534320 730865119
600376891 129205033
641404511 194663639
7703114 815940859
52338278 586665931
190279311 292978243
823571073 42290167
698235792 211415761
998393646 22161179
578357291 242255449
45342528 738349487
655076137 136548473
155507125 527145067
484656964 591068857
292858424 25909439
957011634 101143261
311030938 16883089
673688543 886934063
438867237 262914517
875372899 47222687
462325664 841832687
475009666 311287001
643561354 196780783
738330299 888620599
698698969 490839289
22847577 101941033
307950463 93246077
17898970 172113247
596896332 893236543
864121134 83748127
364340073 108604403
198234603 1718593
164969530 995246617
290019817 597848939
725741119 876149959
631279347 451962079
643805406 875051257
768013411 132303439
658005767 444421129
555483144 816907957
758084565 5587261
878873033 916436579
541697270 601584713
553360531 445868993
329896415 553469821
3728640 473066819
248561935 387527611
7048518 48488963
124619459 688613531
548346107 493220669
708684835 946301119
909594911 293215387
116060148 748873361
971894914 242801011
764231148 670820537
629264692 903853261
108432518 813051103
137486121 574446757
588421738 963066463
74867699 468085979
209032417 759364429
305516470 747747491
360893812 563317801
474342381 755450821
759317523 285776741
944806874 849649387
887329941 762140231
847972280 800048729
173525076 407573941
89857311 965621549
797121191 60920449
907988945 879989441
213110257 257878757
515567968 278033443
307468376 200263669
142727089 32024183
458327889 632334673
53188295 728812099
579583561 280035841
880606952 542618051
734882214 551555467
697740227 205284137
286564598 709531217
169474513 348023953
985285442 488358319
808171160 938791831
870065955 628591297
318781999 353994721
695613387 319601963
904964645 600556441
412482687 325921823
633378402 52137287
720690823 117632393
405866926 27298567
10268913 554194733
309748913 568287667
298323827 476641331
476171380 180883127
943096405 665720849
50492354 278559613
817259085 513410719
806412869 591598379
684386989 422407409
378218345 988144777
150790245 376339981
203980738 996331757
381391575 571643467
290921738 153740311
710834728 392583449
144458738 985414201
48554927 331460191
464457654 949629347
43442075 443032273
898711773 189818219
632266344 725143049
557341198 655452769
281408912 109346521
657973735 835156627
759563941 310870591
513522046 50533159
147342727 9524563
783981887 508732681
957629850 175669831
540564541 247450919
281026534 322429271
753606660 254082077
27151205 846393661
924515589 607123403
522482073 183141067
90707453 218657099
901501524 201620857
839882638 844759337
393700304 453458987
800136156 564263927
56866850 903488693
598947407 406430293
599408871 543351689
260315269 364420963
596205741 723849877
633440890 651173527
195046250 81478781
615958573 168564091
120581894 118897433
353866817 508523593
998154540 117665503
230066997 893109629
737326454 147502471
760280258 780228019
100082655 539392853
697974140 4884337
276878568 395106781
797309559 797923967
612277646 688360171
568089208 468750239
419089588 598704479
100098396 706572569
58104008 391791289
52315625 182276053
363571787 775330219
905842310 160203983
226562751 236989121
341597070 607251787
134958196 33344249
390948287 716982319
12240164 149213093
435389192 580794353
437283623 498295249
839687038 141555581
31236123 421404671
4787653 218520629
353915969 957924613
285381868 398353861
842553385 771597313
122324771 900592141
904429268 104995753
44554855 527285201
666806802 352274957
930807193 511307543
358478960 101371489
568299839 720387509
261292837 142247353
348266990 299122651
533679182 660119017
671641227 244595207
193070277 96438581
63542112 901664299
859070619 589616173
717931842 393737849
659765675 926567177
159610670 260064661
100718753 906385217
311105120 701625647
830802666 322334303
747175471 836640983
896237335 408452777
89104934 205092521
202598194 495947047
758070748 269167949
863193572 212591767
266015086 987787943
432193643 827118329
245339276 12737099
850089591 66562231
895032299 215172571
526238138 688030877
62958044 817700159
796486873 385378739
847329815 935502203
950938888 521085889
254956735 674343001
970322853 115409803
747382805 319470079
909701339 169743451
814120986 330398609
411744690 729753763
972149197 725739577
977287690 37861763
936287565 804110963
232556323 315401089
698447190 7817
915135133 28663883
44241445 444070967
808920094 178445027
626560312 920380891
21089115 498450847
744588941 770680061
890786435 666752039
296097283 887671789
924269173 273521909
866554477 538913077
966444653 116578393
890877654 133918999
908158584 927604957
848132721 263812117
51708189 610162957
738650695 602276887
944996204 24829237
646182890 234019967
254491305 494131591
740871533 556047301
194492658 824353757
637608951 301915013
473391793 71792449
553474356 272409623
423769975 641543261
638530365 960149339
357276939 449624633
489182853 473278363
331730189 715315967
822517148 805382807
57486477 10777951
487236990 877521839
479565722 84526769
80895193 598090253
100033603 997865887
779228491 74641261
706100059 917314663
847694511 231209833
453880084 335245007
212222243 14694707
236195315 174549619
940733011 471537239
547487918 432645071
656248096 810025451
319138756 820310761
198050125 201337261
26139688 882897913
897926103 809251523
959016503 551361557
252292166 2294627
429599153 837160637
251379521 788784251
543998984 895472177
20648987 315625237
856918130 306335437
893565294 316523761
909037006 602993207
270261678 413651659
909381425 181078829
365613379 289526257
17825872 941203001
734511666 744411253
999443894 871566193
223730542 252708629
577119860 688445881
504626770 171151637
808694615 166978291
337169459 753054521
294631570 802846417
401797839 4598107
50926632 909083237
363932869 999621761
112311355 732930943
218603531 549805579
247488200 847723661
404573689 422962039
563654540 257280113
777087227 415296097
896585708 945947833
15071587 760746113
236546367 983008903
973322939 864700457
793682031 883090067
865285188 212457199
350119170 636504863
284222254 826158461
933497133 272118163
740137631 60651373
802632493 976066127
51821875 839889031
358523685 742787029
169688192 823615931
641598523 709332179
7336691 394002361
624782517 908758843
6263127 200673961
764857926 144353663
753554938 611780453
295485081 566385437
12769523 159462731
661830982 547394803
654746527 98069347
942516912 63436057
592523686 887209979
968123423 708316261
868166657 673800419
865388212 47416529
604355924 518635057
829475956 978119749
92257805 386665427
23380428 681652423
268328862 159205177
148521570 909895319
668115147 413694763
129386038 93394783
151110332 650774573
716685904 421945057
840566224 416351381
237259109 50089517
851150727 713002679
212551667 157690867
886851066 351388117
799183833 369667847
462095203 507832337
309483545 929821309
334649391 200227967
519696678 999320519
744310165 250567363
359117719 659615797
292020743 823596133
36992187 953250301
396602288 559768717
55182203 485430691
400127297 263297191
229645153 639364499
685007526 307277233
778411603 582920887
431211579 766689317
62533838 682621223
914377640 384813101
241468553 570868163
485141320 21820429
144520800 597396587
509590103 926828957
712588969 889854877
717364037 386843617
628040649 844029973
807369395 910176119
260988042 877707199
630461605 569243329
612372332 703176841
262901877 689804677
170025406 469026031
932829 253866829
193109948 38182259
917253151 322820777
111738048 8859953
605516078 222336941
441925809 3172423
891797936 480956893
328211559 441946279
495248632 827844583
530850718 448421849
332023323 240882233
883336594 767381203
634420039 150435127
929870378 992309413
316166131 701446871
649352641 927866063
32468230 806173189
389217713 650839801
567529136 802390129
9885246 618045553
89751654 108803089
642774984 348995573
288257198 21505193
74573244 23355439
402087109 509139373
393176677 854027407
277335858 477384317
895446665 16370171
451559055 942709849
312449714 280764727
871019685 493683413
395010023 660624563
73099581 283926221
463108701 641564743
887457213 744418657
978550741 559919533
869295216 228909479
178697679 1406683
960602880 508548283
528837577 252687157
128634644 204151369
26411664 293931509
174260071 39004267
254347538 334070089
641398376 797900927
172372080 946635341
971529199 404553911
635988429 87954403
260542894 834762163
817888584 943685363
916093132 702062197
610949809 326543039
147745803 922233643
888350970 229086841
361374185 483078923
805562733 682373641
501135551 117642823
548073509 383367667
21892780 164595527
780540980 118339607
697372571 110954111
174082772 707229917
745781572 742203961
36190828 130976663
482731981 245143849
694218426 220794823
24189838 999691723
573371297 100798699
557437355 644808413
223970496 760428289
780127303 750121439
276542096 305999159
612280814 639540061
416934108 457127653
25887319 523601713
944668468 262116287
924256763 423692569
556835692 74140567
796466571 87259127
162971347 264773473
115344617 873013423
289914881 38741459
519778013 658833233
892412807 319983353
769964634 48680917
495291803 97006241
243677423 522166247
756102527 80010383
211438745 599599111
736235157 176411399
147061429 996585991
941223492 546221939
766296132 760110971
899360476 178945687
186497652 225747407
190237624 523945553
165701765 328243271
760819845 750459533
564832867 820559167
175551029 843623597
857399640 77408713
341249840 490090189
270092487 118982093
730206057 468585149
530118774 202464349
408006190 896233531
703531292 168638143
347840108 93945289
388822189 866264351
938877442 636472159
651242950 428503741
426356210 801148391
244306304 122253227
241702308 579414047
562973472 482174743
507148386 597075329
108477956 785681287
786812787 59909953
848750599 751089499
756867844 754865417
169700016 134298733
731134934 595999693
514662506 477451237
664215927 784690657
133035357 891739853
79679437 94215413
735820057 465132917
344926325 375636187
5706429 561446101
26539480 580646779
892902130 967149559
671791854 261805723
677588558 306916763
49278432 94331581
976179048 64763537
953094858 235427737
696647826 931801223
442196923 522284779
246154820 936684701
764574640 220023863
461688183 749456977
937425790 727569151
295175491 127724453
705303409 240110503
641503465 19597063
483019249 896776319
936904724 947053931
741983673 500898067
265722220 38748617
710753345 266646977
359008295 75505511
270637573 543216409
83346990 504823477
206912438 63439703
208273019 400096733
159805676 271506517
156042388 886872871
780229667 18736787
575344148 215218163
798469365 431249993
877488380 279751447
580481326 241057133
397324070 737889907
638880656 161847031
35460792 973521281
204900325 398257703
568787123 375428659
713679055 94243081
510776901 224142599
196569808 299599567
995878936 253020659
49368135 3316169
342611247 101883539
169948390 407010671
728612016 156167029
713460900 981324241
940966892 178403441
671390409 469098893
256914047 451141069
208946719 48320057
10252454 250597483
969918692 440706859
787725293 909919487
858032184 187360289
817323678 138067903
215678388 927371351
527218221 309294443
265096309 575903021
16109352 728504641
802804273 464538703
682591159 408836453
986792785 983723009
800786326 952430659
353838890 796146829
198777647 355384391
728725191 826448993
114504108 627343663
132119161 85345943
439155067 472348319
901677739 833830769
215252906 736641709
47888836 682846657
989291280 334285531
108013436 25639639
138859056 170630549
223246047 630880307
967827213 905636549
833935986 273840227
277357818 754739581
260458525 842233211
3836688 245471537
854663369 559637879
99409996 92426549
628008050 200116781
990706893 101141407
267677919 354775633
257052833 243503863
290073098 265249877
933842358 952263911
850435219 746141159
807031994 4627243
53600443 494438851
696032532 970541909
409863961 842571013
234483001 646404469
132190969 247789277
170921692 981525263
379320147 16178347
871028346 181386323
808895179 466310903
195994462 88887637
310253421 699789841
615938108 222357743
261675691 357170137
841102284 211477601
308474207 761918327
48196155 168299839
873623333 761693689
789763207 279824497
368127763 772141873
556511302 485565389
266996151 539249059
125683950 990862427
569184533 67748201
353284581 675874417
586451753 29520973
91392122 322327637
110474759 920060051
133614352 946072357
54061835 47193637
569580035 217887919
941033091 914522093
834405853 401531497
300395249 963388219
998999158 56512343
533389690 505608043
565923727 170610931
916562360 585058709
960895048 632958719
207688072 945568303
759950283 983705399
639701552 760464139
20498202 855891167
707130423 573976243
907415572 127475209
438984123 250512233
816778008 244633243
27636899 725230873
734832577 136220113
933903094 714361003
539189177 244468253
953359661 918939061
974982959 54407359
112110587 357455849
10881486 57488503
822414971 774795347
143792059 553106249
192490294 905530103
149910399 709036829
752684782 903060143
899173895 716756939
14715012 236339317
382197504 913669459
414509675 41678719
14832705 21124811
224659410 388950337
814920492 148911743
326683974 904553479
294092040 978918007
103588786 571556317
791576662 62160617
241097379 853795883
575568586 895156553
868003810 861518633
502199466 584293739
165155133 68787571
178267266 746662699
601320461 662913847
509751142 301835297
422582908 804611113
553632744 884945443
619132038 938479357
203535743 755728187
929381948 694257391
903993524 961092361
285812245 786295831
393090437 103745233
986334610 909551789
982914606 253990147
595956564 2235557
920846700 954181339
729319075 523024519
635881888 618451943
143874235 532167161
735207063 908191421
480274226 482770837
824318422 962360251
986628030 254397587
222609696 788460007
470336953 886059007
957434289 21842971
495542429 315564211
288189539 585791153
194342025 399647551
534832551 200228909
609561029 110318311
194451166 217384571
675434747 940241383
282710204 476531749
665691527 886080109
64633783 9748391
284073866 44910259
604699384 84946997
137673065 162539323
700560576 960380683
353146868 417606499
144703271 506878529
293537100 262885303
248425825 44588149
197332472 91933997
484688916 330069731
160015080 179765657
292446518 92456041
173361566 999418969
678710080 286920307
178580790 187863727
616612051 402569507
255709767 652495427
882850402 704725391
210886791 246832403
292255491 362453053
42503069 992607403
2444304 920730337
839724248 152438323
755217706 355921381
478937352 220153867
190629114 477330361
397490366 164483233
655661520 742017079
731061629 885455017
275151403 909362101
582318567 285691979
308915935 421207559
770945251 127566091
299864618 761382749
848175366 937589957
228042535 556516799
808996884 670986479
653047511 466145959
313045903 33560609
776634823 492923477
144439324 245041229
189222737 130726627
954925376 362872649
772778004 265043747
926714253 173908879
417790475 418214411
565232750 907389893
328454865 348177491
190631801 276012413
967968539 472443793
636735947 453362237
421383959 614163139
259815243 349751573
701446328 440404421
795043221 505046743
628564607 980557769
652007260 423166867
731065807 592904183
824863811 814886791
825598674 115650079
384457059 559107707
533570988 906411367
559320444 361311877
705950326 544706411
701476707 153605867
300118582 51921959
805971087 115560301
795739673 85853407
418496972 598107689
24497082 52092367
293477675 884222069
292682692 179264467
269419759 239688901
380857712 508638217
330083012 481600879
142177043 699422149
604662143 417989071
533784186 779380519
542185353 988804763
174401490 882164893
187006958 192817231
483250129 395796689
959605022 678173429
997250195 612062299
635944553 809322967
926717013 600248183
514051800 685435889
291763299 942258731
556000376 884350373
810331488 2715599
33041986 113353819
73968721 247697423
786964087 31185131
912025400 809158279
887036531 389696507
893885891 421288499
837156385 886408139
740222219 265714363
323949684 452749127
258814328 35456371
88399555 715708657
932522621 83942489
984730978 912570443
376020299 476196947
248718407 183639163
590924176 180289631
158829872 70050377
915553706 418389497
772178641 364125781
481532570 730100227
893419938 330934601
75803948 389309497
402070047 918265781
774289299 562679893
956445843 353057833
665625784 187147801
94204862 338735303
684215481 832765867
929904740 687873383
863282420 212040463
55531340 161460701
257693294 917003453
70880326 890427443
950904519 202634573
105098807 690503459
966004120 132450523
871864550 463569289
865369706 566088617
749856744 715944991
291701695 395770567
784447539 736634453
172829758 631257941
36687055 647645731
686188975 440945159
67656268 466030661
833050777 312421453
999643125 294043567
856561290 589489007
589734469 107403091
601919261 397084969
423323625 993795043
111310225 133943987
437652926 173755537
918752149 731886653
799513022 969252133
184367231 389419939
671057335 304688323
398922881 341124677
766518936 199453193
262563391 603877367
538707843 977433433
277071630 196172111
116505544 278417467
257506769 492230881
464645460 191315779
875502270 805965697
608323639 708273803
333112919 399316273
181088121 65158633
814559815 787681787
659088192 71701229
35839352 622816511
384523497 982228619
416677794 418041241
958581482 533448829
505363924 32822507
258582706 65212223
822752401 509763119
254918109 194182267
589599684 803746813
46061013 91832621
258285646 402089309
462874627 806547649
781005932 76016147
151922457 586298467
712211860 95202691
210268355 755480353
895838756 78830573
271129933 697386073
49082159 363029377
240155978 831565843
45453826 337577567
838904704 312629843
255680464 138646643
455904094 359981267
167922001 89561893
42069028 440121761
812663673 60503083
822132264 162354089
695955536 189004093
893650512 850556279
670544945 253974389
878829291 257826727
210086416 341668531
667025420 444026669
721463238 36758297
944599238 216833867
848499022 52627457
448179652 421246559
595601776 494729129
246075493 66961459
805438675 129711187
704451932 419162801
934065724 226919897
600529782 414840611
298872191 5632073
588895203 363171223
346286739 195419927
640490712 196748147
431853151 564256453
701404869 399513137
769815037 832385783
603797161 954796093
418644610 147347549
959042323 31318367
449424857 676671533
385845064 51106141
601495925 21666907
855527375 833892139
359823471 202095539
353715522 454601993
115675674 772615673
325810797 267974983
655219784 441236977
363284633 630027287
301583732 377073811
581620913 569659109
33008075 138569611
997955380 65149751
727954721 620896039
795009303 81233041
609654329 314246687
201967089 278210761
28251453 64847821
154000201 709905829
436515223 627327443
945754920 57325069
318424907 65284061
24725439 219306877
296473186 353061259
485528613 72935959
144227776 76896179
371369270 73222327
925498486 755375917
798508037 256322747
8332872 454580551
240433450 776116169
464545386 190488593
221547080 58468819
128332307 120220097
842395490 65215873
747484640 879290803
897762693 188818169
990095566 320883023
193963132 945390317
747868996 385923203
238300024 75657469
750313250 255847513
354989095 720395983
875253062 623434787
130716463 469693267
934782602 950541847
448902443 597269599
315611012 194836549
185140870 889256119
25077866 922476799
113127103 765932441
378029981 953521111
459192656 679502783
586080186 58811717
799041244 465387683
945827976 512951177
547510812 319760627
476469889 570209447
184213941 934270807
337742031 171171617
262562670 630713203
406554633 673625539
513986623 625730681
883411929 999267947
503333197 82162471
102420558 205242901
677423932 722398777
327409921 631452779
149563646 532049423
359319072 128107849
749853146 510142151
365225065 749900813
327069568 354225497
70373245 374580889
69427905 28958339
505618953 153662891
984526905 553829959
271930743 238324397
391777719 564974339
369061124 75306551
734267946 238605019
837662632 125367509
214382467 942643759
239414738 673117573
214780691 799088413
337289039 833469983
832670328 764061407
441659855 664655183
127802013 983786893
89277075 156802447
392229078 430757381
454848433 219979933
611744560 557832361
303548028 13873537
121509593 128481229
814580326 406162619
88231537 992128201
483653293 664261691
475780926 758903807
338450387 189557959
185194098 120901559
745713051 713566703
427346721 333800029
239781328 35102813
536553225 38777633
397723889 941225239
375145583 792931817
441298158 329591663
932504859 563752223
996162486 132172091
688931510 228535079
125808322 279069827
849677658 295153393
877606471 139911647
22280109 295429769
324340297 631246039
389317968 175221253
505958700 462940493
692314338 162518149
438850445 507836779
554802731 377261371
898763485 129706153
463605515 412506251
902807255 394959731
298818642 227642957
266844031 379715251
263652648 245881609
450085833 9422503
533168852 76589347
639166209 853248883
578729499 920976817
45867699 227746111
300559873 313087223
277596435 46613687
32882081 732864259
710130596 742525013
365615611 28891987
775491548 64597669
900538196 792222443
232395029 388277849
563921542 536464759
407056170 522178543
556469069 376435421
625090860 471078781
146985357 508898287
861830054 739934089
803823480 931059011
964643577 93761401
88636737 42141817
835434227 147990769
363261552 455335603
515819140 343755899
971589707 456368951
273934372 906756869
323665022 991874021
188766868 853863107
443967771 571746767
810790535 233471699
723975527 491306471
497928708 712801673
522984847 843790349
949300092 694810133
453289985 453854483
180123568 889115639
651828692 248132177
740067104 882321523
556130530 26682791
696769010 150253681
733707446 847965247
194435529 217359871
805495892 754702789
165625128 49648231
593542233 270988273
247191373 85020563
159638414 119904853
980408491 240453361
615480734 517770107
989049696 104596241
33672742 124886969
292471157 261109367
350763207 144314549
72309037 294897709
880566921 273214363
296469054 431228029
238538386 679958087
194006063 121716239
813172096 85035239
463197929 249785719
653837374 626463863
423654785 309501281
494523118 151945649
998587806 638302513
217978738 327194239
213432088 869556047
553002984 495700759
116707471 253649509
47799328 356356237
768304507 10850603
484938960 3945367
15599868 891338797
272976452 904328591
334995449 694223429
168525095 329431723
880341080 856010171
499898369 49049867
538912695 936034817
143457391 822219259
321343733 686426773
96920272 148053593
740516437 708537097
615916718 865420807
588014112 43260463
365332711 413364131
55762725 362317763
669641004 80227363
870719378 140977121
211943202 979596929
516254820 6378871
971699738 205614023
161982058 815385293
395856586 447421489
498032059 661686671
151581500 978535039
893981693 570240961
914874775 740215339
32401614 457852627
536136814 441009479
658883689 981845243
126085313 376903337
63820759 245606579
427202550 329193317
468020262 353154793
749138708 937767749
420311107 658041821
465384178 636213167
299020182 457204271
252115527 177153113
137137187 617311571
310469248 92632567
909170279 421444273
464888598 325115503
382486149 373670471
861883826 496130573
271089502 902764183
810964691 69085741
657664154 341876923
86843626 803953951
306092350 736452049
912434308 271864247
290907929 173104447
149254612 766780453
561062501 449971183
996262455 121442647
749794897 561570101
3686122 188865043
643840929 547701919
56591243 459208987
130454911 154583017
760727490 756623537
828425401 889984841
16869424 645095747
342923897 590277671
58633976 865300769
552508584 171319513
671479224 320414621
397346647 939216263
472936738 534625657
329978578 302459581
404769967 511656169
805242748 462970609
261365978 711913817
79495077 450689713
472836879 55769647
141695540 330891581
684296625 568752619
622394101 596385641
415262875 106065889
939093497 95692637
210168154 14286007
388619500 991654561
372683270 73363247
345244502 145328401
575703762 426169543
881302741 317516461
848775086 16175899
89556418 8622883
982747567 872206561
663012896 430214963
699309093 57500797
511294048 729184003
548618579 258316061
650565776 699421243
608197251 30819179
423642300 751937243
180938491 405447781
159852847 142978307
865845364 928617727
201696601 294050563
973174049 63204341
424355391 242022923
265720513 827124059
725203113 600444359
648689825 112254827
234712420 434094107
75710460 889791619
877031394 285192431
243427318 48618307
236279589 493578317
667713566 37379351
124602739 344619049
961930715 961059629
550686393 598525723
435003252 382589147
106774515 742217747
792104572 497198869
727914468 639857443
226384019 326551517
916641166 423268243
5682331 579442499
188290836 288479963
241144795 333940861
27692419 355072063
901290126 888134183
578104554 247246397
89559119 966573697
551084205 314423407
262475311 285299629
43769131 69529939
135010480 161511841
710390765 227481533
99728764 199689307
396941438 838323583
491255014 571861033
267617567 30715771
162232924 799986919
32457133 845677411
932075604 783184187
563860596 563213753
176906634 618096463
641419241 278247049
892984900 503526637
631865439 407667683
984812783 311525567
986166324 924529253
89872763 168987433
397549232 154056473
738346053 934327787
263060130 389898787
381375295 121773187
178055804 735091873
11847595 538732483
541433570 693898349
910624943 956291857
148259242 292652849
965560584 131203843
628977475 925303139
558318122 299129417
669555901 91432543
901183045 678915667
423403089 158799727
790870777 313714759
513903739 903100909
431835465 180944359
954936228 146120869
38773169 456048997
680326389 780848897
427639042 713203807
264386025 556391179
229610997 533663213
308535801 561956453
679847053 52173193
921238141 658162853
308296484 668343737
637817470 382396397
5303535 684828139
457665961 2288059
525244851 189444901
506030102 948791083
662716415 277086919
262154665 675191177
845894106 98688949
772292094 162954611
80606734 371794999
576780925 30145231
254142647 309169753
583328426 639052871
387979734 74526061
658974450 385213247
557914234 698825311
147249966 966617783
717504971 477558083
883503707 573914353
426453216 568050137
616049284 764701513
107434477 448827857
94499726 806161171
822940511 604454671
95757470 457643881
250060698 340758959
484210844 710379287
75212677 207238693
864155918 874400299
679337876 708691307
116104857 273143249
636898649 61018147
757282617 857057693
426820408 690146141
671883467 669623431
486916989 826938659
264099377 936558043
599152884 702191939
440310365 294023263
323057521 725630491
715396503 161618651
833578634 981653093
401085655 91474463
950857125 508261549
63953074 22537681
412470656 653746909
652792099 766477121
530838695 375651763
876504014 896063453
963379692 308499517
851585718 191324563
544816350 483787489
13908774 537619847
316748224 639934423
438315144 405868571
637050721 186573601
198853366 70649797
830999326 73911317
502764340 716428939
700283505 231201673
31907848 572087603
738207862 103751113
611972293 902508853
282220780 281373347
631611429 355413731
501084873 600193631
618300976 823277437
267773917 930305581
4573457 827755801
834103954 49431973
973209126 564895217
552448348 9310121
880175335 320966029
613948620 447281491
152103552 287170913
145756358 32149417
408975657 325619383
101271524 697344413
959819250 890286953
368420515 184742353
920445445 9487963
744316010 68517311
523777517 302407939
135636862 342380021
675815663 888044497
243440304 124890131
498830956 287397653
990246242 552716357
971646875 53445757
231388403 794689787
118769201 136502791
356744750 862060919
560580752 66053321
203031102 61213571
282950948 241859771
414922929 148896577
521947914 609515999
191699035 195609877
226292447 251314409
649255171 143481571
511879163 117283643
425720830 405840233
551199574 49771123
325406105 999765649
893319350 267601949
333521899 900253439
816375311 44118379
116556012 220502209
436605241 349368991
426413833 650693761
412132018 423145529
952094756 735932297
625482427 436419031
655440940 681633361
620756327 138777157
201672436 794335543
663557378 933182273
499626203 856925231
349820706 257788243
543181600 241870297
387932353 772704461
601292855 230186321
634425089 695826863
713308573 704184853
733668817 524917859
745896094 774472901
422480291 491802683
843768271 312339031
790510910 373287727
862045347 430746427
923185645 387863383
169187540 256517329
366604569 814999453
396124291 915122293
523936896 999326807
215508998 268643629
343350568 32670919
12106865 149975251
395992027 81995633
234658068 370216243
915282222 487691233
651772322 860303113
645119795 96086923
893891187 530047783
832891195 497173553
481384522 110871179
615734618 207968183
443757516 408734731
699073792 448652879
342068162 310042259
431293255 390818641
320049500 447169039
584014554 179281087
978108304 502713287
715543022 123737017
955655649 230484229
239641446 512695033
320940745 114366067
176346408 263318051
134669958 291219923
65783715 281662643
520570353 147423967
677977648 815260591
149600219 832465891
132525110 125378171
462993509 85676303
767337327 448470461
738597031 485776801
557734965 331060819
206166674 70362811
799821325 975657299
971851354 728829319
313211369 503890799
754292128 574132451
984521629 251085889
738470997 455901419
17502152 954328301
701476252 310523867
118725880 317224429
274165661 314537257
207746147 790871681
908190763 612209999
650270456 50316529
884542594 952113317
802729254 789490769
16685229 975859769
148227995 276969377
364439183 520048201
166454388 997134653
152128679 547729601
563295599 667789943
38370975 494752801
949777712 645539201
350022752 638756033
394629066 367128199
137125616 101726039
669801854 500385383
433310518 150372071
653277236 224252887
867690108 277724749
795539912 64226777
379165956 75141307
248804185 661688413
807034977 13091503
553033481 650350429
217806958 662479963
162473402 522047633
762506714 407988419
195684222 969192409
745298086 100222823
297894122 203704331
540816184 663459829
756263497 375379003
910265087 168472481
65421360 469855171
703282920 177327727
299204235 229136839
513065247 108763741
111865398 105523007
92773309 94646611
447216291 109446823
427788465 756342221
236540106 425694527
22681532 683892089
260851338 710692159
932667986 406382453
754952041 686110421
232158193 237454439
46182724 313526737
800694431 529487419
9028803 305970323
610103943 758209037
601064717 563786891
770849035 522677027
677714940 626343793
555517140 784144183
307464654 176787829
366786900 730789513
485414612 927350579
237570847 712912757
777840070 497095457
788287756 674695277
330666979 162647627
62972166 45815443
169995195 752966231
121751997 378585737
409200068 282168787
254964332 819058241
446630420 132924541
572536988 275508503
528861718 639904453
528972925 1662467
825463033 315010103
290047122 19190497
785164617 783573779
273350216 306070243
683070249 718016401
605846346 622542233
10083031 339710993
23490305 719703841
511786039 472746091
727064743 546099209
802163464 668608777
525896803 350494829
157241683 13177477
338008481 505266929
129592880 137305159
839993107 934103789
728850928 317253091
723052611 90132613
845605721 115133761
579749001 148639129
919650109 574406179
26934518 67762229
265523914 269199661
63650004 682481873
562128183 239499977
381613418 218091821
126324574 111303193
973736183 102959117
10256588 71167009
904667256 808823947
197518396 4861733
489144722 270724199
508043933 576300737
974462940 85916953
731027035 38480291
318129502 811381751
386027066 262313957
839096871 677363683
737099397 104582129
633062177 49191977
545328702 122552789
997257679 320549539
834141046 551550089
239683727 397690327
834989741 680395427
607923733 319752781
