3608
249635134 981963839
746365128 916599833
528641493 397845977
499457756 287468747
289151716 256857449
636354817 476617637
392513518 79165397
905873094 280893367
926646056 824385409
844333654 728042879
831500545 832858079
22986017 251706293
915416577 437899853
875488072 587372063
706943416 78012383
498907400 99249929
39396351 671280703
621371718 251461451
47117090 572899763
778972781 242060519
403835246 354106483
300068378 918703547
690244237 777712253
91696737 222366383
78052341 945102563
528407766 35597519
670089358 59411153
132957293 692508203
751257721 708199903
752387497 999275597
125574444 301021577
395434545 629738579
843189020 4321781
845100888 256604221
699371062 16713731
123950666 172247221
534824077 755512217
250905547 337558087
751588319 497514323
181279873 344005447
157490195 175644719
748191459 873335381
636734886 478975421
497330739 188087717
128583074 382856909
653378435 869858369
248835474 96386287
205252715 614355311
703622149 729421321
511663267 826046513
219523278 287273563
4870847 212306753
652740062 366653083
773696600 359639213
807973656 947550413
865942416 238827899
109564042 28978283
383660154 593948317
684223194 906091321
165738643 994596431
743996174 204969383
509548538 110859677
994710856 211436359
228222895 980779847
912198715 342414601
32579554 166097381
115653422 926526541
51367270 535189961
242403758 700777697
767486994 988930643
116741651 208352549
266945280 80956901
974903812 453066563
883148167 313958951
38982768 761711971
995801176 147751937
515405117 271283891
692083098 247678507
536527616 726023477
798892094 287356799
856956613 930598961
922244655 914077519
661095301 908634659
218045265 669001511
303008690 307784443
214435801 566335129
162207664 811543883
204914030 863225203
286085435 159603589
100210389 744712273
494421472 450353993
132764643 725569583
264519154 450022561
887149868 347074727
402506432 162571457
844964906 857390003
801022419 453582683
696653784 627037993
974674611 601413887
787907726 65038759
300877327 405724511
687098284 163188037
428559480 145821503
686924349 69316813
960361072 818459723
485354624 512995963
446987866 567725429
329694479 934342373
828465126 42500179
502811912 9443309
193730102 562885109
988466379 651582821
93390299 138506843
726442118 878235947
691732314 362276807
911533043 110242547
437952922 487402471
690316507 929757263
595423965 54893519
664472751 548615281
358411061 670035719
589582144 337439423
640584975 167888989
909546165 146317531
400289000 101000239
480915407 53457629
207545015 992879977
996857530 75556753
823470822 641242673
710577291 474038179
383317492 187276399
288720737 354174467
845042668 72037741
150950185 256295909
38964543 459897127
480632344 153803467
880273390 283383577
680767288 138005297
412591962 134165299
66897842 492201893
267321085 722271343
222634707 864681751
828110519 209777179
667431626 998893559
281672545 663568511
412381416 499260107
931272787 986326013
519866302 59187613
398837609 789483529
607247374 654306463
796438991 604508543
719984414 443226257
952142804 439416751
660468051 55205509
885919117 66958861
398260954 99892171
17845864 394975421
486224411 79321247
626270091 990696859
113595193 116159033
716264434 372788729
832851310 949578691
915035420 763645199
223311672 192002843
134145338 874941401
151170295 545417083
511145288 920046319
753555263 153935137
828259154 55353913
30432291 228110479
942526308 648444509
653669085 363904199
684096702 665002643
379668135 168155003
801099563 361117307
167082490 84894911
49376403 138387671
724604474 750090041
566541935 696899129
872210096 24205903
52971969 651493211
979452187 202750799
445506962 499824557
90259416 419147753
231552024 729369803
532515108 560965781
744813288 196711057
175599909 715562447
133132826 463439281
755928863 517752373
690370052 130408721
143517357 173396963
698025241 705979081
926465203 418906879
799857671 217188353
265323181 23519021
140059861 218975447
541888159 668708921
668411894 526755947
300581080 791244191
753455829 921185971
194121849 383003209
829360213 876231737
617264290 374542067
49928931 135909997
611315707 544507903
613170546 983924713
473357713 385903169
156287819 986574131
849034671 815740531
312809741 450279721
595820175 938002213
234133973 366015263
216442717 576870193
783707584 678131101
528888475 632393737
479100993 254478953
366365407 280910299
188555425 744090847
455021218 369739267
567748443 199070533
651734047 706637669
688249878 446077319
762339303 6608527
58598796 723878539
79575558 869751347
983107022 886411483
710311537 869652907
10396649 640545161
149254772 846561293
566957852 547971979
641620872 266526233
711611717 156577909
442505505 219006233
715485976 880805531
434928721 859420087
371150279 928426847
883691651 67466983
188790606 727206383
999931423 264190343
506280542 249374821
200833637 746849063
353831096 414508681
150442324 137371457
786444656 568598551
667865800 854333647
4181909 561975229
673806137 411152953
644169510 69112129
810974137 969226369
946981238 268401251
558686906 500839123
981470956 881525291
191286691 939721639
48192822 400538161
493709592 649624699
416214411 664581977
56838820 590152993
807750603 64691719
957953876 259741439
905822125 236545291
634461223 464474533
145211747 807668941
575418507 690862499
795035786 551882843
776151037 696388087
159349478 587803409
338762835 76002217
933140561 431636941
25415737 723905723
894551523 516860681
71945088 328297003
532708255 428600797
465728286 371089231
496472772 82675577
728085560 65668247
940970099 644695217
559287660 147441479
233302490 805820467
759567841 64741141
885471148 432392759
308436429 647765597
509949280 280503827
604564483 620084579
380912584 798890033
735504300 558919061
797161564 255137999
651509830 644568443
201986472 928048159
803546138 891746689
903219813 892458409
406075554 605204009
269981992 99638101
877700380 955530403
912426031 970905011
341481885 644182619
126286600 133854151
246500904 152109973
198372588 623503229
859769632 926395021
429260683 231246811
248689558 101542333
91438910 62085719
727821168 255818597
689671026 453807577
551691111 166441213
64805114 784124177
805388963 702383537
307926726 262275067
365679149 228914131
441732820 232814237
172328025 978845519
882158737 119045249
967739547 33215597
822968807 910993609
961270960 188039519
189076001 687260429
328059828 635967281
557767374 322730587
137181393 914179393
472297282 60325351
244918005 865954183
529241653 116577739
497491415 46536799
728403417 69016663
253186981 700081367
37054457 987036511
606402466 304121189
526899843 401388277
877549005 324144983
297120540 391710911
454447692 347581183
58076161 72514003
850153679 464424761
353431573 745679807
948894237 875465683
974529866 961472207
75376417 878325101
620158080 41170399
553205267 429226241
269604426 939290447
883021649 931751803
785813266 265090697
254897402 519374197
786269440 959577799
330897325 835355201
81072108 612991663
694752944 700302613
13679898 730316159
991663868 640186031
176731252 499966183
771268584 34306201
416886000 530443517
433379028 952291597
116444344 727603403
217365794 413627743
50641773 363463489
550556498 731330309
163739532 479628239
123451430 190099867
380562206 181392899
602086472 904031257
125062754 637113779
50656262 292242017
146570942 167010979
414398150 122204689
224907411 389741929
812535675 37440841
811148274 727098083
557271270 86288669
734271176 550081507
755172940 69735571
477019329 312334571
569829156 317140081
354131060 359354707
706403446 818274403
694175193 197342087
318015160 799773113
426214471 715637009
827619797 228382867
63330786 728984917
595167009 696429101
294295246 525128867
940792439 767282213
821323376 582968039
868669208 740122391
610429935 461097601
851941371 126153791
149702612 293100901
700479458 26208359
669290065 655233529
256129745 234204263
216160481 143111747
979811726 951957257
659034113 221827621
98149007 2922841
977330583 194026673
179485581 517580117
539798825 49535611
125492819 598390063
707391546 423082379
282574005 164737471
374451414 559950569
375080068 217298987
191747045 75074953
43594329 595932307
222026815 301005919
651115055 509395801
986584631 27025639
409038486 718651907
568446647 79443853
153163488 314311001
896642892 342971971
918394888 319844263
535558362 499038829
509388905 406818151
709484684 946663723
550415780 802088891
695482313 564698539
21854133 848256869
234432187 724292963
216792 969296917
296408219 335141617
52943879 533027303
511322445 396967793
803173854 360978047
864896138 332297279
129819569 916571171
276400215 155654713
136437161 653842169
76124145 829748399
17547881 362366743
808333437 116535553
373031855 981895181
478759680 352430879
328713426 171510949
608527706 196196699
165799176 52648361
907604776 80499469
386867630 605098103
643678302 699679627
681096961 77469709
404872906 13210427
440692260 753099583
711406749 818175109
589966345 319188019
116944161 350732857
431782137 59157557
952441597 433364681
120906027 41168471
136899281 80026253
875226411 291258769
682262268 458197547
582557166 104228237
302815136 284828377
236878814 197944727
658621709 366493573
480269211 585759071
732300940 774683009
475032659 65335093
479589217 603822691
558707395 93417127
57131130 926328751
805569805 638847373
674631951 286763927
53344174 155280401
855031806 127642583
955555397 928801997
570811650 161808683
671043673 794394589
920646143 645147821
193678189 286082737
951561642 495555251
106549312 712297381
207216998 970707767
662349590 259231711
780832158 113714729
719118678 203567743
956432562 189950477
539963536 882730897
183867325 386730913
958780580 115713061
835173943 155312881
45447309 934075843
689403209 357177533
197594514 102481871
421651503 263128759
333836771 87446027
803625936 767665747
439392330 305013551
996286040 846496481
430373421 411879761
331004324 524429747
560604463 81178061
618421781 323106221
504484186 33029363
885484586 659681681
584454711 610124483
73251243 701297587
797046718 419133353
425282234 804076781
566004843 55748939
790306106 593415791
128878672 861871589
700410635 131731813
605014065 299729561
786835909 808320767
471637927 984664819
300742342 947431141
883261539 850549187
133292733 51130249
803687603 908319319
482889294 312734413
516039864 288479921
605573641 351014401
639624151 517616719
257805503 963143617
908339840 400403033
467686696 495632087
830968017 586239221
509873185 242349109
724822905 47839651
987909278 569404313
219073890 893683501
674034313 786517201
750278015 23218147
113948663 267330641
961927964 168035521
250008365 503469437
983955934 952660231
217172155 9869863
188904536 597955937
37357598 851563379
231796266 905296213
52272506 825796823
6196764 466044643
107353656 288163663
695544083 1299211
872266473 434014003
434918244 965841959
942578104 144089791
221370 670215569
211873201 430080907
778421538 228643873
798241009 23712251
177214318 536867381
23704663 727372981
705363799 656747473
636718638 648799661
255816831 538377311
618491461 680529301
625003668 639160813
329454750 795688207
662781811 448042913
588489625 459210553
282792255 147936707
177904057 156501929
812560148 751686829
717093797 836453389
76213840 85575011
998659178 549855347
806233478 990479491
183568292 116453021
927270426 9517951
127717810 850748207
84743997 916018093
739044384 491794813
883535803 169926623
182066446 900286271
257335208 298757267
757176876 683428171
421606095 631424099
57562832 409069511
383658198 472857977
565072639 806870723
161301277 388751789
288429615 457219957
130800934 556882309
650022490 21311177
90748304 940008917
535212680 496013759
412357656 707997449
959703664 60939083
226452170 189807067
713666926 118566187
854218441 89152703
311107264 396343523
847234430 291324769
670774956 7216141
518773810 747918449
445483387 642890191
670053892 622096597
55000453 17125651
212286247 156044689
706152337 29290013
369987567 347985023
422557348 725426399
292188554 902579137
333670179 795815689
842849804 15107627
452936205 634160183
971352614 132374981
849465568 728214779
130293722 357119491
117205995 428293927
182339893 80073997
742225321 275998901
405425396 235905497
945855027 330432853
398706159 353490419
108897464 944399977
137864370 908504917
170024621 847342537
595303160 153536393
273623848 31033217
592727117 514309087
345447106 955475921
101602221 2755789
483467157 264398347
938232387 17491013
158209251 925631843
394980836 16101157
281312689 529095361
831525254 207990547
81684470 70429343
536262489 963857423
429466015 140200897
595331172 553795477
659746375 19836913
992891768 678218921
352219925 172795289
894258817 397195423
632584383 716897963
511219565 803782073
812222224 256090781
984457300 32407159
109857542 636291169
893391927 502507207
274466446 372858247
729441265 19423861
26570615 247104941
907229904 213427483
8034444 372398123
298323107 603714101
894806536 878720263
677595386 771137383
75102365 170576513
41253820 114613027
317478020 590453459
349923585 8567399
785062021 171417733
31387436 233536117
831764620 118546789
222979152 365395883
797014251 563359697
4677178 297294607
120327248 760319167
75136850 955566509
600206755 671088559
743016274 129114199
566619825 675192743
320361119 15799933
387968005 811694993
495439696 879447059
54333382 165852383
777374007 963262217
701755505 8925019
162953302 891790519
859051819 351380411
137994094 451575931
210041570 436640969
252670883 811439939
117947318 831175819
845350439 702691001
288583038 54146839
866407300 588562927
927930221 258169213
446020710 184264723
969323943 202000637
655273880 623694509
450714190 285714041
164665734 817690763
68783056 670131277
711711609 543922859
468806596 314874173
583495911 823731113
342469244 893344093
79760709 527889451
561603999 403923199
659959359 107955553
327299916 269751991
276828560 520545947
215589658 539858051
24049357 957959143
655077085 744681001
280628066 173590231
750624243 7050781
437990564 626700383
14373320 966761209
311266175 853651321
892277121 490213769
118181839 77742019
787220794 729741427
654047364 74870407
230150143 279201059
848420316 825233551
848883100 93729067
931562059 661270741
750542287 946238659
100911657 137299829
422269225 955085641
554460924 834321337
302633649 67760053
517653876 500469769
284412572 415124869
834398327 409213699
1537204 75409669
691212386 968368537
433528902 699355001
216764862 530851001
58987011 336759161
335114000 703464023
220872575 224662733
742712458 896248477
980119330 526805063
509735538 907929881
60360218 971628521
19942124 37611551
263413812 266505611
74611782 328235591
201040006 218303123
74300077 438679907
80910198 431623243
681812725 344164661
183162862 116713759
309782065 754807579
264945188 545993951
376732359 210250049
24712715 517382513
218055592 762592517
395115495 389107561
895389115 229351313
734052019 212511389
580696185 962057851
806269460 693627601
609225260 999189937
673735933 401563709
18060982 931887293
106489879 773516063
953816034 956404873
276401128 387855067
556177354 298228309
767238013 450037219
4816065 161923919
918801880 702134243
681290204 342940111
897229545 710546861
464591059 312318089
512030113 606470239
625182090 794874827
397294404 227288923
790369682 224512283
183718540 235657459
745337038 981638071
414694961 532236203
533006582 590145013
459959360 733047397
127193314 727185031
510824105 152821733
315792908 405130147
491891644 9707443
554822741 320691529
454969116 149463653
38499942 360138437
559151444 112700773
654095992 240625787
675214031 178823707
528423808 838921477
17846022 847932821
801033016 310538747
398838223 833616473
923948351 149166341
943806663 643299619
746153563 197769001
807660844 116818619
348812994 910197433
70435994 889535341
650332185 622674407
378937928 217501411
795891062 564415679
573125680 620245237
138106456 426790811
377810692 618343549
666811760 756805597
758599385 71022839
502167180 719287691
227351843 669029791
695447177 449813423
48411859 158270381
829582041 703063943
166468194 10210399
98756703 553670941
267142730 728794733
639162599 82703407
907102456 955782367
173210587 758433721
937157709 83856373
880220911 592859899
395693289 717507541
918987390 347411459
301006555 611900743
869956669 967653671
767218826 561253373
210153185 374623069
523963222 626647537
215022631 263101277
483223963 698043317
241274028 695298031
621514548 861390379
355035072 26813753
402376334 482091977
227787936 49741799
499012750 741446513
184468722 429414187
128621508 212987311
16067956 624030191
38017865 548255989
21634056 125161843
671028655 945203971
385960104 593872369
864597509 90335521
110317979 716017517
557470297 79052843
361075391 773540707
914763843 955580569
714644604 631394633
462290419 180098713
280864376 795290759
564686772 114580303
607456839 62106511
824500455 545262499
819881082 179235103
83482087 235735391
797243924 474507701
702988192 280048189
413494872 831210553
807607756 943806961
267531184 224829967
34703813 827266501
360542330 313387937
196117881 650652199
3094407 54314849
685302159 154864597
133521886 308436259
450808457 38579797
428071753 838229039
273596833 191437019
858661643 263522911
276624505 367182469
918788355 617750099
428862004 273757007
366914516 188058719
235234685 892870123
48378679 261847129
717842506 575427371
806380994 69986687
355404591 272619001
254036288 824259979
355995130 476625983
999816862 271525669
479363008 597912727
647529370 562139797
991964342 959919419
692577122 592430831
948172023 815624753
309009183 224527907
243529207 802309063
933785636 793801033
807803840 880532077
417902211 822594259
52820321 913897403
861795913 152346343
390349209 965110283
38335054 898346149
934880352 923660071
158267566 281475143
491942771 827965987
328966266 854070331
109798365 194481893
562539107 658559417
150236234 785018779
18181998 121777037
122336434 651986459
506242495 396582883
852680610 870112849
782593618 106112999
833400677 839457457
225009076 364972499
55125531 425093807
239019133 961734289
133359117 180618457
893625218 546787403
77224334 800901587
924270627 964662493
728998384 441328033
265250723 879595807
590282101 556439369
915610334 875311193
430163502 963427253
668730251 499605263
859967635 577587811
667468598 526578589
981296529 704224333
591432647 654782231
57117429 8639923
135984576 267367747
392436251 340084109
905131123 237725053
825251124 791726021
14646563 125241931
418059866 185458901
367331583 454401637
635106232 759919591
407514252 883909877
689431971 370410983
268149999 970402501
292873423 645051157
996720115 646310261
521603621 278810629
677201097 257031053
72417024 55227593
479937602 556660847
889011166 614687317
621966619 833431601
535030294 807705907
567727827 212365981
531340006 533895641
758196790 575028661
80841720 743136391
238506409 667716131
92732756 678344257
858586974 956488123
114118651 338056681
863937672 230816203
352557328 113682677
55277331 444433919
821513691 292210393
478473204 5189839
273785562 458161681
120612606 19166011
457370075 639189839
329782048 572696581
153795933 683598653
289625086 610843411
545598187 649596923
231512034 34091363
517265092 173104889
278406003 841845143
931894916 178318319
78751452 747912589
674551467 40386481
626045924 619883819
105724472 355125761
424230020 503335529
424077689 960290587
722827232 116989177
392665603 13190647
238486617 136424567
470358296 182884157
687269782 515430451
77126338 371761601
922965486 30442859
66475831 451244249
481390542 835876211
925720340 201604807
304962792 403890719
310635021 43846771
680284726 444721141
54690806 865512199
816252244 374938873
247764995 356720887
396891338 234930613
57051466 642731311
147318191 620095243
250809021 219074927
986178448 919149239
24180781 771869723
430918641 688601231
466383270 633949747
47205285 697470853
160102218 184852561
530089670 378298717
210191640 431068727
503482333 819104479
63139637 206728453
260007055 645538111
686901088 655758977
766350978 156138781
528716339 696028591
17222130 93424493
880492249 937466129
414177132 643070647
400072812 508494731
739924208 121135961
704739960 668786743
482946427 102128267
414371469 387985307
880995239 102511133
775538313 626584157
723541470 59714911
419465097 61145099
98611039 108588551
109386650 490647889
492028590 280113089
119022779 263298289
979848866 957944063
107118988 267522719
593739748 822951053
361159593 823960831
852884678 154796903
534826197 115237583
8601366 438992759
778028612 194948269
736104136 114777653
263135235 636258517
549562048 666796589
646385227 272027519
224426946 832323301
361022135 839692471
953026538 812626799
676034772 196343503
600064870 532881763
686884557 575122601
288876358 249427561
261718723 277854331
512211240 133814287
65809639 669320129
325557500 258523553
435572297 475169243
583396441 431019269
451375440 866589547
521678449 66301069
48699013 363752863
562877734 872160257
19631179 6735977
915002192 949348427
453883415 705719513
491911155 921068843
650376361 309774671
747044631 304700177
160447448 635827121
828523181 11157493
556993890 344724071
354249680 124059059
344185220 897615263
451560309 153016529
864170593 881516437
90209608 717686119
113993106 830253289
314339894 691014853
103578005 43760377
469195365 159601597
827409417 730665547
809205080 60769103
185851011 52130843
373242706 759891259
492520059 778524949
275523751 955096403
928802590 24241181
898054530 144197863
484971681 261726659
223056737 639847961
668356759 831222289
985443342 185038153
573783327 17129843
647391790 901476617
776729828 470925421
381426643 757816931
238895044 370939861
810404297 518346229
700364376 350857393
78755725 830470243
241447053 654712781
653501477 29953661
220399896 218077703
968489894 751804883
929375608 971533219
494265040 308511977
464728153 697327249
148957588 201124691
278829136 220551607
148257431 175367509
668221355 461241029
249487396 341473477
121248622 825854873
678320505 2782757
348919247 271248143
306626436 288069443
658828417 44350091
751609490 858565489
874204663 707267789
124239800 603083263
690277966 223729963
381842019 14631977
55789 613704269
684050579 824816621
81694984 880343179
36300569 804984007
944599854 985811693
571165092 620455807
917068650 673416581
232282623 298790747
552453778 280436389
752812372 865289801
365536997 149216257
98715494 732385541
990572544 849502403
212353759 35635217
556046901 384516221
890351383 824717251
195158602 182475611
164966188 290199823
631679487 889528307
646151861 150370853
798890748 550315681
413733488 430105573
322896900 941069039
795950821 54107689
175268422 697455929
365579698 243214681
177568240 843617987
940996922 199209301
123635272 231109603
742751462 438710227
164174685 246953939
112893798 169207933
848666061 976654507
330957188 780827057
98791455 367435181
220737268 695879501
696281949 38461447
631652721 795121267
211822452 221004083
965025488 659508631
233404207 787532561
756860263 101069593
481267501 122285039
328494759 826921159
573415229 453650677
790124384 500942261
771332628 317208427
732973414 353159969
963004018 617569789
90668654 66470689
30805075 833332223
916233313 294208241
262198848 665904859
563542233 936314419
214414633 359592383
68036591 3732691
120737560 751367983
448700677 503304029
25455484 212643371
780018170 858314627
559926624 132633029
804076416 390951577
821185029 668152259
495427331 791871413
891760167 46861813
29340228 80407757
194092812 268941193
317004576 735485363
317332350 751803317
784994755 202399607
239752365 421800233
39447491 146468771
283987433 679569467
756056068 322366169
298564140 158001257
5750716 35761997
929192112 489639043
899353640 970529011
878511403 109145711
649657497 59837521
215687014 278036491
622671108 43402013
521203208 501674599
291033586 65379709
738470889 171739259
87371079 854889509
519706433 895926743
896987229 258672811
990109308 40308013
86874361 911786429
454918426 985908757
627330786 329892581
3386644 158789207
502962923 61757257
134491398 938877209
942398603 899750353
718489618 664059871
577762493 189663391
934608097 900831299
683654552 106428229
72405440 169149803
281477162 792173539
376928727 543558683
31513416 312324427
406884213 442326169
500321141 585894653
980520162 283387031
735170027 910847911
512859570 526970903
500873945 964959419
6456385 55085939
245162643 7863949
588083070 997083523
612745949 455508257
679553664 560876399
344434097 450173609
73755561 835243333
535543478 532755329
798299889 200414609
103597584 64807289
82038149 993146723
836136011 939033721
316566488 145332013
269200792 235590349
478962843 298233017
162585149 112171513
74184357 486352957
628961259 362084687
294918258 536139971
830877775 850045673
154583679 888449621
564267928 241644083
779735336 769291639
262648732 286483751
836595239 173078947
279424643 881322059
61566307 613125589
645989936 9528301
453496858 9810803
984818183 324002563
451975443 232038839
256196406 425178049
204542023 905722879
497666365 839288899
548088462 524412013
839757498 534250771
683547935 107211001
643834010 76285309
675751550 61133483
959499463 643925741
238123963 280447837
238787931 576947849
838513617 359550181
282955207 165268661
694779782 177365197
136086505 797408449
425089216 902884271
222158426 343213601
186454867 20216593
574984644 15240037
467788275 278570821
359807183 90953069
190111081 843652037
179594512 704912239
368604001 138612553
827417815 600828049
343585896 354724801
792287759 941837357
965607364 838636037
143278822 965423219
643118274 219692303
634945296 466543927
402415699 914669141
416429309 178113731
819919888 287981251
716007517 780649019
459456321 109725547
687545329 552863809
821312700 46878043
941781618 602382931
440091263 654143263
273167611 435352937
154238224 847027007
644287240 326064553
126790745 241430543
987083163 334713647
319136099 48169747
309675365 315308831
405317136 979654309
585368599 820753471
419144192 978331799
718868770 299837051
245761495 553134331
415030813 118454561
92926331 873394229
289285843 501613213
139813910 268780807
111332963 42902941
153273995 2668399
309314124 852862757
68112678 487724093
612997814 484374607
501861890 832335187
13705513 26229493
23285724 953663281
669047253 99901783
987736373 493657369
565339739 917670893
720593521 781666031
53943049 514556671
683574740 520676159
881160553 977892317
987331594 142741637
269336034 163159483
433956602 395463073
628994068 883612403
876564235 723840209
530958373 317041691
626606792 709662119
755769639 582154733
597383942 578640059
919394245 72076559
274430656 39008287
499403375 256475341
598916001 27986143
669615964 884929021
79205101 634938671
956339849 738223687
530859962 365988041
262045181 408238211
423501586 81365527
844784641 56899837
265395569 174904753
820473442 310306747
999161370 857425097
21718056 734727613
737334468 431448839
347121485 145831993
80563540 431313923
472981736 714587609
677007394 231033329
948944343 42910061
767844669 863782697
447351590 272965183
14539439 736625023
744467054 497434033
895345380 135294791
656831714 900723917
484726212 872907701
478631199 383991847
338905270 836497
93346599 64218127
251840156 840655693
160399114 240248119
844068447 158708321
637601643 817406129
178237892 394402259
226662104 230789269
287362708 1348619
771351676 807046637
581427652 182585357
821917567 804593899
323943885 88111081
631889409 421633129
41333462 725141063
926082693 619415539
6892211 378282049
183640216 414148583
30613934 404450029
196720582 944709607
270168873 202442263
278553858 180149821
813226674 63180791
282206207 210193913
139425255 336100777
808625973 65422961
414912698 10246319
527285770 6851573
302976949 281866327
609893327 520604653
42684375 945184381
700262669 135488063
810146321 52871653
26590198 227383391
168052433 457225193
911111875 46894031
711612120 571219501
611883791 267001627
57171061 809728189
75789678 3893863
482550875 119694859
36294142 57153619
449775532 238311317
828816629 513407773
278967618 844278833
505560726 545636603
826013012 590849167
835966480 181299641
608212627 87549139
726208972 963484891
591956175 8966057
516554907 235074913
786965179 280119923
960694343 813172357
148698284 454648309
495982481 222253639
220804494 198370307
668803272 270456947
600382201 171967907
939455615 541738039
140698868 858159251
705182634 251134841
193206632 306508211
213046147 681616669
192309667 24293111
745500177 108304393
806840434 433718821
345129854 268106789
759090649 581942461
894592942 142884383
818732035 454196929
402691622 408346483
60804436 520532497
79180001 489651469
230923290 883891007
320939390 153931471
775412498 152371831
99151050 879351667
339890129 129243797
539017011 127855153
836925725 340180297
742364301 247485661
680681227 41756537
986187204 741841343
189126001 209493457
676558904 328556617
220168900 459148681
10770239 626429483
313460919 254571539
469805631 15948883
289264842 363502267
111350202 390055613
15927731 226123463
94046757 335823401
14013216 303030319
79562934 269316209
429032720 220859813
556077477 17918569
300380108 763067839
657313170 203153429
316817609 686412421
661865658 591412729
935782648 457111859
238733368 425243713
548502231 501988441
921008924 882518737
85662167 149695057
132984553 820294327
98552413 395952787
728661979 513609409
905827982 819940973
426399579 840650233
299421048 726676351
722720275 341369711
883069777 923835037
982447596 436361203
83177555 511834777
547462937 547239499
943567710 153054541
273306298 737765701
448630229 113020693
722922672 426276517
489316261 187931267
500440753 226012949
869182631 49228171
601478443 342784679
823340103 123731747
468714506 746923007
491053811 359349317
837301756 91359503
686025128 959516489
514343561 182977693
462625707 438533113
236673201 345268529
553537447 860148011
421079873 493385131
478440781 311605321
329721004 170374993
958195794 305925337
126474301 776606599
831592576 576320929
643475126 142450669
670282281 8177321
459706433 861639071
668258763 47345341
431102929 713614067
924409231 308251609
557556953 541393291
625856510 425096923
292627135 857730389
257870093 86360123
415834911 302982629
788038488 125260081
524127409 462511369
26179536 27179437
477711238 77938339
699355717 958176217
336142282 669434561
349106003 232361743
197396629 531422693
401026444 503807399
718752260 826418321
716995305 976436243
149968254 348234959
262298238 660934711
44806402 541501759
527444238 468885661
96248560 95168153
589529139 361058479
422425628 496519733
542007633 342502183
255554207 627700387
239179925 342784487
467290064 645684439
283720762 284703203
421730567 111196837
653795595 67158349
724473092 910268311
110591821 856538119
313790648 493649419
852627655 117916069
795134554 452901299
802394720 459191657
660173870 387161161
850209795 212074529
513080935 199011821
54269238 429578489
927788079 912039673
750479249 489516827
159597753 439102381
725066450 734789927
260305113 968204473
165781954 985032281
307697515 196314619
83291799 847501981
635442465 469551889
806647606 886229621
856317682 227119471
442027970 432382211
303366395 777267643
186395257 422498509
713479013 360223163
210397418 466564381
562202070 7883377
353467846 176306717
726933333 349344137
144940346 981761953
211003964 786062117
878892991 875975719
790318023 594356333
667137712 620750153
662200233 918644387
959808676 76481459
18847386 464389283
374106157 277236343
384350660 473144281
584401069 30799259
227089290 558316391
912475117 879853223
667053640 669544871
836711279 438833567
428078209 281198083
844003365 202569769
578948826 799984649
195923745 196098673
141786224 37258433
122394845 310017607
574490110 584917379
131796968 123594253
354600204 457964123
411759960 280254913
372314530 445427597
100554706 349493797
518614700 823591697
487070118 237336773
77568839 88666867
744204637 117161267
492573233 470840257
774433068 937574689
524406820 840969977
506679608 443799469
13468925 960272653
15012086 596151709
82355107 97943819
328691347 664174711
352442507 115533641
52630290 684420367
726386355 861917897
998844638 85909009
488518300 706090543
571023646 587090237
221526867 239760613
97756457 561644129
299605395 39396163
409274964 220328491
885473472 114055303
400242515 568821709
935257919 18888941
351675181 926639711
410294602 728108159
166097357 495007937
517601775 98106193
4074141 485564407
700932665 338594629
139519216 867037183
634110608 52626163
23187191 343610017
272677782 534421109
580087811 972648007
65236150 625747949
605106023 228192011
371830796 614595841
4795249 626747897
872112791 618406409
33197489 320496433
307055808 955026727
785979690 286642051
527870833 707710777
22374893 139090403
198802682 271255697
547797679 43788919
768098562 444785279
889664611 667179269
757059913 710775257
187117808 138507319
301000099 931645157
123601824 843194167
235352359 14484983
351186895 340156849
591075653 275490071
827639023 321128399
676751463 233211229
36404763 107569139
353159617 861409319
655824460 98684221
479053082 682667857
818646022 103594999
62740994 693608407
251868850 539335039
991375593 198397357
471414426 237457373
245955197 557730727
125561279 522156829
394703149 520646051
607317829 841512289
947419759 107206571
806508074 620228303
453348104 233049589
172388534 236358709
603674794 174961933
522888074 326091329
458027470 976406987
847934975 263068427
84644856 74858969
656095312 157775153
131523885 991449821
510247810 480288271
156451229 315562069
265688375 583704817
657192031 974524823
393176146 649049941
254126742 29023193
669621394 678673973
843712350 128469163
434507828 451722497
112882745 283709903
920017019 232602911
114763688 770678767
88618993 847974443
328025666 492251141
704106561 352420127
819322382 383548553
380860531 85550809
378928248 909464573
610836677 381603463
294975725 626696153
463975773 905591359
664052928 667586657
536463555 765588997
902305488 237844513
746591405 572049791
187552898 697843351
816450081 331968079
560930810 791633209
448387236 265370533
764571645 44005999
795386592 510781961
601441846 1979149
87838192 667884439
199586729 392144801
61959009 32288843
883244268 624889813
673402728 953610379
786260416 504043927
291134429 930546161
401775190 547431673
935943644 37362109
966151918 720327367
177392144 123097717
463106646 692410237
897365859 365187001
117670565 240386053
484213573 155954879
454602409 148171217
722290213 25423087
249494181 113574239
766063330 7913261
755468103 275093321
933894640 538757347
421174844 562226293
394108638 325567651
108043649 424788521
546000929 409611173
442895820 598392017
631691574 250283063
653490405 869010427
544050689 47326639
964183401 769900693
398730486 583560871
221764082 357534643
513559642 81734593
647866376 649099697
792629201 953230717
921922510 472934699
865469658 80889079
932426269 55021867
992624196 228725377
86999943 414235951
179454729 487531073
425612194 125015207
944565966 926719741
316517408 510604519
18393022 694990063
247540838 645621181
136815213 204977407
217284629 202092377
605881548 520567
563568463 611216899
918989568 685901303
41825034 270779921
585096451 85965637
506788489 194428907
208618491 652316207
910166186 65364331
865925394 135456509
758210603 649648933
776720755 335907107
981734286 44758099
625378329 258597167
351385350 958444657
633141584 48708577
446443957 7475701
151051234 769397963
424888816 396584171
3398947 192266623
139239407 67750091
637836491 693693941
175025764 561277361
883859325 790625597
188781055 934083467
894728510 96866531
914783578 987636457
317513441 482170729
392232017 755646901
478940750 983344961
856614764 4480319
716679517 756027001
128013639 751822619
49729470 637734203
178176586 997984111
35883774 961256039
909431060 181617467
230394985 230022497
712649663 241481363
612399240 341076017
472912848 860195407
221774718 104937089
198434075 132195529
241760050 159839399
887235540 910853621
289278153 410209243
238715998 335752003
101615637 756853921
15326747 989715917
980601775 739197673
855197979 410338223
745851570 428347273
419197000 380864779
325334614 952340197
260844827 707046089
767433523 765815581
608886165 974148407
713690657 67038827
47673024 960503393
70046216 347651483
748674701 608100211
889859771 71791243
155678813 989023129
793074755 532638413
337128027 409019951
367409996 119514217
491710914 410498029
654849170 954843133
266111698 835102327
21446776 661140097
536996413 38799193
564986734 189997999
803118686 665384821
803843347 5823421
159945999 329861599
996536557 306114467
683222162 11835463
70006972 286095101
89129448 388180487
503444632 163909859
861379593 577810931
599297747 878653813
742783951 945390379
674872505 188527931
693951451 11542543
103718697 208684199
679997940 564939077
23384588 159806201
83977143 597965309
797171151 945153113
337211514 771190831
964963666 34026757
692380999 913200709
148878089 141876043
250596268 877825811
926975184 986662241
186718364 322178767
986905727 165701197
1380351 600759637
175415265 729315707
818687225 942284549
336514861 903586337
364304276 488597341
900894295 452194957
487065012 730506701
352228512 8672779
511897892 174430063
238028738 360521479
137174671 336197353
57603592 702914213
408740720 525382597
922537698 785486993
530465314 150936887
475042173 765486811
633556875 451602083
385347941 553016591
879550441 682586851
924637796 257744027
776402002 515303011
496872408 573216043
621562321 36940361
51031449 781774753
949965575 76562113
81411509 622438139
980941749 170226787
111445809 697597997
107343357 398139221
734797163 514765799
64823724 407759221
213467854 66852631
577031397 393757901
382192334 861832903
801350161 679187191
868671425 211217093
842437687 330143729
422756302 56678977
103764657 987550457
156945105 69104293
673043348 233279177
335914920 260787031
102558407 278148631
465877284 252261101
448410958 507922123
306829161 886450151
318378641 737165651
37025491 554397517
708850336 44527799
710424563 195891029
686921543 233080333
142855199 313269137
953367874 101118383
164026953 660535441
118914934 446499533
342468039 448417237
761350447 142902817
228310544 819678779
345159751 885429791
353613496 110884721
125411839 141192437
419537014 163355327
553550778 556364929
965105889 69680137
303814059 849191621
111151951 212054959
218789831 527815709
527844204 609768487
927520769 468315011
553994453 18303053
267721564 35554847
327138913 611720009
728921260 9990913
287074026 44044487
281849372 974623963
810180844 938068699
500456790 668684747
798847961 335144659
772064591 281629219
60608774 923692769
718877573 535041517
594933431 115234397
109013595 891570503
703273489 212114437
956569595 944170849
310865560 619692781
65698472 555436493
280452019 213719251
150713860 32088467
715545684 652629919
637377603 636330631
439667860 823564283
700842592 184472027
470901312 740362703
638532366 59069111
941352802 184747427
439746802 544495187
300960746 744972757
888851651 110559161
523157561 892210313
175213981 993503429
726748482 324908201
219675172 164840141
415048690 810107687
692708704 130474039
845691114 47862953
639267057 720770993
455496837 886599481
685738977 764264251
612374228 925208467
365320170 111891163
132497155 33172939
995288665 443917259
423515598 221104603
481359070 121021273
964223002 101458997
694243204 232292657
345870210 879799273
385393939 297680363
489604456 544089397
440384934 637096949
278287116 687191543
436913749 745771729
418086114 282698051
450610617 540278467
652807464 986371753
261841952 192255391
677741874 202639783
937735269 89070257
759458781 535706887
640536888 614371753
564699081 352730057
59209189 100375453
217239693 792418391
654425472 239064187
725006726 903099091
10649 181113217
60128727 363984787
42644487 892223851
643817644 116001209
962655349 290172863
886974662 366486083
894639114 42271343
506496869 640544393
537466081 646706023
80211173 648434363
327478272 113299639
383569534 238254431
291659156 674682557
678813412 493053811
169908708 68438987
322885519 506316803
831959202 739349687
236690984 331786783
655544187 772095481
460044717 79637039
152559988 485273647
943690362 896294171
270131080 239859449
666943439 6206197
333966594 762932641
275601328 813674051
364243626 855805579
373040759 54063509
425888146 489468769
134286780 365433617
146637344 33542777
51593000 641433713
442957003 517851949
964535111 352156669
963745766 278820481
550180679 120666421
955160627 607571479
28825810 783546889
206481411 795345449
519816371 841701727
816092567 484322611
987807807 173433719
281534120 564768469
649123954 201292909
650220394 122304361
356554966 80592251
263141878 394633847
212268499 384494081
30630733 873088841
967356814 876742591
168394355 451201123
624119927 95475937
32951043 223540337
507287056 97495753
864083417 367046741
997248205 760223369
787516179 527672527
589828835 80317043
161681424 929974153
408845310 7115093
765089723 893710073
441807965 934400891
151365472 220993441
918615673 63977629
390035132 704232637
160466535 723564623
330360108 95011369
726442273 636114029
399334796 18539597
280617730 412025921
515793369 144397007
480840341 210110491
986714515 578558639
279574348 214638847
778767436 805881289
877476181 483975433
95965138 126900769
76377253 871630093
460467468 110234221
494129733 39024847
567156963 368486609
188659694 168360107
914541345 535616239
206505663 434572109
438562086 129587831
213690816 881732051
473624583 262407707
254047683 817137001
540740162 60197803
750876078 882388667
429103957 66546419
544932373 661946473
205579040 749976371
101558889 441339863
468083100 683942227
316727432 11879537
311145316 204869341
681375470 137328131
238036330 959366651
272834842 705702253
453386922 543354443
378404666 678766117
791473102 58294219
554402050 133333463
983678376 608961011
43137248 380363783
32459024 975158759
87040115 128491687
578354577 526459091
689948060 39310591
760732672 939226481
60588957 437649533
292449077 798246667
792085350 141214559
730445851 274243423
166821231 811324127
122876814 190127723
255311745 39954737
614302041 326751541
345529082 45579553
878572248 99624271
161641370 433029439
114651032 351730417
843822281 822221347
588306298 863770373
645955341 911016341
490912121 571947403
243549884 618531671
247547661 140024083
720697921 522280333
83002250 135718567
211621379 752220263
351300989 692634619
195187473 636583243
396646701 331032847
181852833 391717241
449854011 9816959
52960346 584922577
746597099 164285507
723725347 848930729
85066438 479417333
584892470 336587857
507058998 9586909
59424659 609624181
177302680 899123941
312589940 884808737
242403610 867140101
993717468 383898499
550361807 836644283
202952871 21154997
303277660 162032669
123890903 68805559
387780817 188042047
834024636 715462843
838530759 771055063
594254825 397085581
761155108 740519603
329224064 429727927
381738985 986095837
280223320 302223149
74364477 746455817
292714722 405203951
440490307 87388307
36856923 486706357
755798991 842731843
632048609 912739511
933427820 159441319
398750002 710403097
3526549 724160369
290616747 77701769
613461664 632647583
652895999 916813397
222969815 975262499
384264595 595672951
901450330 568508701
821185213 775712009
525794454 44294981
398638253 743686547
889835749 999935957
806757084 547777663
607704540 79737223
26849853 809882287
240218758 13791277
688721803 207997403
409779206 234644153
362156564 325668803
524302817 564396809
334602832 58258639
520062390 990523531
912116290 657371641
709364424 257460977
133946542 327400019
27218263 494245331
58591153 114682507
568591720 541935467
312388303 5825903
468250917 703629727
570642592 795035251
849727977 86839351
411451453 859541357
181239744 641466031
223823868 661538243
888985019 476194319
252765671 3533707
481546484 260134939
829328602 849016759
179920803 821088511
232593497 749056123
459613108 842303453
999327112 905353201
589796110 667359383
709457676 378212227
245892748 372755909
713125544 547170271
612965494 414027269
587006330 742223759
326512473 842823461
655995783 400371887
415911358 60634309
444317143 815071121
256875083 449967521
981337241 856700503
939920388 608638439
870279727 159248933
33465594 333977141
427448104 42186719
631283153 287238227
170197825 283240579
582542351 33000931
648302340 852010531
165744604 383637251
892118836 716986117
425228940 655036111
158829599 97778479
420555679 201949057
125157602 86279549
438794376 403363393
715148603 118865239
868823211 75311213
63725354 762532151
809535398 558532643
762501413 993155491
639478623 217387193
123016405 247746749
234323161 643899661
808677811 73656449
938282491 873226589
213609174 573658817
542763395 833447213
200798594 76113239
757444806 6176207
356457115 544004899
300820482 755316901
878989429 119642153
292990045 585242509
58714117 136342237
722452495 60758069
451705983 360177679
647143618 832937173
579174877 734183657
105951413 614298523
622470705 376230853
976010492 217087583
168513661 892735111
332634134 972238187
577115357 170057981
197956965 839228389
701525966 271253117
997234095 161521499
187888887 14440901
447722587 610090457
645132367 287535541
999820336 950230121
598068770 932288737
340124442 526564183
81597074 779757617
35208031 47272367
668567819 159355061
13046534 206141569
887131755 718793599
162140033 213935461
881890635 294777817
676277867 559267531
643463589 689302829
171546685 458724053
396030274 108374153
47767008 478686997
120418744 286637041
827727733 164535857
531673261 874411399
742465037 556529863
642802741 843104789
630964765 951909383
411787021 311824661
893443399 910212077
399140070 901755397
247209642 171694903
172313791 96298843
769775893 77865443
570137402 110821219
265813024 628688869
537020306 904683107
121050798 929202377
386872403 120594967
242264019 145813783
728714098 642279013
108016925 95199623
263440694 186967601
38508342 134820331
877621318 77772817
128564173 95358217
852341357 311915311
431922755 908627987
998769543 650163821
425171179 161212879
336705235 916111477
759015559 373076147
1344811 485716573
816582038 697739321
965068437 674000567
832553296 18361487
486070780 532536593
979350562 205759571
307700815 289286227
547615239 898869511
154968195 148235071
924484680 985648901
308283926 92775827
809817388 671320877
316210225 565157473
860124925 620497343
735125820 199104029
548856109 22361489
316087966 65135141
319317797 9590557
282086115 125287933
221390139 569696441
611992040 753985409
793945428 411984737
141126889 665691911
186417022 304497209
861408590 320337631
769472825 486037393
318070791 163997101
859883476 291566437
526987112 552002951
294104115 625558709
79970300 213029321
394012988 244984823
104447760 329546863
440419947 430036583
480946527 270725209
165371626 120738967
21730362 724425271
592215678 820285979
91163504 364845731
227651778 156090533
637221353 350332589
143996666 58955539
116364454 250283597
141364280 570439321
780032930 662593391
284014716 392131717
635762119 841270897
665365697 548759647
988142711 153957887
28453297 15401317
233507295 615738671
638158524 263134799
689699897 93467851
155382281 799399709
606038798 918328417
657202986 544662973
975757719 56238997
878051357 125331919
951193642 316568957
559528492 226580923
583751096 871474057
444089327 302920279
714429502 29828411
663815497 667402271
238133012 338234867
99005264 864386053
266127562 794206667
415299887 639455231
489511427 275151743
254143402 911035387
594812352 240416963
193123765 204164021
671474255 594953813
701073086 88483673
380498921 27508963
69185951 723573157
378090158 241142959
507524384 155392543
404430575 4254277
849001201 48339043
268362822 646641013
40089602 474882299
712924431 895725799
533399088 984940787
985513962 260728409
471777520 324707533
400852530 443857003
830500193 513199789
500876506 121335257
258332969 194276513
557240479 830543201
321230940 980155763
59955501 1973507
820646138 658866757
737610675 180016703
766515405 24101549
66813066 193768039
498188568 501638477
814847319 202828793
40931540 7805009
59945471 560763407
816345647 249980987
504722730 534608357
157854692 546577459
335613920 919396333
287952708 71187679
324929913 262580341
392095377 2005943
109262442 442951429
507543661 287149
836093628 85295923
509286906 289193083
54887157 221670517
609961288 925733551
172812918 66894913
300797188 298734899
312695748 60815743
592788484 568107629
215767775 482026199
196088896 117556157
259914483 424755673
107153400 75036959
225845021 235418047
804191742 6971161
393121416 516225023
335373720 831244681
97753207 759529819
596692097 403992053
161210779 397652503
450234870 575296087
163418056 507015401
614754555 648393703
74927647 448899767
432250767 609223987
697203323 536098093
571725402 869118097
420430819 7400021
760260032 947330081
278512777 752748691
93789122 451496189
696101382 729533543
106961681 253493761
321403074 181681651
363318437 799241437
736711827 19595899
831275865 643364807
758993052 941842829
907206938 495410431
760141306 973650241
220925083 153247319
911398508 741216731
826785599 312853693
199418292 318560299
215674205 106935827
933971952 349336549
256658010 204316141
916121533 254886139
509041102 961156213
354231308 787104953
898164476 551437123
830947676 634196023
928713488 17441329
519790979 462187633
454911034 125555117
739350921 446006447
881268388 30509597
936121701 522574799
817890329 212546263
169780828 364173961
277317995 23475913
568146852 328462859
570824210 458201137
564003960 650449243
127752341 672912083
826488889 42973171
310260998 471325213
150572321 39574883
262887323 563621341
189730587 434813681
658724258 366813383
92555994 198448169
392038710 495980269
869629682 438238831
182464679 278266847
787500293 834151729
75679639 453142813
82408140 8854987
885974014 372172291
972650830 758295781
851610689 139438639
627634925 813550333
245663516 605308261
572644024 488184017
801165765 999420517
358772292 895757501
611850759 253044829
510656604 380236321
70015997 922783243
735762534 988031441
478738862 295111099
367089604 516010549
51388853 297739843
99968870 865803167
470555724 180019451
917122224 242893949
311319678 832518559
444218406 884894191
669017909 75854237
229685144 807652409
509429752 91797677
119308483 484066871
867416912 962670229
777081168 686803211
369364440 819286141
843347345 511013407
735050173 430925009
694321142 630139777
935861417 186217957
892082212 846932521
799594658 234734557
158985264 237490777
846285750 173684321
87754726 377244421
153746166 684511843
878226813 261808951
614744337 893810719
518221278 875947487
327385066 669604391
410344737 890182831
889436829 529754413
423557612 924229729
269206165 297575693
177478336 834380653
729704577 336646489
716457359 4791221
175348959 249080941
627934485 86605643
293558110 977072851
634595980 992460317
41416674 454447867
672640797 114333853
910173333 105285079
741471930 792009847
220031035 355928737
190693414 520380943
246308461 388662563
1736214 175558037
929677528 370587169
231807043 352824383
377345690 883381949
883918256 210259739
34780937 905444819
236451548 359084597
313467840 848699317
994416804 719810197
389957763 428587477
325613245 742457603
336726002 147797513
886950853 222937427
243696921 380680043
705835343 532354703
432821902 57119071
266095622 457914427
162171388 527761847
548372218 388045223
742946759 90469451
817313327 950694739
768702417 365106403
774207390 209411953
415925867 943275271
575687502 564539023
340325965 70413853
30497140 491072321
340937877 920140751
102423423 113971577
760307854 288408143
435910243 868832143
753881013 898606669
887905225 177468881
475592264 11589341
311679554 386755409
262200298 417224683
852752568 805836043
699914135 303282487
284813182 368183551
765416626 617707787
737615154 505708321
287880709 350838601
629678114 644675561
490932669 403455497
609260179 483456209
882696764 709888351
53209532 579857441
605447680 276902917
417832701 650165611
714842308 538991213
617107300 97101143
165685739 39829219
980562244 836110003
627702504 510953489
747060249 181510447
645515616 373281763
710798623 843399097
571792662 150626761
272129624 163375111
475107895 592293127
602776347 167700523
447845546 658407187
133505573 641403187
749849331 30572963
105081365 663693431
112883840 408991139
788499035 265023127
582372141 167091479
912560457 126224243
849565161 795276319
109635220 245979599
700368513 584589407
648130788 345214939
877344334 343080329
127413565 227864563
494288775 818244523
219260050 226262549
231122006 408291287
835743556 90832639
595022519 865806091
425880916 543968597
461875769 204171833
120536386 295484869
287920630 365662207
161680434 716566483
10745629 715397797
538629339 125559919
702524735 874442903
710554283 308840393
4758408 950196563
911963534 610034723
326261056 750557167
430599825 598390591
984723035 173058293
575267053 259425697
559842600 785456983
652094512 292495067
79930511 137887657
151779077 34369697
507979491 940874867
428550573 719688917
149455815 306812677
112450254 936789739
822676654 660592013
440087301 476065327
832662649 491651233
312668356 206026603
748906668 620136821
480667878 186386923
134339015 948873719
429006474 653771929
151322469 333651691
550550568 404587543
292592739 725970997
828731138 529980959
230319312 513062383
635756170 24092851
624918000 633334109
441754376 620608819
217323826 962239171
488416441 767970233
388552386 283055501
244361577 13624319
231723931 300848351
662944151 733963829
597411306 282293059
6309072 572095523
841105391 401389463
785225292 698582947
33709157 109350559
457199616 341508403
233256437 537954449
209735595 510908527
504280201 880388279
947683790 945189611
164330431 513337723
26213730 22065203
80326995 887265443
584979110 572828449
535444453 867139517
75828630 835612111
37084478 3733211
104387876 386548433
65209922 729344779
918711186 605613103
465566985 507130139
374092330 179511121
992143659 569366531
691778883 646282627
432319673 207431899
897465528 134162747
121667051 881846129
44192336 877626823
34210122 277362671
393836612 265922563
458270197 248464823
109790475 21252211
381186817 369599341
647310531 962413651
442985115 198024011
85967308 580680887
377236733 922072427
265010 793192607
911359946 506382131
372156393 892015807
492770610 101558393
873284243 106739471
395379313 802091749
694541024 396683233
760312120 749121679
952070513 246208751
281212132 316566433
877712391 143034811
541939809 108250861
548600212 35710061
542232423 672943253
298919297 661010347
256618786 633267319
352157875 651468661
49921197 285554519
881983011 912483587
226035501 475786147
768314585 242162057
537563895 192174547
455934998 205551767
149267703 255163823
80063305 933764551
779542748 249175361
58818374 182622809
698394566 579667579
856456505 924034229
840043872 967821013
858720787 321150593
549453059 275984143
556240389 991364359
718091814 863184131
787019705 272509987
126468217 801191731
769683843 247209379
570550655 535902439
146345506 957920731
980246146 555275759
944147122 600843757
389241413 815074157
223438481 372257713
597596265 91298101
707809427 296408219
187148469 544274069
301539694 536645191
444512105 34284389
202777514 506905559
955561480 322157699
180501224 50585837
774792567 157888201
649606919 259078493
462383955 197563187
157731223 520721777
701511488 97396867
822052507 568943927
387506090 180525299
108556019 184915723
453272642 33467449
515657157 245204227
452887209 457613509
547842026 209572151
891279334 599638609
282535890 529517423
986806958 791526971
679075793 139214077
270059767 508239001
141913406 31752907
14724613 793583779
325320396 668500909
621100689 647395747
250395633 634209581
450532505 854449289
658358574 153223451
937110912 295524629
38024425 316504921
317979737 38014219
746201273 80486479
818627134 924400957
238650106 244919677
999219971 158845021
632725081 429932339
542761631 722744887
251466259 846540787
33461248 113950103
943765240 36404581
621811814 212691571
377183845 224230717
625529935 541093783
726378163 494581387
489623362 808349261
379275587 420652871
374940361 365139647
93067865 275925887
207906742 376640323
8932732 274421593
55129354 8608861
939391969 602976631
152641736 458886919
162893742 785752549
198681547 346874911
106616181 359732297
665315059 612499427
550478726 861063241
412692832 158035849
864099302 297413449
194668419 943002961
127991689 230977631
958291274 344160871
305412651 281506661
461529434 964983823
824035909 232717171
356103379 250449487
972824181 559363421
473248475 582160457
970713078 391461419
686925926 538565939
495713350 303966853
443239575 530960237
806206695 322120423
204072659 833564533
434650093 484080193
307326652 881632771
729333705 803076691
426629674 420493457
351206138 971268511
27466757 109624061
636314639 293492123
172648149 124463827
646768049 445807157
951120357 30223559
939885227 899877413
885024806 96363847
759037213 419722063
32391984 474812797
324641763 961223321
646103197 480179783
492448715 667509851
932661138 239682901
620490855 306133559
272963379 793443031
872177637 115982063
611231736 558313079
305459006 266357081
315294980 403521953
628268886 788738413
451699572 517506701
7738350 317739349
569226942 822298661
235805848 801980539
596199270 487468181
263906855 485581091
732141179 953494039
408107400 243473089
722569270 544063297
663710503 689491193
770848690 132597097
33084442 433835179
314499255 374347877
7394805 781656833
423076937 251978693
437522362 674719207
941506349 557856391
938423303 270599033
238640993 330561059
381855464 134047709
875824642 472126511
87781510 295708141
583345199 73380031
951821732 825927689
608428642 590046647
94601963 718937071
117630210 217573819
154063203 265813567
41432636 156318809
548111339 501041939
141110838 675948157
514427864 677002957
975646525 245379749
155418928 189936403
378083646 117727471
896248389 279498301
963442484 472084861
962211128 26419817
69562251 425072477
155655205 679464451
798503545 811638151
202822343 247900487
30728316 285105593
333396699 546002309
214939545 78476399
423809989 417899269
262418198 241064221
754600855 494636533
493803598 161697611
419984822 240225463
788271052 598538557
410765055 124268887
660074727 712249547
27595257 2332691
842285155 727056779
459445001 785940101
232530472 203614093
930499524 466844699
629425835 833525293
606556472 197847211
381929421 125088043
371383520 517088623
168153151 14061599
396480617 334446017
914413091 883084099
861422093 33052963
920053880 65498747
108831109 750035311
977148529 397160833
789514982 922158199
348546171 151997623
53175763 569475241
171436071 621858043
529565444 90078871
242931176 824774777
739830677 439016429
825353833 652002319
905921762 201122527
291030314 343882811
388556058 2542187
292801482 127660537
207272514 367562719
531768232 806540767
292224633 287065811
6339468 874293097
213880044 841742729
498896585 523856477
555958102 291855973
538992064 788589577
856734953 391264829
790965932 188413751
393258520 270797411
212927017 994370213
455118204 115351787
775711427 139312937
718220123 119055479
293676917 227286469
579184556 596256457
30921860 110467289
774916931 223456781
992398794 888692509
161481530 980747687
189918295 154699999
359620197 222098549
556300467 179767849
186861754 277017101
924632336 919742741
670220408 151545791
702817127 498904943
632712536 525871991
45269744 812245589
648263478 778346123
981803520 666137111
417544385 965654351
717172941 955192283
708785357 532456669
896340969 620550929
339352221 171706207
904928179 968547487
326521919 653953759
989712848 784406489
700779769 445599481
29921721 743567477
288606470 59674781
765333966 157632829
152718367 673664861
879058393 564389041
154912214 38010341
776000699 416033921
855662549 517138859
191369162 610004777
760882568 496466801
41050760 541055089
22402578 982423571
847217267 292159129
71861179 134523317
535451585 808982309
731395137 166799203
448108401 323030287
118515253 87921763
756535917 756192401
19914374 253219457
385581576 110558137
883461472 702995477
743186457 755198351
214783123 964017661
557920230 21894737
19077998 927495421
639963460 104001773
883528208 442486337
313090337 765114011
304314381 893529641
80452026 42412277
870976381 473931571
786433823 833364523
136618696 156161261
265789241 299321851
529341682 457552621
590967208 764359307
927398990 937292549
56472054 771242819
554272105 231086153
172727013 599431289
756584191 292559303
445469988 357166171
175643345 612059387
580323634 62701633
373388685 444346363
922595777 252179033
661624101 353390987
496264651 544840183
891185372 102985573
728020069 630411713
269722968 461255807
286893932 238218017
953213619 521048981
359429016 645913867
313537651 221455259
706715099 329470679
254972340 614523947
651015416 391899311
242402516 169235819
904841080 57994819
760195857 891390793
460871145 250852013
877829759 953897053
169318037 448026463
148547331 154997341
371128433 292677689
910819632 746441557
396113756 131510161
205294344 100717553
459094420 925605467
516711957 354854587
801545819 413014907
282420659 719824993
706068275 600658021
183426745 690165277
293894799 366664849
103031693 254345621
743341914 749082053
462057561 192590609
435559443 78954157
919037791 74031973
574457366 663459409
240544445 360551131
107047219 296057557
476428968 927298997
885293619 30889097
262642938 707102287
267207943 74289023
277657257 125890277
226112489 110108749
592783784 545251589
969560307 268536689
344307738 34375709
104107142 222090257
815891937 736905347
765786912 408228211
592265339 973366367
169820852 486715291
565660683 166581461
188060463 451220089
461574339 145884209
354992072 786900151
740751937 994655479
705241708 177898661
248037920 487473373
952829035 213248557
914828353 818377853
260477015 146743603
85720274 863994139
92313497 158091851
536034895 107107409
444238117 378088817
685404984 586871759
982430686 188057993
253331545 994364003
106577567 312870443
795484760 91368289
323311294 77615809
295659843 66719417
808170602 322018243
518414691 34990897
952121612 878660837
360159724 906404867
647768945 404300881
745166422 565560277
720790402 503421761
610851350 262951813
903272269 544495429
530952146 20795609
9924737 328348261
520820847 272592883
850530721 730352353
590074166 282008941
446499941 222248683
929381007 966276737
737802677 809457713
5983611 125243719
38619284 747836003
373059613 758212907
428641870 778035989
481094581 988552163
48228339 768973663
200829357 475788917
946592143 497616131
921140413 403483781
510502208 10397993
810756773 400378523
937713699 654507151
548152555 248026483
837540377 30383531
409744844 195140723
952038884 966072001
514633747 295322191
714941798 558975943
508685720 436283363
941390736 814771247
152791465 156283217
862405049 377105117
639652949 262504997
700272536 509101679
54896563 58498051
269176857 523264669
991846773 587758943
431782640 480583657
70141015 25215979
471634047 547792199
133501175 855863377
913448730 430391513
97792715 299751311
977513326 34441739
788344206 249409801
216900932 9414001
628456492 705702653
915558803 229091257
240146550 955468567
300220421 99740941
151938635 133097683
701487488 134231579
659542785 375315877
262068683 993628357
251194066 994359703
159820558 21743921
983029147 546875891
110769370 188901221
514357785 283048001
483393553 291965893
615175925 238702571
975226119 396790307
805374341 842393179
28069031 955310651
231758153 744779239
188892108 185524399
981602860 423808213
702890165 190010543
768462116 966743917
438306562 592509563
485656003 393145229
275100655 647477791
473937042 962194721
718393981 281589883
367620161 542931211
731761376 688953389
963830916 167019071
934506446 103333127
992471975 641350277
242263384 479947703
23374157 457839077
136402835 272629871
841971055 730262327
921003287 11009041
768147635 731094851
284695751 662093599
465490067 549042817
263499612 879741227
944177853 956771041
556208389 245442389
772693230 314128697
2577445 907183831
735854461 53025733
732064764 964132733
576620484 539764283
49596423 605609687
534083273 135753649
854977069 487881899
599657173 290762249
504132258 882068857
755189874 289427767
552836737 743957633
267446121 87773999
915808025 529470551
242717641 100945391
910842758 906289763
888338834 261948301
223608607 827636519
422332239 445347241
453687061 674686471
261965832 765951191
223441589 900843661
168162073 305743891
159496399 58208803
270645663 527521927
823020606 557965693
341050138 834933329
487937560 386672129
240075175 960795991
264884939 702531553
340194909 990154349
873872033 705642559
977448049 66170113
927943623 872644211
800121783 156779047
276714103 149683987
235347657 212540179
556988033 291069503
52313862 37019303
759401150 171626933
94398897 228582803
86541054 307860587
486680683 735621781
482751396 861703823
183137114 351888193
506966770 908686237
794034676 73481927
61025090 917205979
592448853 11367821
166506693 558262777
197981675 507572729
962949738 827427499
281224719 215846339
697966448 687184051
556923971 156862817
46405380 97371011
139885872 861927107
43962617 598982911
620705174 725174819
556206583 741162271
333546134 501455359
338475566 988498999
489256753 237615659
251024852 674924617
948911182 809916713
840409961 526458929
352189099 921621457
774225021 991774703
798334173 908756869
182680775 108461047
411844804 354223879
569709050 523206923
617430926 68210809
147657317 331005253
947196257 13463467
837219449 890270053
255900146 299388863
490747296 766181831
259550828 933330031
271167745 400594823
254716662 582175331
133721859 774394661
376401975 66592007
277333323 257427623
471997136 52588489
114100508 253021709
994012120 103801811
81677896 489573947
61515999 824009861
947415507 342029593
496182453 521748757
692993662 862411357
357260798 714098849
769240967 30989687
312687895 82941017
585337359 949663049
828134091 28271179
303925963 762963329
993314175 731258081
221551925 18757549
338045387 223046051
666020261 283062761
316017007 283524391
254233341 503963611
42141919 729834487
578497419 277941731
834757757 257543089
717443486 981341129
73239161 652156357
133213013 248087179
333704465 650499503
136508696 643396531
53459459 954232999
33998151 348493477
816586526 164865499
706442612 417496231
967469601 82145353
227610176 4453451
819402043 705317209
948727717 163583143
61183883 178154857
699931047 493301383
85718251 503603809
358984734 4731341
205252219 619941997
401780921 519650297
642185603 998414203
408287129 466628479
947942212 822812609
242428691 190607929
340184172 286657421
53458345 735766637
408949365 188508871
871422502 181290331
720097770 635160179
522786877 352071859
518401116 852206353
152127587 339898631
630334173 27064007
52183898 805095001
747866152 546455449
632039018 980611537
155643038 862353127
79414612 557341391
187992618 571988101
644383248 706410773
298711888 922798027
35262295 309432091
225525380 216810059
158012510 210264911
533954575 338867759
852433484 366461983
349527530 229236169
959525176 325136521
334634779 525632141
131237293 184302673
568688589 318641101
211942288 941580119
17638887 283920187
309224268 427838717
265384665 65656961
511750284 141019363
688520101 809302471
895123172 614589581
245178894 57624643
958276574 124515217
270043756 256683367
814361056 179466379
239609992 155352521
955575195 988877
798049878 123890777
85163803 138004703
28716350 510798313
950730165 837697951
821023944 557235703
203877558 711089663
566514710 249093521
567915971 693305029
303401363 175721797
173921201 735773677
262098946 977081519
93052415 175237507
112285334 978001841
163909042 270715927
573141032 226805801
252311684 936738277
114131163 589826597
411440275 894780797
391274405 959592349
190615362 830304569
292437715 384444079
971646710 990099683
209621372 895507763
885939296 978332753
603923922 36535963
851379930 344164829
125194028 319343669
244669720 951517979
774145631 169711123
188975128 61231063
382859604 109898629
287146653 70634087
650778885 932096443
136721925 480159401
25877234 503053703
219855012 904211599
237122254 841242109
466921850 791842231
517614953 165898331
955509356 73239499
104132828 623946863
198206527 327715343
372999159 661770041
10908008 764587567
110897390 5387387
162094807 457198141
137029531 131841823
651854397 421854817
274543395 237494333
762705695 62603551
697916106 256162157
452210634 330826201
42775360 567447571
988126653 888781511
84726937 444893737
962121019 121529819
834815123 12283727
222676047 420658429
773852484 311552041
623550886 365299867
514720609 906493691
583471672 131112649
46311517 777659717
715799859 516174479
439649467 1952833
375346848 43940929
946007786 368002153
717292359 925027561
974061731 854896037
162350368 35339251
660763312 125623639
214240952 158686739
903781000 501139349
16691851 102821009
87460514 13737457
230721782 331974641
48693760 646813547
410037018 188996617
650700017 208611779
636936112 314957761
768231094 110717023
147208423 512249641
197458713 626782951
942137505 254336993
818736572 95060963
920501161 260747633
867684924 90571489
188650183 190203367
547606857 928314119
365868835 686426011
143261978 217224697
232777450 542206921
118780995 3084377
220963493 355237247
841610578 372767191
999040565 889950389
516313260 383238503
261920373 570998009
476245504 665707697
99367567 944182271
252869347 728359363
219424357 669214771
646219638 664868189
4943070 930789059
788946853 134393999
630810585 316863299
145066470 3020327
754281591 948663943
200712 249445337
360483910 850857923
349012187 58352911
637138035 720688229
395375810 474584183
608327747 709783339
5510200 623365361
37832456 388889453
308894907 288726959
269748214 145790503
162351784 655923847
965848921 932181581
111626201 729164599
606016432 336301117
237678846 117669557
119723029 109307959
15631547 736621637
799627085 241238071
203629031 565309729
338650682 351676859
128440352 301068161
20610246 139079719
525589527 371087671
441786168 11282671
332932886 808633571
911482946 450715831
957537749 574156399
660426345 95852087
946421332 196582223
2017841 943799419
433768751 34355311
59054853 276230543
559568036 120837539
115681403 752470013
535810222 52985423
420745432 558645287
977495700 69805313
419738387 148506119
51030324 389743883
37796151 761756603
149496993 818006671
767647334 175608091
46394140 294109177
290458881 677813111
241795933 743160601
840988619 256212527
64981182 823192991
306315320 864254453
783710040 752032201
948452084 429866599
438914465 553018649
241043565 537089573
769002240 504010999
85291267 928572851
658281856 696351869
284707017 289160747
899919072 79124083
805217705 923159683
188447270 599508523
417197138 592889131
425238190 238510609
495167712 637856717
670925174 908624191
517303540 420332921
100512229 658515127
379500519 48535933
606246893 126258281
250788352 372656629
230343933 464492537
119694648 139186843
923928695 75443107
186872847 928920107
361740851 83195089
448131803 310559219
325839269 718522823
640463448 372559237
497699232 228848111
182677711 257659673
67831261 697330811
466017758 115601753
661745460 275464237
234164161 351606659
391999167 244979827
694541731 287696681
849998943 763289897
218288633 327845299
442533362 166919147
9070161 251109589
860282831 469709827
39470725 497709239
7559800 296957197
721578986 702721949
240767214 493107751
597297525 423074527
191718992 7018639
208134820 730786817
359985993 296836159
554479914 593028811
700391686 996825281
938801347 851138293
359588415 766704311
123144158 561842131
726255056 295903771
122431035 579344357
712357769 274611739
843079264 1312601
757254817 970942337
947352965 292310107
815429975 560652023
644427394 569893889
542222892 459469949
635907440 137899471
422064056 946249583
568116642 615330167
748627619 204540239
563280158 381349427
138411678 990072481
906696672 37972021
967733216 157990421
501586336 47009147
1378524 467360741
224726292 599427151
261349097 478165531
62175095 609778531
889658190 629495117
847423105 249480269
552226072 533399467
356558572 164083277
370656547 702685471
583496937 732971053
645690223 309730921
298806543 519738137
867933416 983232661
815386306 98646127
386728857 168672601
167597015 916501277
