1572
165855986 896481121
525394156 24440233
496336257 237830213
167793519 531994469
793658142 755314397
966905551 253024229
49699067 916969343
771176953 911645359
120019412 501916241
986143088 890341259
486113867 715446131
75550930 236878151
171299315 220535129
377838449 76435421
913923350 595117637
446252583 524628521
676953874 290710627
283493467 791350841
874189364 382588379
840393876 379875827
641040677 444752093
761060495 782694083
213598938 462384007
724172544 358483691
283163907 604808041
804806665 517369141
154325744 956733137
682006066 858765679
634328801 929211319
133747036 945503549
437230458 43336421
910394811 334747513
258994045 510281063
860663546 133287811
802786752 256163693
209616086 30195727
612410251 290556023
636609965 929000399
877876493 647087747
22102848 171012227
923822122 410585803
975709016 251130553
45950703 792428807
944866161 429943147
961155838 471088643
669050501 210835907
319276141 340789093
303804568 222815969
891728469 225507323
608029032 586305917
69153274 651329171
977260487 63568639
674356429 525233143
633075538 808082237
703589532 212795329
973869089 590002793
425563883 353438783
155872620 863716277
25123374 24311059
300923962 173404321
142218271 162303269
790858220 648919181
361039535 45526991
977989321 373664593
384414121 659257057
763184043 117396281
596994386 950983331
41189657 81846847
301307849 308774087
834252721 791408911
418309139 708696013
263270085 65881199
538474043 113196893
148304616 362196137
225000179 323438671
239572695 402217759
307676848 37476947
240387755 75769013
407920508 377221223
555086222 250065217
426080746 776925299
921265067 719759143
116208755 811234889
11914041 516857573
777608037 253206623
150253779 459707737
496260390 42995473
337922350 295728149
159533916 557565377
485454786 2117971
921480091 584034943
957925962 144385753
263967609 282992429
581738466 610683751
907360190 466954459
187990545 142303163
526238163 635068523
987132041 523731431
903096679 30423709
57158206 19053367
139677766 707420647
630909480 41607773
740132172 433633
266972504 668145539
913774951 947150431
746256792 175333247
874876048 206810743
689800868 109360109
812429236 303117613
305717 6975799
109952817 683824517
547533297 229902671
657421082 193598189
159100887 267131797
684771445 57695483
613309282 424856431
125794497 304202519
258766489 27662863
42979454 818839199
127176288 802394239
604591314 168931747
551995766 312978851
256550279 812450803
279760059 160029769
704133444 736977739
864031608 980802461
694583989 977570047
215309813 686284853
277451914 610508099
710091565 164524663
200144088 130833127
515942572 736788167
64315883 569100641
161074425 387533117
324944643 207244211
526887703 492743369
159019317 927510907
398837410 537791453
539683074 95958449
634109949 20565521
402936730 37007869
32519285 257854763
572802776 19590563
878201003 998464997
199137709 656113153
709982612 496912127
715974062 247515473
202556278 650267521
413606796 897365297
725111280 197074057
405055408 881610601
816299372 156591007
358579600 211382449
79299402 35643131
334039926 412916431
523948959 117187751
888650456 693237901
685423701 66469409
504611064 484331597
468551225 132326371
333684365 353754893
711666293 402065431
57712957 175195771
405347673 96417241
328390515 883842539
862972058 637411459
673474764 435863227
112465567 105008557
307163392 620852117
607333750 776325733
134287101 691457969
491803214 572597147
537485952 703698161
359814374 504127831
91513990 866471059
658735290 959399627
590302359 450677347
297340967 262523117
83609907 405969679
697885514 741513793
379154273 891588163
407898800 403563803
261954914 336067013
316679714 367689703
75086977 491457061
37470594 585741353
797656860 571875701
955120236 540745039
935006120 479187601
947463886 267973501
729649458 185988227
315082331 624670573
619558279 470273789
706512373 253575827
656568423 83683681
551622567 710809237
119301522 142180993
780462698 717770519
340474498 128848037
217417661 201800771
533323679 411702077
133078864 211673491
198248326 42091781
228331574 626343307
676176148 209413411
54815611 27449159
671183724 459756911
665646388 132430201
977500925 372896593
53362972 626783
363983016 116900689
408367309 706370531
191983796 874422509
846857531 525618593
74518941 802850921
275258253 431232229
988557296 137569189
610269691 330532157
957822689 451301783
554249782 985160303
152115436 51182213
880165692 951656003
629538046 552352267
604346648 809728261
569786555 650912329
125958147 207180977
123591839 173603827
894764661 531648077
452439806 529997471
508392326 744512753
971207213 578288177
315258091 383673427
871197277 288321779
86400377 865338157
980123749 20841241
736715230 756172421
247064251 484122059
211570786 172475339
509699132 47578493
644473666 984068209
772408743 621124037
888668385 741697937
50388742 125311861
887221349 681245701
106484335 74135921
919920207 650203327
182809459 52725529
672912744 670653871
23610601 18239773
515035532 130144093
550102358 508967191
46973515 9131219
637020895 531850427
709454796 234289357
885948541 653263661
880017945 67870571
633044203 142527263
105185733 714623549
635046136 922427819
933863358 481954411
707876833 696493183
907900789 472921721
588919382 544344511
385037761 544465067
33398406 567485741
465427809 813367931
956444062 266640397
498028091 424028167
211035672 733306621
968296813 854092567
488486640 921989623
52739134 46022209
33720929 348828283
284290337 160065361
394317458 471652439
912028241 378986327
225388550 523767529
254633117 964189139
617317484 49552961
656858354 311709989
546479501 173744443
95389889 168855131
241063261 843232309
602218984 406960997
923827651 783971339
450731565 171977213
133907026 156360053
404641024 403662863
320208577 798926701
262198405 25246217
957040187 368563873
145291760 909958111
395598140 547091791
896598638 444120451
131874192 589272319
167316560 165119041
776621490 224974709
630058053 44912089
671428981 85054531
631093578 760875347
609665643 426579523
143552237 655653001
798023264 66666059
705899045 72412973
547774291 940456973
308320391 377299211
255381648 143699329
250794578 813640313
527803377 393267991
329779299 189827023
780216155 713306437
975564985 452449513
25054099 418648591
940552767 987704693
697151513 887632093
467606616 305720243
573586558 54807923
449887007 113421817
673589880 14137199
847100266 114274829
928682461 129724459
55078667 966392023
415535288 339036569
886464376 334412527
872121960 860436727
93652103 645779669
626367465 141291499
507574434 75971263
710915157 700104793
166690217 986696033
824637497 107673347
367233302 390983531
175960485 576664601
858165741 735795637
410464448 943575343
106177078 177909409
659611569 807613013
105009364 838168273
340817333 475339531
619442067 99319993
771622950 152780587
341289482 240926269
727179605 633244253
388627613 252253321
484495952 226874071
307457928 377382347
891917309 864025121
549106574 844199207
147189146 2555011
55846056 543648143
505341793 892850873
681634314 351527543
643710303 533411479
440224721 767136311
924513243 75688703
92896523 322175339
377128616 374262527
848807960 234166367
559504693 217074349
701240016 477161051
153224440 682172951
355665543 260818553
123271158 748926949
558402065 417026483
178652287 7117483
101001496 513006581
832781579 141533563
525643214 452650579
396013473 258851389
743310327 75172469
219706683 465730163
159288639 641101273
856142583 106002359
190398820 492534871
516896482 279957917
931183258 22287413
180277406 267788779
865762314 809260847
146458818 369270457
660270769 178430633
640412645 530437871
774900057 482177407
158592789 655959341
277705077 814291069
91654804 104374031
745027605 654456683
698849000 107680709
905997421 963339407
682782322 197676907
970830299 153829127
985955743 268763177
165955248 560387417
441413484 555991063
217215960 904227419
718087173 703106161
820893049 291348259
587265702 134202979
252373026 840228751
463629288 661213153
306539220 162951781
646945095 564418537
907427287 266069107
471585648 762543731
576666065 762387713
88427857 100270279
619473265 808295041
540294419 7197353
37707947 925655251
472882707 192186073
282228561 303652931
347017661 355481023
780884117 464308963
356530705 140259607
619760046 862376951
329517071 904805549
876493279 644976403
127693807 764765731
562006462 549712157
579276863 757681711
15309229 611112191
348069096 225612601
159911041 828591437
6156515 968333299
726891467 902547257
175861002 145276799
520433078 549185759
301140294 556223951
975703516 263711171
134617591 522591787
712772500 675156817
513034969 497420227
997429220 822997759
710142565 31489
756231562 447766741
287231038 251215859
504824205 294109229
350530317 465213253
669117464 231995459
400974897 168402373
482113794 650876329
261835926 31647991
715585365 733671889
116225855 212918701
799430223 548220767
702566380 389364791
798997622 625290571
698066135 202314503
912070468 989601211
157953237 686625757
609327284 417331771
15027262 561792131
260614324 15656887
276454017 656274551
598308282 59684437
17957911 216602453
94618714 154921831
13407779 496445189
800815289 57490861
924986815 435232939
291327118 578270839
658939453 55752127
323468429 537722777
965239523 897506641
487274746 67356899
365022240 747632329
407051394 283324969
603568627 533841097
46054362 90802891
648798984 844224571
402770467 876144673
203180478 948464827
816327064 914368313
444297816 892716893
83642568 430603933
406041810 398616199
377261412 683938163
807876219 110646089
550864747 312599429
459622255 397745501
108769556 396271763
586132629 768695909
761197376 358904003
134846443 5791901
184822036 2807929
686531454 265998697
902166253 247407701
550306898 630054367
3931688 126748471
53987568 536348123
770825955 553852583
251213883 624147079
331760450 618231217
226715132 631891859
841216257 66698707
316637078 258785941
867493201 377870491
551887487 542853281
130661753 766773863
904329808 253975247
310534340 446434753
158428226 122943307
476342578 378668483
952820063 577360937
510615431 48514759
952259346 815387557
149441263 776240411
474210047 607376339
760854464 627098399
235344950 789730439
879405951 445449607
133781491 300338579
28161298 206563213
536119218 755569153
269124784 264830299
256261357 60658243
864644233 209332789
747774578 128543951
123684605 916391911
210246268 929542459
527413947 178335361
797747209 26436031
284092925 312847967
47105652 942603397
395800031 731569667
440393374 298429357
566066778 855551287
528867 135479693
959155843 98649709
310855066 236356297
191161291 573317629
466313632 20927317
874722690 34593617
886020272 554167183
265818064 502270207
19378304 195947827
890817115 498982073
147901829 552735361
377466642 404818741
500532810 113522459
497987804 221982577
100357851 642072929
818411077 691273291
266525344 596418527
265525943 455655601
502386357 267485149
404379755 565259341
765665437 38157013
827253824 77651809
751833336 803479471
601693469 473509433
624757017 838987637
496914130 153134077
823726280 541224997
89640260 236776817
815662699 217856627
385670828 448747417
691908501 482486261
785299167 646151573
158063466 679795769
689259657 632462591
675814540 226438679
918125108 195666187
963718576 905392487
291214054 62219723
178694045 608426813
589769350 470455847
885247817 478849361
47866980 814121131
264111573 246162733
202551921 307264379
714807270 716573779
66682206 306700409
454389388 718965341
681958320 435159089
979562122 893472311
92245714 830802809
689493636 272732611
376352551 285521513
702497567 810153143
54938427 720266329
308924769 274781077
51806280 836417147
836085131 475740613
32413418 829476911
630532661 379451923
57145825 397549813
68199673 187626211
550275850 238629997
346441959 521833831
76130681 361781767
669347071 73397473
744193659 315875311
555262775 429717241
637059901 26900989
96840629 210026923
572345770 963793249
307421613 250656473
99987423 286168661
847805950 893711411
126939438 395517799
765145560 884385731
332179105 446788609
123569615 631792571
137030964 549461713
755281214 53834783
80741450 548658463
211231176 511602521
905480503 310035127
665160062 471960631
472944697 967067917
317450166 871163869
39914421 139121561
845135235 418125739
570792478 867806851
213570459 782357549
414722683 69720289
727681603 293314159
297365293 817421677
447346015 213177031
667011898 280529779
767138932 574780529
104070638 370985257
549022595 697568609
419841372 113769647
17809987 628517143
979768105 567996749
796160076 226325611
753197821 65551601
861308355 888400321
543557398 549498269
697330389 96943031
803185757 854087869
598953794 54006241
464964234 760648787
14623667 198975269
639970304 964510607
508279671 398504149
538309670 210120959
572030907 132757721
314940134 360213817
679685145 248542367
683312058 782854729
876024133 199162549
356427047 191859517
418908841 48684089
547280178 520948069
672268729 92769973
855799233 76472479
664007776 154186993
170489889 233238961
556309068 965533993
587095607 507539297
857946176 164839247
312986294 819866249
439569945 177146357
329929716 555089303
959327314 470710363
457143845 491784499
65681495 457194043
80589010 422987377
210226186 238531477
65468591 231971879
211958499 287506939
163367514 967042469
646909063 679334771
262106559 280860491
861430310 796001611
981077833 616826429
760103829 993359693
160620271 965235259
559142538 31453823
15238757 544459103
754950992 367008581
647371486 416276779
389638419 662235269
797940938 141721949
345413116 194695349
359658594 212954639
789387186 43893569
827029428 207961337
584142508 779738347
303671268 429762631
253120509 62690261
102601097 151555793
152690442 772630447
10663978 261775823
842285488 975470653
667252812 354681907
587791975 431317619
656183115 202239007
67628601 847912613
949291474 829497283
885356606 895348721
309438678 247847393
937685907 394607971
104115151 317700847
473941658 415223539
103643520 90477007
198890978 617790179
64051522 253289903
791418262 753371323
256911983 63980341
280210060 925922057
694801248 217263929
366486025 367332247
939867746 436915837
336764452 745886831
92333219 313904021
735813424 198681671
148721974 115241507
781720054 860231587
236897332 204344773
86229319 600064063
892807632 500176687
73615519 521663201
571456721 156016213
904514104 51194879
374794931 781587071
732184595 298175921
839342837 780816391
240429386 179908867
116849832 697319599
6703291 110200081
993279984 954855667
108174465 361473331
690251950 572800313
695427681 308898521
141539751 42153887
463341460 112577819
819501841 858028889
843547823 901585049
675385624 456122309
646494515 897496447
939698620 339986917
645677808 830435741
322793412 689377691
704112763 833839751
219388672 41784013
4005511 688819603
797699968 846283201
544136066 317562169
499440985 689872987
202446116 286692139
703594927 601239229
662414293 489871757
440179438 666949037
315503228 412237391
887975702 295469807
493218851 459818263
80274418 348149203
657694432 424877819
103207019 849804101
249018772 29316527
813151081 480888019
64822471 941476229
593898080 231714851
935866025 779487979
971853387 177740837
159446128 277552313
676500478 621088817
191817086 633315973
17265106 401879039
308272719 55619887
681644779 899889241
440056960 577752143
974874888 274237813
136805540 59604049
399408944 769499681
651810034 126219229
555461047 910524113
385832110 684056039
632928127 264562919
489500306 248565259
802514733 851058839
371096837 290522213
285099168 51472823
527005379 260644519
112641797 98828753
20642370 606579019
578549884 300647
204162780 344741797
356990291 163725743
432757360 285335333
639055793 483306167
706875323 111455749
860598171 20353603
468568784 99313499
13822284 585850037
92523820 266754997
788941208 541406573
966988811 702256103
139514731 894486323
812039248 968451349
814757904 718310731
825608452 500129437
688281026 773165009
44091030 19396339
250454653 375961951
895427476 61566709
657973422 323633389
261101373 35627357
961708139 984324017
847956404 835677053
625912319 133483307
75961228 866933839
145373763 710443453
242585020 692994857
4391344 34954001
858485419 76333949
691338439 1075469
853374780 485723767
769850733 381359177
72318937 47125943
311428973 196820573
655509484 458227507
545915931 8561041
453462561 691260421
112826317 675078991
965730202 668135821
953963253 286418983
956850971 267362401
724013315 155690201
39522067 345945923
556858095 158950549
103600278 256152037
638621421 482884697
813767618 745977587
354868618 333904903
866791750 168851503
379564807 49495801
538547971 229651943
308500386 822748967
682037560 299078863
634692098 90418687
471823353 73392703
636316082 203532601
306293449 509989211
726709248 281524261
172763519 793516001
727919252 68455649
807489491 925922993
7849558 892874167
763357103 112123663
109649935 509870707
148474795 621615517
679210638 172780849
706872408 43195421
175760980 866430973
160727159 608348407
827016630 84638747
136099695 79422697
584104753 777882353
720047610 142549721
785549222 701381411
260916943 571052231
551893693 311501009
947467384 768856577
480821551 175539521
866281223 38015729
255201446 237844553
887026239 6053407
399238844 166529749
247134716 367922417
475192012 632673109
490870699 644034023
745333589 745053307
327364074 524620903
838223198 10373647
731823898 457472117
898703649 675914819
535369012 540077441
494771579 765060217
770780598 220997383
87916636 36741121
556055534 806693057
344375425 60132019
899822982 22575923
161190811 271858309
616548375 682932893
241097972 377611807
908079 873187411
737634750 829945841
48328068 933129091
518829338 18225023
755266716 762127637
53921139 738295121
544358948 62867191
337203884 465157369
70987790 357661387
267647611 451636937
650807664 892439567
152884648 355475473
542404954 594314741
684758953 112512727
911191407 555406063
535316892 806150431
790647662 677469059
168109294 126777689
252724598 542656493
917566289 564034511
701671706 132766009
130569177 14587073
811884075 715498319
322745114 572112949
996431861 891452831
295305330 868787657
446991094 683392993
60519887 535398161
953409390 319834499
36145866 627067183
296939852 138449669
132463293 791650417
228652639 598249693
650588681 589476523
818437352 69596869
564087902 865262971
943277455 101123017
766734214 409099637
549272088 853438039
92796890 481730533
509192763 657314393
239035295 157752169
417021306 51799039
895859328 245275721
625430735 407203061
733563019 437945467
466698475 400791151
922729770 353182447
230154221 544097363
492882430 66688117
140689638 37400929
864058797 177751901
711788570 148454843
465868508 88235351
204661629 42207301
881205719 573197047
26081468 944747179
807324104 531981839
694642696 223735397
313534400 733461811
122340572 637470961
436564041 877594849
689422930 764108273
698081017 398542301
302621093 963675241
432196058 472446319
246658096 603618397
51670993 457632719
932853998 490697257
581694569 651102433
141595001 270617131
519410354 331179337
271130888 230435509
157243333 638716531
319049518 875038709
194877048 159206273
59682837 568987043
85036772 664995083
59372227 110450609
136557283 507525677
56990190 803937587
445042691 61636459
198087712 401758003
523775996 813782183
131090789 590231783
830346250 8563067
881566460 23026621
753355732 714001597
60725454 163332217
420841530 171691283
748231111 525983309
429938853 253029481
827422800 867767819
673646575 86232907
317436339 751411027
790974115 241667249
673176738 205015361
988604736 225402223
2098168 285299237
493575607 56426683
507002275 256671587
250875726 220229939
697183568 127246979
796014910 913237601
917312953 682840189
982729950 634970857
266823443 476285567
715408730 132496591
540015246 71628593
330448692 788458661
383395399 282081829
444930949 730580203
593627493 104832457
892679393 239238211
907872957 107207459
153620911 501798851
17772840 375061513
553750159 194470981
759073949 873520399
901920454 352601429
553275832 805710167
737372037 12865709
769205655 702066259
497084483 248197259
232903291 286829449
737045218 369242383
152670018 178155371
449674750 917719111
3131460 243191867
34155999 825275959
390088806 159095467
95180997 68316329
911241434 715430869
701343177 282213259
306701503 958834999
867110146 331755883
403525374 380512661
670186306 609933131
843438854 759257431
38941927 645345061
476632081 748865713
144047745 412040371
256957876 25226051
42881545 908414411
881841704 217240643
999304473 344931371
242486402 770937493
593500488 838570891
415421008 232832141
824015583 799530737
826568598 33675919
295377522 306034891
530515508 153215651
15533944 808452061
853016015 447629053
293217243 76940687
569165021 243437317
744643571 591573583
949439446 523761673
835181015 781808227
736071829 883245941
715698597 659842943
955285300 356147177
975465019 292588523
861697068 24698939
21776814 586485157
95165811 396144773
163121700 233553031
463866678 130941077
198797639 796128623
904780022 903190159
33251819 381893747
437530166 1810667
571943022 2406169
833916438 165229061
28112054 99859327
528513494 779362249
527628634 8954027
725171480 184750729
502236185 413285393
4957991 471990289
797284851 243671783
135641683 113515133
391489223 227198497
476707715 101905621
580795778 135656981
546408531 216030149
593420168 196473961
54819146 738973453
700636463 101702401
344184574 794316953
332106900 233077301
670499034 392106859
834432638 265128163
733209034 987795349
867326977 909862703
276847003 741140629
719760090 350938457
437223078 325311527
668079697 650718793
233864220 281739743
224140313 329298377
88489917 360117959
445989193 149736733
577133626 709176203
61044688 71344099
236011628 290507573
73552126 543610157
41245299 419120399
283015055 277939957
790238659 754231207
810355073 781854061
742032816 924220399
859809406 608312141
982236780 420014633
521739574 957508001
327102909 992657389
534794053 613156207
960564651 764594099
604033280 406312201
296423305 652162879
128468657 16663693
7421678 394715449
815177825 28230607
718193929 288835003
19149844 982555097
299498713 169184503
523597044 143711341
771778712 113014043
646866818 661106911
245546937 687528341
706340117 578553181
258285527 541783721
843845152 712405063
175132143 93554561
999431503 759506753
166265399 181620553
840244587 219268627
869779009 337648889
778100886 91278221
57792877 30914701
299417270 629336467
981875977 674272427
540711493 243117257
455894672 691001
358846507 549973799
58286142 77815471
146179056 486671929
121224864 410634871
86081725 3574817
104280526 235591163
511259880 976558391
351267783 284938609
523845979 492933313
808738641 123989233
41328845 938853299
33227324 787778281
828072190 392761339
84275866 521303023
211655761 303059873
485152145 752674409
818835539 917425727
766670081 33638701
387174630 526089601
915377568 133816499
687498761 269542019
296345557 750825407
417938146 702133829
66261873 248850583
429874819 793896197
902526727 252112639
751836227 447594097
491269125 187873997
176953511 625179091
97977160 815231237
782975032 399843307
661136889 454657543
793714234 606614777
641908713 730080667
418920862 15169369
599961987 428267789
401404673 289289387
658239875 344047303
682340744 982359893
640618383 638865509
11482408 393098833
711388642 710751133
794236179 494241793
259381133 847969747
989520134 265329703
89341473 128828659
509916005 385541867
211092813 247226669
815737404 861261937
141721635 57564841
2956824 728835397
577429277 392141333
115542002 572441533
166840877 649959769
33869748 808605911
314944558 287400523
968430677 411973693
392029754 377609719
799718306 63637111
196003155 319140937
716603170 803362103
508027374 149708921
995562969 46398841
802563182 701975629
690417756 58936117
111195992 179845759
386971202 267699937
522125399 545792551
649060550 739879981
114530105 355944649
96097765 416536709
414246123 672362909
875575567 755971709
757915769 840638971
84624642 118880191
276861987 917653921
328636858 694229069
759221995 148603999
925248402 192735313
62061851 969830657
163433114 369271241
760194834 282743543
88707999 287037629
503261501 153141497
727297988 226227233
948453530 494573293
723063176 38603371
33181907 17188081
704159737 638481941
186548370 159489977
684306090 669538759
137954762 579190921
717006607 244035433
58998485 157276937
466444333 153772639
103480979 102452107
713030923 547496737
158503186 209057533
695070104 653518519
215565432 95183419
213232868 445207649
818470287 257668153
688614674 363850901
32281721 46097813
463707339 934700321
882377948 430771931
766686822 507895261
677477810 913097707
158140569 181038443
637829915 215273899
209356844 238133719
857351070 28684417
473215972 240044171
691923337 780141419
892878676 6235519
952798531 242102173
406951930 440052343
449603797 423908489
173179595 95505481
420348235 12210791
570188235 478119749
799327697 478922173
168393719 58518169
676789883 565175267
596081568 217975129
208059121 205454261
815092183 819212903
597959671 761092589
583448491 107358197
320490957 166579801
264955646 802260059
466692192 180903343
335865923 848984783
812781318 286930067
255657977 182922821
377014064 775677787
697431010 777621479
452079215 221576231
447830849 962880431
772030658 87441899
465641904 667827757
626813845 762325219
207133780 580795277
53318448 521916289
600975266 348403217
809333631 218499847
103581732 624172319
798187328 986734897
966399049 757136551
77619374 546054781
801232138 627332093
84632545 37953001
383175756 86310577
461048142 233842493
419474740 74781221
596372354 391168703
872790291 286490263
404567413 625398209
97411213 386532401
724631875 97327453
465394543 905675371
804017734 624039953
776638765 277786559
148882752 706922219
470922500 914628163
668445918 162567121
106462502 534635063
531642167 176428729
608550354 653996221
266512130 920385919
19326013 794538893
242876633 962116237
442802146 768135031
556066614 83704807
11621352 269411551
948535085 518674147
620344334 267509681
39360361 240320407
259912441 891391463
665287055 439221997
899843363 599247709
724874183 397062587
324895722 204573023
737723506 737948509
312764002 447156251
77813634 128108633
336552754 31844243
550097713 300382703
17902510 305147021
182924217 228626681
231839369 359638093
791192019 260255621
352599191 473104217
885448099 415601657
381799492 653975617
532718903 26535947
679744164 800100919
251896277 113105071
435535617 502311709
895837039 257556059
449958245 527050087
822546124 104156407
166335540 768682249
205073983 422857927
735019855 737855093
19615603 171828847
48572351 712816163
484451438 104643893
60009938 7759057
164953262 317811497
941596425 965688067
865985296 627928849
831002321 179004349
583690249 342744569
358766233 258154307
155934877 708834613
33812468 643777619
637270243 586919803
809847126 333923983
427610405 750532421
751070623 683838677
528638978 13700473
599772662 952877347
498778643 950412401
884611296 387277907
528126231 419567773
581993897 461837143
36667090 21672869
803179341 116539663
800009337 240072223
734820767 64389817
438813104 143552707
591908559 567248611
715018162 572701681
499519055 590001887
150913237 786182713
763587182 357886283
519450411 455289931
913930299 664939901
39485177 932509841
64591141 34972667
831890242 68409323
557686174 119206141
215439265 962905277
288972549 866684503
737094407 8426563
855682176 120064793
810263815 339120907
612999475 849909187
895189595 86108773
4527973 636450293
429887130 121168139
615894958 854072281
962929712 724994057
173937109 678434489
372976736 811870459
257129638 955692359
65716566 417535603
393053448 288382907
833707171 157901017
32521242 183391433
985245040 354903599
650881844 239340481
831996233 87683311
980540006 58374817
128975387 54919121
577933886 358699483
245937222 172001593
681548449 62868997
49984541 492078143
337104021 920748593
688645890 127254487
939363239 683324107
875657570 265695887
791097518 838523809
814215229 61216279
762287483 69273553
208843924 447976799
642828583 61357619
971502228 604382551
189354024 162669361
368005004 615525763
430604221 840640393
361835910 696699821
403104312 802065497
264165699 88847393
722947874 237386221
666653696 596451727
750869998 107599189
604772258 810194543
408282857 943720339
790299754 579283399
984680337 990735937
934584704 641886797
17226619 53697739
984365559 962168327
41080269 279034219
321563839 993080537
433654846 271416247
110705111 461835593
325704798 209526451
429922876 719645111
123812914 412928429
899858504 886001383
121451372 659584283
129133233 73048163
227774524 15798109
747319019 710605799
196322531 789605227
588011448 352572733
592209284 701928379
421557870 491912327
813139331 33661993
546563284 884351417
102927585 278759683
621228941 676437397
442349997 56815729
126806411 637168261
501104469 93110839
16625348 360797407
752003306 149533507
804720688 693064751
544278547 90616417
903420463 63979579
967003711 119154839
779764634 7193257
463331802 158287523
177616162 297435371
806963321 47812397
693208074 239351689
183273440 65016799
126964189 790379143
970847009 264238957
992789602 641660429
183790171 26030681
228236164 316158113
891440788 941837807
249315027 373454971
440523012 938555609
253579793 931021657
196999221 328759729
769453911 574288151
974719074 153225113
408601681 920757311
127614815 470367847
404060858 498285713
965224704 454378667
962074415 951781153
460079199 237201649
280971674 516270959
679727971 12708403
197937827 797630539
679726929 814454033
399790831 933810011
508583194 262449647
213265217 632127553
552597107 984034393
623889879 283865611
549213367 353134723
954345111 664869691
960685443 766088839
975094103 989994349
990862566 859841933
456559588 652324217
445030940 462291139
219626607 749827391
625268957 500982173
878346678 537259117
642149672 33078161
69845566 500061187
987769113 592490333
537323233 888110747
629170355 392260559
897562118 536728337
381003564 846977449
545265578 491703599
522759801 828641227
856446317 515242027
44069342 617619973
716193356 894444223
199587677 279085739
133611217 395110139
386019364 351954857
334362798 535271669
937680733 754355317
67912670 586183121
341896442 24958909
22809026 4444357
391775930 232606967
845079658 37593757
109050707 59018209
42092210 963814261
236472080 66584117
663546912 233543153
193088663 761131409
450497273 105115009
243527658 610820141
901679688 436391759
973113151 173403067
438208853 989815571
557347454 952519933
631022387 320915759
217517066 122972231
523595736 78710539
160887278 329107657
564356751 540883639
181745324 221719063
502860148 246444271
480156902 132340277
36599598 495692147
804767618 193422059
16596227 17535139
757051583 431491549
628847337 828781153
573399147 453212687
156418268 39794081
454860981 348241211
348151225 12052361
449979520 752972359
552699170 483709181
966705450 117693833
968604042 564367487
278701175 517055839
520765930 322351391
331772296 396484177
411901164 770610773
853255574 540902449
163869654 594478799
231308015 307364117
179705832 237832999
244488510 509676071
867444341 306634607
383773150 673935817
408923876 649442869
649973490 215579503
87795610 602485313
613126711 725106133
13285521 89610221
678410116 868850597
515286735 624671213
429083263 227209639
38473108 910164397
166402433 102187721
894477973 344996413
637461263 527822357
566829429 50219579
200928549 779427511
