4558
206879706 141945263
529004310 575430703
112504389 170363849
74619734 190236463
965233305 288061183
600976046 482695097
245597175 610380931
445399018 63168383
595107034 654415121
790216835 594258167
564397441 249694681
122153915 320193701
251651044 104824991
446250628 258990877
4779608 473097631
409006413 259880827
525329696 45713737
893654433 308897023
113917221 500226121
418194102 496230407
23519845 41297021
978925219 863115101
198892529 855144253
431723521 112815317
404439777 641827883
616618785 983193251
375299024 146856917
794504462 9322193
549565699 770982473
450464274 944301893
196835497 114424483
88745302 193900253
836802411 683409823
868592011 899615909
274448517 5890081
556274163 76298713
626457727 295005059
255277324 915084451
194984523 798300259
516671487 99482281
90691737 557849311
982210380 184800127
48830449 884839577
758764506 542655013
373260408 721415647
161942186 288676463
982274742 457974161
607300044 1700801
805801516 913626127
239125429 45874831
417052104 864590477
451091500 142686373
715120748 379001593
728533185 862163623
751724254 323035429
687342492 104999381
59133264 576482279
808222184 905893679
801958015 557454787
487745802 503409121
110886200 619043939
284277890 58731643
349897472 700220189
449321593 603700397
551831237 39098503
223997299 175467937
840352606 779759251
96841183 201543761
705141340 519988529
273018820 270755869
540535248 430629517
434869050 145311613
18845842 487093067
213780243 854472013
479268614 858178663
81177361 447617893
965933415 41475199
78801746 595930037
700028663 56001691
969262190 804502519
929415189 100990843
903100678 672393121
167286441 110983963
180670200 119763991
61075084 518967667
315864750 36025267
648571478 369082253
515767296 16147823
111037442 15009889
475402708 751741297
485893861 732544061
518263314 918347207
219405947 599123321
715844117 89873051
271755040 422859659
598190891 115681331
239979850 195048409
812386650 754678843
215178815 417459997
489972963 250815779
244074927 793288129
362547646 947975513
554881630 557182931
378079991 916004681
207196677 631494559
806575021 730528429
610424936 58427723
666077744 651676859
938221048 176434409
597113953 953521661
176445128 299159701
583178475 188077303
885453517 824498849
903975424 831194557
812253333 595200427
131555257 904724543
173622631 631509947
175071582 816846419
504945238 653410123
336837802 642752179
786160800 457483223
454079307 567272423
252516030 741274693
126168389 284277551
778207323 787390319
291337085 499045451
857244286 829237337
71608067 765047191
296594375 179470381
957839498 598583603
860868980 114241987
924684363 363879227
362835165 498275363
184377398 21720991
217758078 150923273
9643383 742773767
1695030 143242369
45458964 79641271
134347249 307902857
293941769 66046801
414330669 878715709
110357771 860552779
31050431 730006687
917332994 813880513
328443506 349658689
244361570 869581877
704129619 659623883
878019244 402231119
937612777 363936589
292873473 208637851
858117481 296618923
562585628 208374433
160776260 54097801
913195585 586236841
396546275 498908021
13638988 443581141
125776652 351547787
437858181 930184993
666300527 832131437
456755166 7654909
81995188 354055043
199758541 519278159
851492365 263195783
812939671 205400729
952471234 128956643
229630576 490492699
502640549 487958623
656735828 254760307
328223625 864321331
423007628 562478591
671395805 32123929
625121997 585499381
515912074 745486099
238652272 163113989
243520191 237476177
665849237 766845721
881300626 905323697
491941180 898092973
395275361 233083993
553580484 502916107
511292707 429326543
20907143 573283363
981649880 549066013
238764802 817124291
125152679 498316549
23744747 183872783
681236644 186235261
226487946 777509587
199251532 104258137
519968016 144900923
108594986 84950347
44147197 38341301
69382879 970525601
14834762 224966701
972703832 141754897
582254441 925485667
259853922 109558759
92707276 372798983
325552367 265610029
323584288 144346127
392762928 237417503
110256907 103089661
783872430 562400173
740216827 420972679
499347251 315646307
195452169 350404843
26331217 5920429
767117414 573394057
587799279 849396529
544975142 598563947
92138630 91544903
89588178 928921199
530291314 72302917
866781664 180147271
180559525 624285293
779858121 425305927
817360030 801823753
810033122 222407147
499694900 722399471
475118036 737332543
500965696 125678209
209919740 925287161
401185382 153725983
85849298 274672267
704467035 791607991
293336903 215542199
846553636 506126443
865505921 691074331
941149542 621512699
683014549 666156637
846208987 469513267
972871289 934278517
515435335 544409023
132980384 2900159
806598306 18542983
359316484 344169311
670999692 282546907
670190911 333415127
591686870 374010919
233519376 679675153
253683083 462049253
591870246 896458687
84698388 212643889
690078340 10225921
730979395 52339897
348591603 928485211
294125476 725278219
288982845 588364823
193519291 208233307
918376539 184852861
835472035 189174683
40115967 490873399
502026030 657787913
535639755 326424023
578963528 841589647
580673242 331872223
871915609 664329209
154680002 588370339
465252580 831747167
168849857 966882251
247357785 795102281
636984116 954510191
264367713 820251827
324357681 559140299
767026345 85232261
505205300 123323111
815280047 137743523
545878100 573068803
66420301 18946171
379751770 370977311
202050359 381905813
662570383 1919789
60179500 601114417
467616559 125607389
999276621 397928159
681837153 6718099
20893454 553311107
63922060 749597897
387753804 369740257
33854737 743351711
11377965 153950593
551414493 261312647
867569107 698099959
268094144 612520933
69927340 940857149
477063399 19965437
851098266 224955911
638339586 215171617
12354569 412598089
45642863 597133897
79747440 198572147
747145610 629844251
948318446 940357087
293634298 537888067
786461686 329655827
761117738 382889363
341412484 613085063
290154033 386513539
175068623 842683679
465046494 192658717
722735239 749960443
19284227 781313669
651644701 10766909
920100081 99745531
205347240 884956591
299117823 184059263
226419313 234827357
317684116 184471699
835512735 98644529
190225779 956773033
602752412 73679999
665988783 90716221
315775067 926797441
251150808 89794547
951562435 12915101
106294144 477732809
377713772 18499087
75596758 174655751
783742984 262960207
582397118 138818591
488635038 464545243
598336892 241004893
536521329 670500781
4674549 359396801
673828983 734841307
200441715 705855107
176487859 612902267
358956313 558089933
259850918 801715751
535602940 209578997
682165549 478158893
458204840 118950737
157409634 10282813
129235263 215151257
936486298 896479841
827839499 968346359
248146663 430182037
401247906 977368421
399736555 140802469
471400995 72106457
884505320 454033927
660271689 683121463
368878297 5958583
76235857 565075367
740489328 512507269
214788903 984575821
462688816 348582599
742875794 888612103
610616603 431875121
921748724 569386063
676391485 887037913
969692613 536106833
314161741 237385627
486914908 932052073
620229917 667423907
924464638 832840963
157994927 785452337
259115446 731618561
794957243 488711437
657465119 117425747
603642650 613718881
540964275 460507183
447052765 9157223
961190306 306662173
459115874 181976563
933189894 186947993
594003620 197406943
415938389 569603467
769396699 923153017
48593805 943873901
665359535 900382207
115971840 557395339
64322761 158624173
654562860 77884589
128062096 823355123
822611342 63565727
209360203 224551559
501936357 447082367
753414529 965692549
307711062 563483813
406069782 46635691
359235891 554460007
341703731 869113919
357435136 98747591
2199301 563684189
139131992 143877757
816651464 956048221
351685675 471925213
649944022 376808897
72453755 199654823
206569274 892239377
41792975 632368753
40173079 442024573
877137758 793854449
364362643 411220357
729432190 399179659
625836791 805155947
956271626 820560407
318777388 778673239
51148620 110012629
535821187 747634333
546829695 100202503
738372191 440326021
84114929 937570363
930774974 265905683
842972561 146606491
739108322 475796819
803713472 519042911
763786780 386475361
890650152 18659027
155369922 496477811
609793214 28507307
722111814 394660543
344381769 228958871
674821459 108037381
439499713 187866803
295742 96834797
649101638 503808601
318919339 978577151
361350756 717581819
852642854 948190553
79868143 45774929
438539469 83040943
115806187 44151589
961574643 642016957
179058159 823107253
676219755 785104321
593654096 126358213
190350040 392554187
405625929 90164791
571218386 179952919
34349545 784344461
57733214 825875111
222510578 359069411
547664389 929013803
393839159 688613041
900821021 424074407
738440771 45641699
687671993 281821039
708448791 788228591
134579019 885815993
993773224 883565747
195794666 904385633
778512037 409493251
716206483 87260219
609114257 736135303
22098562 631879861
866627095 989294543
176612152 205160173
208416722 683740469
656048241 232682473
500037162 975133963
568790762 736604303
284798673 126319901
454934286 290532911
742592709 296886859
763632807 504780901
823988407 80778521
455347125 591322777
862388085 514461439
896471975 973446031
617284532 804716873
31605907 931146793
975720257 963036779
848922498 85369673
740937780 792499987
824080739 833216093
838223538 644814979
675535583 992347379
452719651 511176187
137585991 108282569
247079890 466278997
250396504 110277859
133201759 602392199
571104417 512904407
601515511 57237553
1337006 780214709
697567948 443079569
789741846 547362757
328849587 364279361
71019488 74271053
722509404 514250921
941970986 283222847
94476908 865816121
363198122 553044013
688223254 745338277
418741960 758732969
397135675 960911033
241179696 854817347
617271191 233109089
729142761 47787529
255983698 685720793
233768976 222537229
575599886 716079179
768910144 598411633
639879771 759902851
884385378 990780319
456844315 58349639
76437287 897328273
588764644 943305221
133220536 715674761
143130642 948384779
210144092 247335623
582886288 181282037
782998549 233240197
592379221 84672349
248607362 190204477
428616206 51833059
864666787 14008999
404418078 39479227
687450568 182855549
106943807 62925089
301909411 73796449
859413180 126903883
111741363 6229079
271638200 544555633
190858732 204829057
347362704 777113123
52259602 104871097
878971685 137225801
201339642 921924163
701909209 697461221
329188122 764015129
268771129 1563319
182200910 664671037
391131462 128708197
653990508 51348889
763888126 716709899
992510506 256006087
184634949 605406623
708597971 709582619
134177814 32064563
568185762 266440051
41531539 815037667
484889473 557177213
187892959 707290237
430656221 155923723
134758585 363578221
362843655 642176023
4175274 247685209
885048064 312138691
246634232 236949901
101997889 930585343
204984931 114365213
284445715 247091473
301808093 792390817
837855463 807796177
165427397 450019793
255435739 357667351
128887404 738058597
416680588 247102651
744945454 410418397
180890753 654482989
913536071 873044071
487017724 24772201
528895152 834769393
341385020 495408911
580551892 157032059
196724791 677482747
137169198 253847719
205849966 838422043
326039433 864979243
534813884 760922389
635037040 262667501
578766990 66919031
492634015 24866449
566860659 337055909
891310782 673619267
630565878 934239191
241560524 987929009
160172910 76214321
404440182 10967483
685714565 501242587
810513730 864581197
879842018 833375149
314605296 93481723
286348496 143015017
946442967 752567887
916187777 138662389
792964547 469673783
677638429 722372141
764358187 7372997
105333346 477245941
344001232 202401497
128439271 131938381
934057627 193397213
388879083 205900181
553978981 250925953
396969143 565330709
450886262 568026229
4718729 83218589
783214927 236682307
785511092 553879793
588917414 21943211
63901743 831272753
744660798 163278413
87993883 397730821
314484797 78469949
287437712 420188023
405199806 128007133
155957702 113135621
829125870 167491591
714838788 756446189
340387812 223828639
842560629 90704959
620204751 641905787
453795202 987422563
785511155 223207553
244897675 937000711
980157012 426078217
754242147 770549779
659132772 408097147
887786674 487964299
946082807 431199551
236011993 706007713
691832114 280695991
148679498 439254811
5848391 535102261
68844839 322204279
972641705 593447269
738191933 653506703
430463585 716411753
188112184 341912141
454254616 90235361
636751584 149675143
662370368 200641201
365254672 355448633
217359750 576646267
212274377 509157199
811767944 305431759
513756811 981671101
884292736 43787041
289216481 936692347
539664633 854791103
785523510 772959181
569978793 802343561
858284318 817586311
531142462 940647013
883007824 27682819
358386826 280705483
391966468 392378263
507367840 150102487
519696536 284243917
413980159 41342611
156438836 324368087
967037547 448058329
704447769 195977461
263362480 610267523
888797643 449004701
869746924 567659009
930117041 306901531
863135366 982510667
521476161 257647553
203928114 655487939
753950350 945079787
383000193 126827693
556963111 71103391
463944509 58555877
285981088 215631917
951553810 923287249
828471627 464319847
938888484 994599211
267113546 584571437
49408175 504624997
683670241 255545957
942629559 142264523
965403094 650397313
329445562 107481301
746792179 542859841
644766869 79587527
757707662 85573561
119537772 738843857
339740453 344577419
823621377 120339767
121033744 811339357
674023567 494204279
929689458 233274467
608365926 696338117
608705158 598244039
863923538 766313969
374118194 814451489
502365026 245813653
421181728 886266977
369044946 227410349
621355655 916275491
376238379 580989347
878748529 190864207
691646743 301140247
259746200 940368001
353710675 981304657
427996204 424612819
797304909 73290101
822024607 327859513
763883676 691162729
946717522 164452313
967894607 814091407
87745525 267075113
209673137 125909999
686346079 313346953
154702182 44994241
71700444 197611243
58340179 104724797
436904312 735713977
542765022 809489881
798351570 72820529
998047690 668065883
272520951 598549979
675907233 716099467
121856508 911575831
111558635 327211063
256576552 629197529
858834468 328001407
116895331 972098753
347755605 369022439
551223744 793073459
185543492 42635291
373453525 16309537
133967594 757435979
874865182 670415821
60122143 190656161
24720805 167638987
991764186 287556943
72251842 751420897
312320357 930213857
267627015 126182191
142420022 534210379
362908137 94733813
258226366 669026357
317016182 74341271
602920736 141040573
978669556 48568987
735489246 711977311
252073632 583305341
967685102 758621623
49595788 415228943
51461861 534206567
270108636 554952707
113521230 423880183
44128365 159398207
884593191 744946639
26183626 409766993
142015935 822894133
101075328 760568087
697781644 520290913
622935545 194735131
205405076 375430687
979879520 590669861
28667544 823419733
878670852 800982911
521928255 753070543
261780915 476395483
854151164 375019937
96753538 153523511
547523069 552159299
911057180 880208083
612053 95451487
853243124 986870579
566227731 638660753
669856731 268137763
96891785 74680217
590190608 942876397
919421246 292675367
143643106 560467343
91764845 982222963
371170487 429909791
720732013 60456611
476115015 212180141
162244918 666601219
284312379 300557591
781515571 163957193
344293967 676620361
144622621 499723733
607808699 435125423
929131667 849767693
907380719 495955547
948492997 100878517
513963742 549229391
760672990 543666547
109964966 247438357
399423784 193999537
701344554 30755633
512224914 571134463
373455140 334919929
298425237 812099149
395454637 719774597
405529351 339892907
109586411 710023459
95346234 530418797
457242159 466831661
147255371 246235889
80330469 138074617
35225647 881406587
867892209 531605551
604614580 405160513
888629684 347148707
792175556 235937929
720813541 680133547
418912563 268169149
907384863 363826297
191286690 579845179
302505066 805077869
486614340 283541449
728122638 278179639
969063544 387176347
191061442 15541781
390068701 180608411
70327792 289427503
499096277 699228209
990961328 388698173
685972185 777243869
810762731 403979141
115102466 596788411
545178692 125281463
722711550 344122369
353610369 345437201
486670251 338083129
327507555 520351883
537633446 117994703
962564662 95872421
837038488 604845707
218764277 978051889
801534343 705675541
497422110 724955177
653611518 477151303
22757909 504267553
685505495 906394169
808053163 488986271
451374120 961717321
789288815 175301257
252800613 354924391
257130107 757794197
155873182 310494467
63167265 99170189
456378033 103418027
628383811 669553393
990056780 442628903
174935313 281024371
532828990 182628539
231638996 997103617
182441911 983815453
525239772 486332801
318198833 126380939
718203109 854322793
489590330 879301349
117684813 981567577
58549565 922058129
156046785 847852939
110495428 269170399
872837768 380583227
261973781 539392969
911478937 965122451
506218866 535232779
124177631 67680971
701762250 446588003
134860277 823424711
828090879 280643329
357691203 316340767
452806457 531075569
652320707 386795177
279143939 430979683
164792594 467764457
543740975 759383873
172885862 729569329
121192426 400722463
455510535 625634423
380876140 56817197
708980871 277043953
117325891 999753361
287507782 816962077
442618015 582111311
243024412 833620871
736215321 946358239
392193302 203025451
305166460 616770851
130946235 698402801
947962731 376045477
296852108 594712007
323926144 88424417
377264191 392385803
621116281 108304019
649327271 188911979
473127683 91831837
269638904 520644433
730161200 888183953
955214690 248860771
659982426 178545973
704736923 281219677
318064607 601082473
211778464 234136531
865787848 395287643
133552467 898490737
593148903 274287703
975992550 3720553
102579990 717975191
712963225 164353801
813823027 126837811
648429893 189990809
793563894 280635127
895716158 64734547
796829517 627484007
787703554 606277003
52643207 437155283
775815704 870696433
918763349 145038473
865457167 649867151
751730200 310680677
863976467 131732927
354420397 202799287
721370232 891049639
803914953 814410299
547486773 376768241
312487658 321655981
250521899 757574317
713965343 953731549
23150283 976145759
426433462 112426607
548007820 724013783
283614800 203839183
172903476 989739769
787992506 34850159
836857348 165855307
624250761 548145551
356302201 698054881
309943805 964016003
259572281 726611621
903240295 479224961
904595100 16984771
758999387 485510563
441367108 259122289
842388604 192294593
960999794 247167953
793676521 917219951
649681085 198692119
316082591 165563141
510806390 807183623
982863820 553450309
576967276 700633333
550278949 628897063
49317867 55214557
684505812 964992617
81744488 830840789
139040723 820134527
713560060 565194221
580722959 600584539
3400129 216737929
257243315 212571119
384765452 663310723
11131704 716555989
67618440 613579913
485806713 153551287
352018563 317500837
464879741 929669281
257062037 6139681
814410912 544284133
555635876 752623939
125795371 528306563
712530260 748254173
321192129 104460431
982857855 49229111
567563659 911703671
8421263 151681867
17385118 234533419
96802477 366462391
917988805 849744403
21550543 352780669
17480960 180110507
502993233 476736023
717727709 212674079
778840515 546339103
41365487 947210227
387753965 749925713
420327338 34924237
756605599 698136143
777825255 264698323
308616256 803265131
298489428 618871991
848245270 773811299
220876317 796969549
588533802 12056167
766561244 697503721
81246116 572014501
61738399 804527819
887969311 598100429
286020853 882633977
265094867 545992133
914630825 14343311
502544193 15457997
40187708 991961813
914377507 160600397
88307369 982731109
323307106 907134707
942418612 196468891
841940874 576119629
263349217 918682543
915646431 731246119
49475078 428116153
511994588 73117201
228776999 380935073
159059011 911252299
243104999 112670267
740019319 884686853
63787958 18076319
622802009 917609461
503807005 580163893
370019381 895279663
54011631 780753521
458815070 983320033
158005159 878033249
686154999 86051863
947752696 717489589
943278664 176789519
126168616 400697393
218985339 276654239
195043276 186617237
664034976 231651131
834642511 922364827
124644260 835143641
910947103 29315641
126382234 166678663
998913920 297648137
789638360 50576951
454154159 240297877
838211573 984023353
385414371 441665453
693665453 72833741
107633226 83601569
803940000 490516183
280326083 968657593
262631422 758336819
145413160 440873161
659832729 491712983
858055650 608361073
536120183 374782613
335344594 513650723
234106697 533637367
264283058 602316101
115452808 271179059
111943021 134219273
50970001 824622311
780665679 927217013
753292969 806865529
735515742 109907509
897517947 453007901
766538783 492077419
732622751 555585097
103444710 870630281
97551463 278103313
377227755 657636097
133625069 896913161
671599902 234387911
861390588 564629281
981941097 209102749
954873634 163586191
202508067 57084331
610765691 618112727
520931657 998363503
638525907 822823891
920095120 601838147
203090749 809131823
570054103 713787029
458027511 182456933
832757196 963673819
971329143 505616819
478301715 238345213
286140983 27208591
793848357 42432763
269532560 858528299
803359907 485847881
481256133 45307349
660166294 427741957
867712689 156647471
661200804 931539937
810031423 743881471
896516980 523629881
933569247 54478537
574780126 726275489
646834888 72148183
875490475 641037253
989941026 678390247
313821074 336132829
767875392 619629383
466180554 713277827
452290247 844531283
41123771 464023457
582181441 800607601
72163120 842344021
329700309 191136217
113076767 147202793
168463666 662643341
762628688 181553501
808530471 602661859
529861576 137913527
734860473 304479271
472727133 150056287
55545512 285211727
393259345 830218399
709252590 562967957
116386826 787649411
515247749 61205629
147441464 935806351
900099652 300831961
834292597 207131531
560219494 879549331
498809510 447547721
209006837 669507407
275236417 332663923
60514374 702016529
398777264 270463751
580998759 503574859
674185865 244824683
714827390 306486911
347590454 703995881
252600860 339290561
745992392 618213361
399660759 336556931
816969077 386809051
643723555 835858411
766049452 218609437
116873464 101764657
342261616 396551069
200539822 421661027
741952493 205113179
542572625 492156281
129745038 125539559
948398228 786017467
764164193 742334179
95416877 435603143
637173114 173658449
1394621 758131883
22196750 683114287
155861804 912944719
660254987 452586977
372183638 110987819
202476936 598912099
218093603 784509547
780886460 106116809
432497849 727378051
653101879 726085391
210541581 845071159
945206780 240958667
288852541 329298691
950348527 424240643
478386765 86471711
244488186 411818941
820313743 606185477
685840382 870150443
274089826 543604013
4000863 471376039
84634517 191504977
910436129 645802217
951139308 524125873
498349981 601744799
615539394 318707629
26903980 951402301
143045661 561347737
866361687 110934301
35361726 423358051
237789693 813381383
41763349 49145891
644168208 135511
880508332 204776419
784303332 58732529
429006590 227844997
184533898 791590291
394147466 678537029
768370695 163776653
641144055 259611463
48058551 24567259
604902353 157153859
977880576 964591261
170847173 745852123
46721065 524391143
321686802 607387843
997962247 247882133
496351737 142996759
976892904 919584661
200398989 889711243
168381263 123310861
984225323 706749257
607070548 223264073
497573546 754140287
502684718 602088637
874966846 840378047
585410086 720932833
674009510 276642979
721439398 646670183
170989991 922099201
614191763 461135707
541187510 681532157
119744094 317938037
334180915 330786097
278916170 281212403
461137322 172334621
525996901 724202251
305630120 296377243
77084664 688104919
475189882 963447259
403775176 607195151
224744691 79222393
282314804 37933807
754620222 170532563
733423045 825134027
163349963 824363951
915491979 546515843
6026842 93273377
595402670 167707223
259093790 280849763
257538217 691203043
784152345 475434229
196413749 719294603
681280609 992258749
133588161 82533163
462728882 775231783
53599276 372323557
616021424 927527353
116908093 10072571
7540395 715650787
356038518 548451623
162069329 375758759
801284996 775806481
347903775 418640071
401976848 218725159
67893807 806103061
13098656 831987823
754800737 11568409
191853671 812871271
494424838 272650657
824430899 517672483
297536879 305920579
790274943 23745053
604426794 190903457
225858676 280074857
385295380 468121729
102974023 677591567
809613015 4458127
524254694 247702177
244472534 460047001
588992987 310755649
157056655 207611291
653249505 418224419
905778061 108386011
351135288 578768809
685903040 669842507
599650088 207053701
50612425 863072863
218697394 250897709
14087031 896669849
959339153 143652563
6555369 273828421
305259867 939890417
51671121 3881611
928618666 178282939
938954865 887000453
986589888 100773809
584955350 319334459
260873561 279959639
606202320 202662749
151260567 869048231
723848927 814024643
22123320 254132077
218880600 361231271
882857635 210122039
248952004 182343233
437686604 131310923
122931336 707427971
191894876 89562461
128445202 490547089
919489435 7726051
828968664 2303513
679306916 230098159
148899695 140664677
605533794 907395131
168348507 607606751
837944706 377144693
625276385 848857697
814552613 205457111
17325629 15644711
44944561 44061793
531274705 90256429
225228216 318502607
608232222 44492579
384691859 449737793
369761430 844528579
701130073 122422711
112890897 426872989
192742629 126082513
210958180 564027623
992649751 924943499
160679618 15288137
167607139 472637153
502591813 376234063
16850462 438904969
888706686 961066637
556336699 117712627
475644155 493963637
859938869 179403671
522458618 819093221
823060878 245570263
253243134 201955703
66372673 803453423
256766966 248733049
182714153 298960009
890618512 235373339
488808384 213447973
965732466 118613689
830368699 127809307
125953311 923733949
62093168 916715963
7047130 214359961
988479860 782332093
273994498 389959343
4941877 515001031
754918066 312159709
812212759 607260103
926033257 178089707
619807576 39092269
167816227 851946439
393382980 724774619
554360357 587749271
897423602 925555577
357132704 589153267
43270011 885001991
326998901 28660441
902849542 708874843
199737903 892020637
319936766 226142473
994873308 817426271
518548006 264841123
2064357 423942151
89976841 920773109
75085426 749275379
302764286 337750447
622514914 529279963
14300749 804706733
496831253 418585493
775435775 53571293
120845239 186515333
152599417 449367521
687782870 483036149
804473477 718343081
558121562 277323113
599097465 776940473
681316096 490488589
250050003 103226857
264409092 170877913
11807041 207088939
416392164 81577439
171747284 438437453
316704186 218026801
465996587 895114853
764576278 621363863
734901299 828471647
786585670 734543399
857815374 320607877
699317234 677661703
395278233 726813803
996795547 850924499
344635505 182002553
742845610 754757257
409515604 54421663
726059089 518641441
175312051 656786587
613550111 631230167
189435303 449065367
259610248 526449379
901062920 315915487
100705563 923486357
649355598 828647917
381263794 746361947
100597400 151986089
214022630 258556483
735411705 359385799
100380663 390932023
2832302 448747907
579618315 699331121
129532144 988071523
392177673 746127493
916936584 7175159
399263132 817993751
80179092 787911961
574737393 861395597
982767119 623798821
915256902 499771511
360842467 137040599
650059175 106672667
90039205 457903643
603037246 746618567
114790724 444200893
786835736 184612039
178142895 546530177
974119240 757455137
115449800 835266161
386199571 843868951
336647340 450747389
705408177 696181951
216122472 96616127
958503134 108904441
392120538 625530797
520767009 893179559
17022707 560151187
58449250 904081091
595630017 14072519
840976273 658684441
935738558 363236311
835421075 643313491
835534545 473972173
132591021 387178829
714646855 43531531
454937783 14113291
575621242 203023459
820134867 793534673
480306183 780261983
632726705 249757661
595197770 696926047
356883203 91682501
275091933 104367331
688774449 767474377
849389076 966093419
622343345 83777557
96810439 795815827
900157880 26662939
803047904 608944783
665233217 127870709
727792963 863055581
162962711 410238347
504670095 500027597
347854273 38409389
942366827 65308097
941944134 193738547
501121488 90518009
265252064 687260719
425294067 777183347
264160372 739490987
649114404 209183539
334267834 808411663
801823203 947327663
486021763 809037833
238373984 982275727
547260401 118850777
499066567 336111151
244927082 940734673
813235778 410071591
972429473 45521683
211070558 932398277
126647249 252732317
163886090 878172853
288628623 263035243
416720287 3915341
759415164 305743001
413418020 266529337
422187102 548262691
701431974 700244173
614703991 167212259
236662236 679191713
167784046 585039031
439072456 438184931
130728382 281868121
111606076 705879761
203959168 752375431
88930458 602238587
65773611 681083437
865755930 372964061
199305131 643047319
585488071 662312341
735999879 55339769
352797197 403130681
420403189 166559677
735745437 410023303
895354142 216922367
859103247 797402941
266531814 277582597
360001601 567624809
782420812 245836013
200084405 318583367
28852206 470730313
816316040 19569709
549871745 388129471
532121725 122016143
388258632 351047881
917005908 465241043
91428808 120017507
661869800 903122471
779585464 132167393
284236452 246631999
27396999 794534347
952539711 774697219
782091154 678145843
311045836 791181757
141779686 236916299
4893499 98631587
582636104 557062381
392823835 669867593
562917085 503524061
729574010 654251119
43879435 666013129
350954861 196842277
189852074 950006051
785666443 133913863
913945751 365664731
711063138 792786581
648183995 876804163
782863359 992076199
480521968 739272733
7643464 13062691
58442191 933831137
810595462 991539067
275530932 306330931
12197635 826741733
241950463 833117933
527061871 77613223
561670687 175163383
119457214 277365443
145846872 113832203
865494566 691195273
394687298 565328851
67429225 138376333
757584742 845456863
184529045 981510833
530760748 303788483
65797539 459180313
269526306 198643493
350072363 600734551
285478652 1191199
703274522 262732753
33223294 626051731
141694478 743022773
458964122 831107141
815432534 159429433
129398410 476000573
559464456 457571033
813664685 758472599
140557602 137044357
710580629 112806787
55149761 813589193
806397737 489010051
948870910 338575631
729982888 780091511
839303622 292214807
700384255 174790591
987047020 76061659
736633560 744762391
59209188 473254097
400651751 261421001
21016388 163381411
368283329 69811631
542185968 802139801
570586973 56935577
61565633 533080043
28019738 400359847
470986276 176076557
675081970 42763631
359128070 688046533
430137473 294889061
72210738 962837713
130260751 845244299
98296439 836282159
912879985 344301257
293840783 43099933
15539082 333119411
595268338 119782433
203210002 546410407
740528825 171074909
91094511 887359289
694185611 471558001
537907934 482127011
328604987 324390713
943667863 691343647
667407433 805743959
198949184 252965101
635565251 225722017
25956277 465078923
775248194 634967393
78384361 138031147
94642572 469771441
215729380 656536949
165965576 32132563
871665303 338824163
884581066 302364649
689003573 379970249
490357825 678699257
430869765 199643159
12348875 991473359
180635118 20836561
574289642 767167853
529505293 261358651
454801045 309822839
138476699 78040297
881814411 875059189
376707345 859357271
601493923 627478349
559552942 240349903
729812567 782036779
849083471 861207313
483118502 949555403
815027794 760245383
348289162 795295433
115543676 995235853
41936369 588276749
466260272 816923099
512172314 971980637
4675648 341867507
901223764 923544481
502638001 995547239
880560264 132707753
241927298 995836427
898298499 619571419
228311865 433760653
678427364 585548617
70058301 739562129
78455428 327998219
844227727 900680917
966849311 125494723
249953829 646749833
820491067 400029779
597670584 660036697
599624860 511195583
45670121 378183647
620798069 771011821
480888735 665837027
76518717 772533211
766922256 24234143
937576727 635517121
92006788 849069391
77215706 571420873
389228468 481665623
167392508 696783359
805072837 463143073
923697502 276969311
671564596 584901923
411411582 612245147
301693050 49981823
404741943 843191513
353726181 934582477
692707890 883694353
838162260 246793853
983567103 842558863
391652509 341604827
633678517 272110757
462629647 5588621
731327870 436278763
566962343 796521049
13670085 865904071
499958905 597100759
118113300 779061383
287179274 194479057
227569470 276526829
340734734 447996589
755508307 283491893
469876574 650666383
745399615 883290427
127789815 781343197
636076020 893193121
613220630 930441359
676062234 154663073
853115220 148119787
365127276 972058343
815466693 752706259
953681419 455584817
443118615 815464877
746533328 462699733
875827950 261874507
7489822 389436613
702834869 821543743
293950377 377093231
548749087 816761503
544775561 672153907
100183963 268497497
590418206 939375209
213875653 110429339
44581213 551048549
675793831 59386357
918176204 316212409
984911907 490226041
809380160 64276669
616283125 971727121
403425286 48353441
633674561 153044201
613282339 518179003
917609411 609985241
659229014 574780091
335608358 277127563
786193833 467448871
101214913 233891213
424886065 254922023
70613859 844445317
217850123 331766299
875364447 861364577
686939870 583281269
151344751 335765119
174287065 726946201
730404987 376534859
471164519 268430219
659226604 651072869
163628037 719280379
491773585 110844007
553970647 683231231
843620809 776243033
810347148 857835973
644178601 217068251
230089504 905796611
957282311 283774417
236748946 67575091
115099049 258750137
554815235 967406851
592142192 190989833
559033048 6446767
211761141 289702979
49893554 78847679
320947927 428526311
541590114 574774289
122434778 241559831
181960309 14901127
150126387 149547479
100233455 290331803
418733648 753149563
299986053 28305467
661166128 645434893
941236862 590697683
206102328 648579091
27281916 619678309
477632892 12970663
343983798 7366013
632946975 767026109
105238413 907633087
936770188 953557499
155755124 654577199
507457360 272823841
309769697 609632071
341456912 711767689
240969493 190084801
960811550 824971673
325875759 111047899
109435156 123141463
744072396 217844951
74423270 800388209
442424704 387203749
529382010 15452033
458602895 676886227
80129958 152477107
108124094 507893083
278193500 546085541
206131113 358668223
486167067 102700483
989028060 734991581
531287130 602384843
751865683 708393461
349113319 636969409
703604340 913350989
801568191 70814833
674190076 207947639
192965656 680047231
570103055 243566221
622836404 33118433
250497221 23490869
731285219 450964837
286534189 287713297
4678074 807158899
583585171 148067219
87034340 123782381
108481801 995861351
52904417 365568163
565922277 946778383
902552502 680462207
954826762 222428263
469902766 57126481
337575313 812966771
696927709 607203323
32971563 549486887
624887168 920846023
518941209 283895389
409148305 770636507
623454762 301008349
538159159 60615923
546480262 319750271
843537279 888907207
979504548 56272883
490759927 814716481
906544857 137697359
631190793 940676917
782826373 485940691
191697822 97607663
714512008 745432409
622587788 393396023
667936960 741841927
199384844 806930147
129853537 959201753
678548279 177090973
778396819 490082233
758116887 43935737
53627927 699528293
303015398 75287153
205846063 833234887
750049293 796780489
525196495 28683041
240775935 399601481
32765687 32376691
641937091 124597493
147707190 789215171
907402771 187559003
576655151 416680769
481083016 402591731
280603478 636959381
204558445 687377221
49557247 523927333
643002071 687081169
182657849 300889601
944261667 583608247
357482349 128568931
325731962 843026791
308318377 460062539
460166160 39290513
531906893 576202801
132463431 17883233
792698756 782558353
904988882 569699197
145219383 58105483
633321790 482420927
331349035 493968437
165137387 253093397
196312177 868418251
140455221 331548593
968918168 439083563
466772775 405769619
725965637 425091041
464986454 335654227
966510920 582805103
404018821 35464927
842577629 268393817
917747814 18913883
242757786 360365477
168759404 731375399
395385619 111259021
805791536 887407951
907021832 272594017
6719464 119878949
122709859 101610209
651237633 739827349
856824600 514687357
901665783 607902247
232654191 11600353
107983386 248265931
657489568 786750053
290352182 321069431
576058340 620736169
81703957 724797149
654768150 142261403
476096588 889636679
855403077 652009277
847081559 754045657
995499705 492141457
898502517 414612763
846082946 375825523
612079417 11584883
359857693 208314839
175646196 906012889
633735205 191370617
120364908 296472653
607927946 836017361
777303967 142735987
546636725 470782369
749702860 896856341
952758920 968710823
515622833 36772877
413666170 701439199
588429331 813246827
65848839 616880567
616225539 417161501
976874198 857065691
470730505 58957397
260594140 377521273
965299012 200120887
253029745 520342399
521391273 161897503
809598499 861938761
741986590 11849237
760049358 836185853
280486568 742653169
144841247 737133559
353506965 176789147
841324418 409870037
443684474 618709411
943341665 344636321
975444524 157678567
314577219 813337813
591087036 798184039
232078803 840667661
245365448 34952551
63080767 387483409
194907021 246127493
991364496 707750831
503052302 324413857
372480252 284337961
232888543 405975403
447451670 135170843
246051051 45331373
621859039 247584731
774291786 28454843
66074472 287742937
899986148 461152031
208575009 133165177
872062365 677648381
710722981 847338827
245642674 914427697
883899822 214497623
80368103 435808697
42871700 165412927
613416589 864400601
811934512 1800361
883614388 703578919
246285119 815642351
523047718 57479791
837251960 383649001
586054762 282318691
940027103 352362917
107201760 65513419
889339051 594429083
377748935 142791043
549271260 704478539
19331682 653177809
828496420 134806579
702013554 59086927
190837851 912808627
545896531 241663333
395893002 985646789
982855595 201239959
470773491 101141519
86976057 432602363
256810357 940126547
264722935 939341503
601973418 422674303
814631494 394251883
581238789 324220727
337052796 592789481
87747029 884332187
838896074 796462907
180503856 192411641
67589909 870934373
178607161 764103161
352432135 98634821
867685381 834852721
534319174 485006149
913693141 516507347
527466790 702972793
580308542 756615809
229468678 271671821
414354320 855311903
616740980 341511559
108094032 548057753
232476722 701919721
246652235 515885833
625894302 486513527
683733472 559582189
399208573 489943343
187330210 75719779
247664836 325688971
662413292 279927983
645386799 577610153
297783975 486836549
787647461 450641657
711187877 461777713
108214969 33975157
120743002 331045427
432872857 131472053
693460489 676827097
540237791 270195707
305801863 787361969
463360416 458652289
74045856 57870667
32016334 247217231
413013793 910293569
244690935 415379021
578814388 779105549
162743575 47090243
735254212 1250831
636571441 208965299
827220462 491808173
706216689 400367381
431469437 80819363
379666234 417757759
385920775 834491093
205256124 881867209
507640881 964535921
18691590 569978711
545597089 56578649
252259326 748857757
963886676 712742491
615487674 805929679
371297912 42760969
974303997 195879709
850874930 869753461
426409758 248662181
62942502 544721081
901751083 234925807
840585889 672091603
307208851 470123051
240996045 97134641
142260038 631669751
278975925 581072143
37399201 319993097
398839938 696104281
128934500 987941441
127839566 924396251
184407184 293574299
320391517 692570579
935792902 995356823
279605763 70151993
177403265 390514067
323846112 114777799
542131731 142711363
977923150 545455007
963382182 776078999
732089602 574149533
894855632 83477
203539482 460710413
76788244 280845221
321396458 491207203
656000561 337125757
7664577 734979059
384788795 249571547
255261798 435420053
777883958 946941689
555995932 922007533
747404409 944279389
666295103 232027889
747329536 305525461
494857929 509417581
342297303 189498943
262758816 232696133
229493026 501812693
850831079 84651641
87675470 926334713
223979815 909463573
646695330 656825831
212292666 897208049
164038441 191298301
777457515 385738021
369795297 444941633
503758794 742396301
568924924 890232907
330550193 590818919
120228860 790014431
285444595 577879831
145791145 211137613
272010008 142278119
974891626 915702743
906659137 394437683
401724865 68876783
238023846 605327929
689040103 872348161
722156148 623346953
885786470 292884703
570447809 311077853
560243669 655054391
698978563 68953279
946773297 80242807
151141043 525532817
120063851 76554601
380961147 934078111
153708299 685327691
889929615 555135517
561415213 51522173
914698707 788944931
659085845 455867497
172018896 572708497
465381535 626169283
384954640 104330747
325738659 139082129
250102968 921055211
117271397 288280087
825321528 643306247
61606092 344807629
843793822 150193831
43480167 464476409
428008272 299583343
170157491 471840277
554788693 353843957
555813914 468155141
708595447 332441623
153111668 131305249
550463210 680881753
579891875 909920113
311154484 558317339
589317149 256019713
57158926 601183967
340842361 397769087
205547969 58639019
201350838 202725181
404963355 817389319
154190054 272008621
104294557 70129027
964086011 990555373
34657191 535903157
21840653 602537057
204615307 311075867
552658650 120981517
122538351 224737781
796474825 423524261
734640414 385597133
121700366 631609607
265527042 200359993
267003430 185621939
299927084 673388767
903125749 789097097
927487463 26356117
706860832 226588751
465354715 473448109
448457651 96916297
250758131 556553411
467174041 843437659
702252559 301686577
482365061 936389329
106079682 584936827
998170280 159079133
520213254 432687271
919974209 107233979
502463350 814425277
801146422 478356121
507499057 985999097
362305655 107940031
731463882 594440239
897601094 18503729
631868575 451741673
434817208 437844413
529176308 488140579
483962442 87592873
131897995 724407421
378774842 383640919
862805153 825116213
873389875 62881519
790331363 926028809
873108134 249703159
304974607 437190953
162126176 923992163
267340060 291683783
301107976 251596273
925541538 658734137
213158306 221988467
368967502 944698301
340987982 31303691
178059375 478775257
90262971 895677001
773078317 181937633
76546678 729406189
842318748 76999243
88002643 89045629
624343516 400765523
83955975 540849311
994840514 602725171
510276000 166837597
819538632 562089949
510269279 748869137
138454587 253767067
875522203 564952991
787301358 306106949
187429335 665256509
636961981 737396081
17085754 860884939
699729663 871409207
90542240 1642051
286642822 181366369
212604942 722935649
367160998 497414507
705989281 810179287
616591414 537917879
822581109 672622031
798700215 701502419
749003442 378668413
511569530 864218867
218388470 127151047
460322868 340944739
207835621 534399389
986161088 381194677
268542576 680749807
453241235 187053791
695406877 226935659
52844379 859145849
622392705 41816009
349140752 38834753
146846683 940123427
728396691 889107959
771444178 111358363
662334717 953638013
821450346 311735899
24406091 420959311
832420548 238662461
659379564 93893713
909540356 941878057
748364228 772047977
846724174 251621119
166135801 659945437
637590405 446911481
849447201 235279061
553288404 871778161
706876420 500722399
657831053 958208683
340172257 911414927
514388942 453405157
525126335 476806181
166189907 150779557
709083554 241331897
985366126 118553011
65611014 202485937
881991414 524992121
855761623 249613349
472595639 335982337
86516232 48719609
154414919 966363397
994845738 253171987
105361372 685997743
873479956 458644057
944994791 262316623
294956977 162211271
148744174 509347471
791697270 730013591
931018942 501018971
559137617 535299671
873671225 707312171
340686252 399447439
224100748 392793829
243529707 105334573
156974056 645514603
984792146 296951309
466054172 570483827
598053934 125259929
476649483 60018943
829853802 84896263
355499321 36914453
146301213 143792269
890805696 700749617
289749765 255513883
316177498 601795627
833165769 206531671
560346327 200437597
495831205 165720899
730929334 79109171
461782867 564753463
97379476 757148921
202288100 680252557
937572333 977265761
580941517 55965047
614955193 133755521
243209036 599791319
392311721 255868519
443569626 109323023
503654037 635093369
456475429 809238091
298067112 586392299
355061901 384071999
166937460 381112283
465684282 1764193
755787252 695926159
634854366 282396341
379445705 544745701
27687520 600406801
659141729 640969477
243195888 910218173
329637650 449810507
632862619 815787761
332077272 301783721
104838233 69077009
217040234 697450357
632372073 364602197
486551100 130679203
833707123 469640987
476406733 92063999
761027568 938329391
87521927 406881907
811171540 447275093
110837240 747907759
844315561 963826261
864004791 163622293
275934817 101664103
683165088 634756007
180318123 615088171
19886955 522987187
151649311 610558807
959182357 696043151
472157710 632626343
165923435 876050897
32771451 71808623
426005321 472502551
182568732 310292221
539826901 930398509
253892100 752386487
332469334 743584379
463791876 304336861
258538255 808404829
370602773 196635133
787116234 409695229
57870987 14442479
162616995 398166941
287165709 583215901
625534334 757580081
672875633 671858251
367367981 616066249
535343094 71048407
598504877 912288127
124002685 292058917
885922602 336024743
491821810 168226831
235635779 810254947
751399549 675419233
339839820 154320181
452321325 554809921
418317694 349285067
461322267 797565773
160206756 679656797
220799943 420952799
7419113 996542621
345127782 525929489
307027908 910414381
534140918 842548381
958831595 71129437
806123731 409901621
520237786 565091599
676071544 127711061
791673046 92582183
550432371 758145919
968730996 97642081
503257981 512391013
503088575 334664573
467021514 751621201
493179655 165013553
928406445 791197133
966482489 733468987
667993632 689220751
185204627 685632511
39437676 289358219
594374551 690825899
13507658 449754553
940386377 201613927
362438718 534955763
137046814 804792533
611954304 918325817
519367337 90771221
408568412 241803307
610093098 431985077
702059005 429778777
836216074 288611639
562925868 157427449
579824580 198329567
40886600 386168203
427318824 742940707
90926100 192880703
560252358 890442271
407634593 974434759
298271081 989954507
758167145 109826627
362288454 732918449
796262628 54761737
983539566 942597463
855652075 959059847
305828814 9123061
934659048 468807769
543488944 84919517
875989252 147581663
822592606 290941103
972709498 132265597
864288215 507072029
143974966 124706677
870870540 845833253
842890414 872148493
29972888 29125543
927606561 707550983
769832849 210537427
156565564 685053667
285299132 439145951
938513321 678359141
284453340 91162439
805606804 425448041
71002756 461157349
119175449 558008513
565788837 966239107
581891158 562713181
509310894 503597837
896242835 309229603
881804896 975059383
693634695 317213783
378727376 677453747
666055830 298182679
491951639 873272633
584031788 806837929
669865571 871503037
205197525 643002289
600042111 114145753
998574204 190178987
363990214 477395147
325650283 815147843
485850185 737594423
708651018 427045747
698612774 758600803
74794124 173445199
3401042 189928051
97821834 729278009
605981737 467767369
554589814 749139821
598571616 319865789
213164506 769853797
609072516 178946189
655007773 373228117
410752973 138058031
145938157 428303891
973385441 952621531
633524418 823987147
318376506 577442059
664503965 611134099
756072160 462325349
361757884 691505237
281920664 647882483
235800619 149744869
871981557 126305819
759965202 656810513
3343779 980807039
294789123 984223403
162646054 162524519
308085668 945780751
633911510 886756531
382326240 12999143
762549468 699806623
240891584 183970019
120462177 844790819
168294933 191994661
572420427 671434817
397712123 380495873
655705260 605701553
7964617 875813413
483628763 384346337
920151526 333326083
291100499 234767527
249450393 505721417
289965671 372335251
144892008 804526741
378978316 613687741
196999048 732022451
720501210 839985373
879315818 210301381
968328016 366333967
610838393 521973421
828355386 81412339
394270624 66588761
521103368 21992599
101848593 285613423
5197845 85935359
722555301 288855001
994767752 512918863
339249516 981529253
219738469 385100069
36233570 731788441
353902391 332674787
695016966 139078729
296190799 365392297
221160107 798489379
351334397 243960797
588611751 344339711
113435241 347467643
570517122 792668257
929743650 470029033
287635473 422528779
86875820 636727549
202385809 965869963
50434771 560076589
278660793 459277571
566178680 164950559
810634183 943897289
664700766 36890453
36846445 604350533
94118992 457195243
522798657 253531337
81539319 476283911
931244180 942572399
495201256 637871347
201329362 38736491
26712792 769227761
477855876 557652757
603877604 530605651
419328436 322487167
371981642 278283263
546768550 679511603
505059006 366780523
938099618 772745837
633690080 624435181
615873423 723050813
666989641 29110649
143944220 235663369
9545780 231703811
450680397 679057501
800210328 137552917
462667345 399358387
727060802 869322397
416881732 768126833
396384709 210311377
55040407 854700241
921442606 1848443
313545121 455976821
806942476 409126547
763764045 756700199
158683879 225543257
965299755 254285501
430429529 110677823
219085310 273714901
112150142 361089161
851012433 951118979
479525089 521134403
383510702 584911891
769907184 852499171
30223747 113525129
915506755 962582371
151745125 712148971
843233803 895497181
325034892 748654091
365071860 38214067
425858385 687581617
15468179 170126059
402970182 904516579
362216892 162897457
352030994 353604161
261331631 81205231
769681727 978662689
915286190 718213799
66461962 258724129
614831580 130513511
550378323 808676053
81361132 69533603
615986046 28527419
502083836 418009913
878077481 863393351
156224904 738857501
72655655 378490943
266562395 215232553
483685495 586317659
812769579 997795387
468133886 396120979
804507509 550719079
508930491 834975277
872629311 715223153
89481028 285934639
968392578 109397903
878238232 662774579
104831856 586218289
420302643 520374341
724948945 187491541
154146691 741074507
861237990 84548899
322636878 808755821
120708537 947873963
949536378 585596677
959565186 71315977
627640354 4550201
116295854 211122101
914184556 942158929
701918387 593924197
373554914 81525923
774975098 32851081
170006529 606350623
375447394 732929941
455954493 328427839
33056305 894089969
313986617 550519199
74584314 8133757
353570690 912278273
266171937 540156103
768341785 62236103
729091978 631270219
863562563 136847357
10682922 790533661
79617619 171327413
389793037 790575791
69388250 132707041
492475408 878675419
65971166 81793141
52142845 275285819
233247683 563732581
645328122 238354213
997024549 693013331
872549148 898919243
373014243 129484451
243380055 237558899
841287054 31584481
40579975 285766009
564222407 94208263
163908022 179825969
598052954 293839639
220643809 781449937
549202727 554055239
518449061 715362919
113850949 538670921
96460769 190454221
861083512 348733171
595754599 282819877
85592028 95413327
879583784 623311673
42900404 88454551
948142076 77471311
686776554 633307561
697734333 313007399
579113258 345058897
152566571 797345503
785866041 550384423
11059758 762264961
788594537 54484057
476165854 229791109
755314472 885470107
20513429 606830579
2617949 61537277
641414056 268792541
545290704 408669997
447321181 14689561
987334766 974047663
429823309 211416353
485865680 39201737
166760275 748862311
105556883 360370873
402963068 2950267
15478617 615133397
419122372 377848529
819922481 978944117
687312915 220077757
577906426 574563959
661983773 85589369
253230668 660085831
273653788 517096357
46849721 226757171
115573480 316028599
44588010 382800053
58190650 563978419
317360997 678175019
639285405 20507381
563821955 846856693
774197145 777550931
211385812 610029527
255463407 640487717
268298062 928424389
992988764 976423429
166712294 507389677
622459838 530223817
300213188 287066317
721898609 631693679
94101971 301662451
38128735 492287317
862847999 584174879
567199444 867716671
122346045 103043621
633949016 637437419
975791530 62556331
476049781 450623941
648450389 599441263
614916335 239083363
565249387 704634299
226102457 454649623
285247840 629983889
129456131 677857079
615468982 573396479
60224816 902458589
963031181 858141013
717985428 99692161
628383023 28178089
811528602 77964793
476177718 895166971
924004732 98687833
429100283 534419407
41275910 657089189
844223600 791267479
726441992 737335619
76119062 878790659
70765237 850637747
221926088 711238201
534673491 728200427
718687832 459978083
52414572 681941851
61026588 920209891
954640801 881655391
127522204 788061679
900889743 144736877
271863405 191120773
159408534 387098611
765167713 633651671
313875947 146755313
695962302 280215973
225698657 73602209
835701470 168762739
416515626 946833431
148924621 779654399
56145854 823995961
242898426 803388167
662341438 846876659
740867553 336261193
270421756 224348479
643929257 99316663
576589390 291833929
574889317 523480051
475077896 425980103
879948752 714733627
79627639 147800423
203654626 780340801
482998908 785553001
113563533 346026533
454354668 29993233
127760036 838437953
46833763 430333877
935955091 612809069
416105272 810001747
91708408 302869537
60157164 414328571
460303128 200730583
252788933 768368903
374695264 639758027
415743925 122894041
821471468 991316147
610499209 332704693
547913048 934190203
82000890 491136671
965728268 107704529
639650316 593856673
978574261 147207727
544616282 869618903
311147473 346028987
111390526 457195381
363675263 633620789
913253252 516024599
204638563 608223289
857866372 831427601
262332552 448249237
205510876 592176397
318439890 103956533
254637579 747783227
308976553 347540113
26416075 549186797
476104017 213210689
892880767 253010491
45070490 838920679
678595123 618195517
647142435 118664503
773064076 668618123
214908131 779509933
39620665 582111119
186052540 392763127
947522818 75429511
347534527 1563631
680320573 778302197
121926643 33113023
353613391 342894679
913295270 515689939
39873176 962517901
324132996 451596659
291387224 23933431
714952205 774750199
822100523 246754447
546625064 677754809
762816286 16893089
955591994 168585649
416827676 453301669
943103495 587133377
365036435 426408791
185284771 806511557
816404282 216973909
99634305 96782549
107772226 222565969
988237030 791255573
54915417 800188397
198258278 157903561
484853716 431616569
410088463 773465207
374920943 862208681
307855231 692621533
483146785 359472569
903615692 536127451
486788237 79310221
18242243 397837351
69149689 806459509
202598787 711244603
644544623 449497247
296542720 509198087
653444369 502772287
133625404 666073799
57075030 394152133
990350431 650870659
659623597 748201423
376342107 400372537
745427928 654953059
990482120 45853217
730885011 211271173
290186737 198527221
30224733 764891977
79042922 106452727
112903050 526955111
65757589 597987617
581292684 68141299
913238304 488957471
351599635 169825391
127032930 934134073
468974112 153064423
782097620 190009679
395183070 568741267
493452961 735797809
818651603 48415739
298074485 742383559
882561400 224479027
308208204 926816101
56054110 517520837
85925836 517841563
281137716 939884059
324795983 510187147
51254235 69727877
768866876 296641459
81206376 637149959
634093320 292654451
578369140 475936697
65259409 239133317
546225035 207026893
897785154 652955549
694222469 274921931
341544412 125503649
831947862 793667821
600474449 834057857
287042092 618280051
431480782 824599213
397744901 278087741
114008903 496091633
511580022 904163503
252313012 984209663
259734718 132186827
37783043 206294171
723503450 154376203
343659406 754151689
46412393 509493671
124203910 596318627
17380745 711834503
528498186 897596449
2458220 869961901
637910588 893086111
938322687 906556009
323983470 954720491
212387512 90994301
401342691 13781737
599045282 62420261
662791437 474053539
397717105 403986377
818891694 665424413
858000193 694550587
446359292 803973647
77446107 827006987
806613145 917825177
196267597 959822099
960908517 923972111
531190369 608198291
539540813 464530519
908378376 545961133
918731624 460041817
247452926 133133713
820461863 163814983
965353678 259385471
129689331 758024249
684284908 843726347
478724382 210496333
217460334 75654571
175010857 817373129
116280525 593863883
550511634 574522609
649829153 32723599
439088392 217927009
849852856 35594249
840032597 239827837
671375597 274709933
24698151 937302659
523361742 258779089
258856223 304844957
696014523 820588231
873572589 700226299
427549522 119159641
267011192 168726763
108995556 292920499
816065196 186107699
707748783 79559321
813836320 920328547
193629380 396606487
388560564 531881773
92041473 503708167
830282064 767864711
247065375 531310411
185707414 734467777
652448811 922398881
107296441 572721217
951698087 462109897
13094124 270680507
383698826 128883929
192437805 62445013
333295692 694816897
50062800 20503591
637564199 146830609
763683313 90672863
857506697 358264189
809933389 739296473
882681389 454725751
802023371 719417399
20667066 645078653
394673787 808520437
673496064 752998417
976012862 731603657
624791653 776194499
799406317 152868461
209053363 837291269
217808522 217744957
123230426 38697817
730987425 777712697
292874917 448030417
667805158 231920933
161850705 239967877
731826492 264521711
109595900 92110807
101164723 567174551
935561513 555043211
522397930 520292579
47204737 197970911
942423587 44290447
826852855 833756513
768805527 323187001
983234683 202411873
202497123 603408119
475527492 51298601
705581932 675250127
570588075 839794933
445837207 226923121
803423000 433795757
116745140 910980523
982710904 62184593
817444853 26709323
404855808 997762529
326336213 588911051
430715275 232105739
833519937 37194133
28308976 49173413
355876756 524402191
185699256 265578367
464824172 921394043
260685172 248448163
419672074 847581649
537821927 696099227
942260182 44191643
642675455 878510327
25422661 369861511
178922471 986419099
2124734 422984489
722865165 829058491
897061208 190175599
772853087 204122563
79414467 842035991
471113863 128505673
265681765 365640479
7687946 425260447
870543353 562378231
658081822 355289981
809409609 3639637
566190568 464691061
483971206 231394073
155855389 12124531
9619914 972247541
289945367 888394589
294878870 377740163
508993173 31062223
833291817 571760023
378671803 190328539
810335713 69101953
466563904 274046191
160171200 245516849
248001909 76468913
247183831 465797663
890318478 1475003
612433618 755558099
319723709 372252841
600495024 789268699
340080366 960257201
411490884 11656537
459695529 585633403
53958889 276121031
628809147 366851713
887843591 849107573
593462888 341298163
662918849 595077521
767394677 163822751
250551892 106558531
579167012 707275181
769395909 410465743
485389384 390810419
517388899 586323667
905692729 249686149
840670680 683883349
182954263 102064169
3358126 46775639
630778341 534333743
307938021 633299039
737787291 111800431
190798981 479751697
340618712 794922929
26588761 598848391
874241179 481987717
966323546 580766959
990751911 12973099
322677833 963903917
799464722 95066627
256396810 811246159
920824431 306405427
806149257 212140987
248793962 179526679
939164592 318921697
162192610 68070781
164019437 627300259
233155072 866127971
145895357 162076729
398769577 24118319
216434970 57888911
139224349 73709429
429776260 87090551
217427854 688746349
125175308 242470493
448243062 62602607
831203411 929311597
541401319 659211643
292015691 950588203
943514196 751097807
909113604 797041331
490987942 853876399
689766807 848040749
493109223 992450609
890471036 942045127
640088953 818402513
592961990 157364089
695289275 480178967
795454647 71336479
959792453 583564417
742387682 779533327
228768657 51158573
939327624 462125341
344112619 382146299
773275776 943465717
295568948 849734441
32289168 935378929
377816004 504008797
365011727 339325111
614330800 517824133
407558144 645131479
891864475 551033909
854436341 463932251
527352300 729746011
473437331 442267781
45291153 838721563
697984070 686904641
265151786 763585817
291896132 782973193
645816496 519856837
952793537 633054437
847622620 497018761
103899280 38974391
368296355 821507441
104865228 528459097
217144235 215082979
112332324 686711581
51754004 599599919
561146812 828492037
431056284 668116679
682354364 932157797
298668310 41996407
850394613 213769837
231212436 632501743
249492551 480072007
171747294 117709771
542080855 947911693
69256866 868864891
87307603 178535243
952350617 861172357
749717861 28498777
595139367 833819681
254053081 712326053
868778889 16512959
851218410 855654623
907961917 963617117
666002040 94833749
696952564 512528507
671124370 14864609
265132160 479532503
756111200 33290141
792124145 538495469
150135188 657160123
964602584 808273019
147454253 681589217
940069325 204734471
346296159 829192409
619286793 838471847
546739284 580299911
92046165 528949153
573450963 575065247
431515480 756388657
995574071 963409477
211835759 618414911
626246292 316881049
616812940 218473529
977136430 116428009
470524070 736969901
102556280 564032411
969354090 751696499
882149371 694847311
559720054 277754657
518100874 751874947
163727112 547658231
743953652 846863021
981437229 897625549
611097394 617763893
225060934 261603763
726383880 839319031
694345533 203887729
942387869 356548963
512226270 951621397
319571263 654587243
277627424 23656187
653059351 346990871
749933935 169275143
469162284 533426977
131037152 258412741
592783904 478361539
613715224 164732713
203716387 850284683
550966761 11431549
641835520 89893487
969970225 177158837
556973451 933100321
48578714 897672187
472155910 236583461
564634755 700285847
868190600 359416067
303678318 388107469
903259237 229589593
31327029 465487807
905985727 715786457
695453318 41142191
73731692 133837699
331656381 635931697
837225278 505350137
569594910 611477653
390635776 776094041
65283787 500925263
335500240 589260767
585598402 652493173
44071217 577046299
51081371 278233909
387012793 2746379
567734490 920408107
9604518 817364411
178341689 826010027
718211272 494102291
901876172 68084119
538134709 13290467
672770502 695449739
548455641 305814997
847229251 231146387
725504032 838468093
921279280 813309859
852312735 809855177
737188150 816050069
29206282 712576127
391333410 371922247
255733726 670222349
169953722 954916817
937983381 95149303
307447822 241269529
97377290 782001667
160827602 609520819
611633943 561343067
238395095 270336949
36297216 44113067
426919872 845675587
988508655 824155979
741697003 38120759
682261315 923560427
823571597 804942301
822032138 930386273
412848436 225650981
855591292 560509153
130751674 21355949
293989082 257496053
228419548 13825303
189818356 160191049
62690415 67204331
589822710 826422301
659254666 361316003
888032316 675292577
693711926 107472433
924847860 275320427
920695956 586271041
591152502 64522189
427935929 375676009
688623590 949706837
951305878 768512699
387437627 106307059
954858642 154367963
153998454 857463283
275514730 997277417
6144086 538860461
828530428 714939671
163765766 939866581
899000394 230392247
391371932 510677711
148074585 84090287
193435148 630782011
430797259 24489251
977838537 926310887
576560990 332363861
947094893 506403671
283493344 873399283
570264051 597589
170617604 296534323
587494195 467227571
722087259 511852843
836588602 577626349
221669707 139637689
827557690 740073419
447907066 73953577
143704128 605389013
397485492 314353717
378950134 416462147
210955807 91122539
242395606 724060231
379029610 283708849
619872695 591319207
961951109 423711227
261915776 244431533
501938429 571118981
361123791 847206109
905280567 83980277
534343929 148075429
702933480 774476533
674573601 845449313
15719394 492940363
703454124 176215973
360141435 817927849
132907897 135427051
896112505 728311919
45334063 57164059
317496742 700393069
59933773 380321083
386206902 122771783
830404681 174942263
900827960 635021707
294309326 734451089
289611942 441605947
647484815 707840153
479637812 614612567
581971695 16549697
114176437 842641949
218011724 354536213
391037456 193074923
740353651 520266781
975035844 876161633
396547309 299003603
412910592 385619797
175128585 904512751
825496138 921296251
364175364 208911281
853562772 127615157
315235912 31533119
435059041 116667491
555272531 351221881
167593833 24497579
81825634 133470143
817818360 777424849
266596542 427543379
647072507 832384123
97911872 799127377
554686761 243830809
962784034 71113187
362158377 66830549
245171580 770010229
268055525 330200023
695366514 770238089
855120355 117059003
548286151 287739167
735163337 453970003
273791076 739903739
934646651 816350629
463105586 988412449
579081820 495661193
881418301 586391843
406420926 923909683
862632311 390832439
79911106 441971809
683614017 112155191
567396272 959537431
329737725 737858441
5558569 800470471
736226059 467627119
382882193 424791659
687694832 75861209
431501435 288542923
297662432 717561179
13254569 424817123
662728723 95401013
980246761 851351827
205766946 868948559
114415036 222451843
918816769 771797101
121242622 431269589
266919504 512357063
889010741 272516737
150303085 245862811
495784991 280412273
553866944 192648949
762854528 263411879
203285379 674811491
579959721 67422611
521098413 721012139
655057003 752528591
568459111 161884273
999509742 222000733
764674723 332519503
203696496 123470663
377311876 80303599
61603560 722150483
236636468 641836561
302788774 602121661
205815373 224334977
447163984 977678353
882757262 37519733
89333168 497016749
299396130 347987819
682226958 395266423
676814865 773125361
116658075 429686783
31689936 372056897
23434346 81214867
718067210 290101817
582169057 868856693
865817526 577880437
90191849 950125279
648635648 529681787
354316144 253454059
608379912 274070509
357145773 221482619
448014511 530461559
699928029 371161993
373450325 153760609
228445622 914363287
300830239 551238433
525510548 709691167
635122877 548970101
130011811 149013661
821656730 406368191
558216545 292124641
626730476 476027
655723963 672990581
301725915 710208089
736924754 107873147
502720813 870648943
200599851 678480457
399148683 223778011
924666794 350389433
274205431 316666397
320546111 377724719
108657697 858273259
79627979 350555497
3946945 73205887
721840851 361693793
720239415 79133393
15547110 274048297
318111656 795070201
329656204 129662773
387458299 371245361
817382888 629046239
158680535 975791549
53325229 10202711
159855609 657205321
863421747 797483261
154238843 901564483
796008127 261495691
506689185 540651343
696869195 193839641
177017909 167552941
375346926 944369219
814253795 918757549
99017773 856401869
236641238 463417387
834566173 690882701
791351716 227260679
224143101 217403957
454603926 164377583
694905031 319905613
498867029 17401141
969103402 77425849
707205471 34327421
902002828 391824149
353472531 4324751
263656776 733452077
519624928 673818283
822836209 371806861
845809663 555935827
129410120 301012249
459447068 478292083
500586979 332504657
721441725 668418577
392516440 677540033
684164764 554733247
581135009 977632211
408026637 122612999
628338468 972972389
835430282 586481719
316979675 990446011
893296242 119841481
465708405 11838521
458509155 280298441
836941489 57108757
13800035 52372213
169824018 212652079
945361612 816867917
466361170 80396599
38208600 47792431
307528206 697223773
322637477 908794507
527630526 400975811
341690410 98983517
851885883 164441419
610290735 440385509
764164808 846647027
131922244 119654149
415366862 793925617
659991162 67011193
355444010 306385097
765773916 465079723
136077784 240180251
340991198 46134827
32578367 260890621
789636197 408916363
324716860 508630459
741883051 233776729
497638929 654399517
50532770 84083033
302543320 124784623
623385656 582954313
38330331 28133143
169976750 573914293
81383219 115893809
215627062 76590089
430747233 286379939
316746733 636534839
953801080 928327121
691864304 282071659
177278134 561457409
205326931 380620553
47338858 836245807
519136141 118558159
144297287 98032709
432639649 153856777
791142150 376454587
927693406 648867503
186217938 358426727
391771130 842693083
270651578 850369433
641646944 32593117
703523860 55430327
79224829 896464577
616269009 397801451
650168047 864866071
212412519 164726519
380702727 982307059
5013452 332405329
63269288 341925377
486503987 954008591
834378798 97108247
725964461 57352199
364562048 975393389
85715363 420295433
625911856 47156381
292460080 920246059
458873163 873305441
566300093 322569721
235629966 283670887
727448406 553399271
918838135 92582947
513959546 525719807
719265739 151809841
971650651 399727117
178631801 202935529
400632096 85201003
904930171 477847477
484148151 293189791
278543593 864713639
623868858 108066799
554715782 182372077
942362472 210278527
359592622 334275941
723017047 859339181
366742525 951916879
723150219 588627673
976904662 118252103
111533983 968227217
733194991 149575633
42990605 222053549
359907926 355047263
692661101 956504299
141701069 291393863
882401763 433113407
725491372 512431369
656456515 691272709
750395346 315423799
752725710 711952321
513254423 259584629
496156144 383319011
315506369 818182523
175901129 940404007
383599209 610313939
593782713 621158761
662270028 661007071
595615377 490475003
504665907 652108543
728293361 573737803
769957478 10679983
959751007 233290931
387417095 583613237
999909390 760226557
207802819 856227727
40095937 932610607
235742768 202652111
927526534 272121299
665798527 392912033
342085557 368261071
559521275 812235559
35956487 732608333
897972029 753252803
122748504 106601861
35145576 123072973
142587346 169209107
289587750 6535603
292494484 516370343
320708827 141698177
32610661 666458899
145406762 273175967
101314410 378739967
906474043 13293523
176081297 34334821
409534968 122320249
26153897 133352003
129294403 164100253
78941731 19743553
845993884 51214991
772900234 636146207
251426697 395939617
254076488 148181849
408573872 280385153
102441842 19901107
178285143 149091403
33519524 748981283
415481635 448981927
834444250 312398161
515346835 136564459
276073941 626864597
749012041 408027041
631655964 185371481
761130871 386286601
579806279 279770797
260858593 467687081
112248579 158890357
311519155 182515819
754978723 672443293
330861997 378739033
131628345 407007283
849293638 434487499
609674750 143432713
63556877 180687193
668282513 148728113
590897675 25829203
334347890 282248023
31422916 630495029
813742728 749185487
842366869 154188029
962927946 818799881
510588755 11036419
224347043 356226257
629588503 218374621
345107613 951052667
902961427 849712187
827469300 723606421
999905118 431614307
213889829 203472169
340316864 594764143
421830344 734572313
165340792 576276539
369357527 508069963
221718755 82729219
632206354 985560211
261071355 141231989
294104999 451737397
661780568 832976813
749101680 654212543
110392109 43879939
354552011 219279659
990255991 987178529
640820996 149093557
627799235 585047777
720792301 299886061
562181776 281435669
524356065 58654109
714958087 246508433
341050225 173404157
423448318 671494211
236343638 301664431
30815773 164650229
6571752 101873749
671043499 148579117
749778478 173412857
945610838 741574679
70541808 812620541
93483037 894175717
392782476 614386111
147803544 109682939
960040930 734379493
681512737 936813959
158315895 862492051
696361958 882478679
852153630 316893547
659654020 184820561
727374894 982395307
607513546 161078891
254439045 376556639
694922781 788586917
869020179 186164417
42769932 15724237
821444668 494523409
809649710 9506527
403802466 411672083
82477143 236825821
5376079 334043573
362487500 70057061
401621009 729137551
94115218 631864379
361188300 745273091
665619419 525943193
721871162 800450143
670500442 793596061
301169661 944963707
98850991 884896867
206788846 80266873
989613505 13889747
753534236 685137709
109314639 92928023
503180910 303315737
811400963 333419951
520801411 8043877
664542496 486741407
828284947 160551931
186247345 711640667
122851958 437152867
608329055 746458367
820661732 308392919
5646312 487311871
358924958 372534863
754664511 129997537
219873657 131072999
728909423 542606479
221806245 856187713
3248609 92311643
977117137 544866209
897046921 827422919
499776330 190905139
721996391 496957999
44467909 446253293
984280257 618740999
426746736 887472517
621414845 282947321
220075932 890466503
954418909 228289207
198145401 753205913
86537449 521911921
189246487 339049369
722425298 784046863
30885854 624703711
275347413 406938907
501559118 893306273
204008132 633145171
870236950 208118411
595464949 258206519
320304264 425218753
610054391 310543561
616385951 260768909
708686890 205504511
320921751 783966563
159611880 889960697
48233315 670904081
412479408 383073217
363358854 413076253
503025119 563505623
302875567 638745229
98508301 773862329
611538329 541446877
315050179 693925759
977019524 938583973
962113445 189413377
336977523 13581457
291635726 548565559
217734917 397729307
188006851 367661633
354474457 739432219
104413522 110976637
209359566 335830333
882054665 225969851
941294090 285087641
790537173 527068693
768055513 107114369
794912017 432966223
438818053 32085241
99399455 88770599
260929361 735923327
593394309 473809019
572614955 743839139
198235964 683522261
850488076 937582291
769239734 863331071
268059118 56857637
620297361 585563267
911321879 153583993
713273163 770388221
149327346 564452149
805636204 480533797
694735457 900120469
447704633 908604197
897169122 984336571
260264875 419863751
50862204 566875301
791449228 492201247
123555792 639848537
923180164 391647563
123293168 80407039
766299943 637237973
564141126 550568141
506401767 79221421
46496666 897439853
310978893 738790909
284399907 971320607
943058838 169530917
118813652 751352423
96945111 58023281
126762640 517481449
398153240 448570523
998904512 580537831
863984135 325307777
648823418 72535571
281190223 400256453
88041022 704469763
452349144 279755939
30665944 211528547
548785956 337787081
813977690 764361863
450985023 26513231
536253092 394804769
239631938 453889633
711536663 365404049
399631908 865994113
371080996 735822467
344102071 663465923
741475133 983696141
435068850 843327733
771351648 675687893
256167178 406594511
343599630 616877593
198393300 979208603
60560112 355653307
14274694 329697791
700651050 57554023
259535915 73122029
520304887 36899563
600714391 187949441
808972973 905600431
589722735 624284303
133990101 523952101
159275139 985977259
535146924 364901177
877305410 297579563
274042351 593520691
14455846 197101759
542249511 824215211
204835735 487932551
320779148 580942301
818546826 152280707
814569734 403094801
752677047 266779151
83964765 380038469
749390512 875517497
135278537 379214029
45699775 584914823
905496329 226530907
123175167 284025697
40809733 822122657
20101184 677935757
450049712 475877887
82069389 82129637
204060540 35327
521196324 692991683
942863819 369421937
654792935 119528831
183598871 776207503
167022092 362014943
72732889 329491429
114953871 201394093
217211836 538954139
249096283 657062713
940728463 280350799
133556379 856754407
565297342 621496787
442702135 5034247
625722257 663469159
957042516 22315721
275364156 40669777
74261891 663934741
598750719 192255233
642061995 81140903
465727244 481542829
831300018 799104811
409641594 868206589
648807769 470983511
112816090 138155737
358951570 675637399
846643625 342787253
629733671 721258673
69133449 614190179
885747758 698722021
528300331 39157343
119774598 615969863
792475620 651403261
645082987 463112497
443055864 855449107
223527844 885339563
979263095 849464503
531395658 612032087
246205740 364454087
691338212 118818367
16951797 142670597
799056896 972284273
707297284 293424191
338113728 182429579
679350658 8606737
630484261 182569033
416749991 459390289
398041663 292833061
322489535 261506017
732973872 307723657
977243769 151189069
466573851 890689693
106305686 643554929
123894529 269091217
629138645 939386053
180376199 686713889
817985015 952295503
368198848 930163219
176911839 375447713
229321322 71089471
246264950 732323651
628333564 909601373
85682467 14575823
699923257 537647749
695245570 471684457
192012217 511544827
456411934 43337491
697096690 874978597
404391751 466272511
495001467 308298031
781635227 428805187
724385172 127420919
227604744 729359443
972670328 276458687
386240359 493556171
656548402 66217517
663604805 321634427
860403712 712896187
800839562 758954587
74651306 544510601
273843169 24956143
910930915 941053807
884938141 35740891
231426601 563172529
173725562 164065871
731158673 441475813
281427876 306852191
310814154 865900577
212905791 626656999
363203975 98007641
272460485 597640507
557063297 404842741
745226349 237963751
693074184 224549147
426994429 278025131
916528227 731296183
975772277 465885421
376032032 494658277
329679980 221903243
474010099 9086927
570862339 475339021
648220534 619080599
199948571 377490199
95241700 758151733
527507918 803417047
823041643 997797023
606353773 74012243
67742783 654337139
702338379 747037399
689353556 816730913
406339381 717796829
365014574 869394803
300755639 852985039
112786565 55813129
808647651 512661427
324679763 160947971
794115204 678945263
831999637 449482519
772791706 98063611
724770836 234386743
191751937 86485219
414787303 631086853
355449643 330217421
599446905 579450629
182716938 77102687
40683092 908135351
581395972 825112559
859193288 170971309
491744585 74293831
678480021 527762749
433595558 372066059
149536409 747670139
420863903 98653343
116057642 287205469
87886585 8151179
905966487 751522649
895874080 445452901
384668423 857722919
148955655 622114769
585822164 148681931
371186202 820995533
108179659 627451273
708493038 968469899
895540289 178949167
414484123 63321539
184595119 323202563
266059811 130620359
150311619 958294787
822659021 533002661
758782604 785348341
971700608 93834943
70072030 516049117
841992890 287783897
192783794 855562439
310550927 143767669
615330340 655696049
540156815 468958181
197913813 8954867
342058432 887807731
447744472 14855363
96123267 534297149
307400003 8803799
910366842 945805741
733180163 159360203
580064017 735797033
564922792 374467739
692939035 124344301
950715135 908498893
506712271 283755349
188659962 14890033
687473228 447386449
295526879 802874557
722404283 258343681
650954945 542747363
262398087 707088979
5514083 704517313
237654043 873174847
560454768 133185229
402533289 592158103
854717388 825735329
31230225 784197223
104182070 765548957
617417390 65461313
352829108 952723201
66073742 77519653
618748544 113630651
588260358 33624947
257088478 82294241
500549770 217470439
881136180 589849769
417723744 69617479
352807065 631235249
303845385 977388437
67251122 50830783
356812011 242792171
888719970 214895243
611688178 189082969
436460718 606639119
806246293 752526083
86697894 225081859
633509800 125385179
163720184 79714601
153099649 322624241
880376141 939408791
991059227 752561143
306883589 765268939
168033045 867794489
202724297 902272699
724870080 364205921
956705649 228309811
28064607 481724429
771960362 647680283
263320110 541307917
899802388 977365999
537304706 998816843
662146706 22182847
536249890 468387503
828031723 347092021
382499412 709904443
770772858 915979763
713984363 225803573
316359576 64150643
779551397 226291391
907851203 900085301
292851616 797846033
241938437 286452371
261468254 973164911
793793873 548167813
551888204 577087363
342238358 808324897
731060801 436052327
749864836 302145673
344568289 249146899
346649725 185041271
976678257 130997729
666241928 56916557
745060886 822228683
207305591 394135051
825782418 47448749
973456850 188666893
24345483 389201789
780771138 693973837
800856472 910492201
425984297 381519689
964075150 518358289
89225029 570768491
50460697 714293071
347813132 294852707
520582559 424452109
729129530 846891233
457136976 924760817
86788252 350817839
455744213 125082341
211052491 239984999
417678736 559779991
522659101 769674973
697834398 173293229
728202800 24522191
939594175 262234969
379207369 670619659
25096716 315106919
850592334 551154199
60649973 794561081
306141926 923898049
510904734 711368131
262247620 153083783
758857134 2428099
50598086 260720407
198829465 880293833
78584645 978218399
39963538 976945133
108431516 494240171
975395062 182657669
959271711 133745357
414834916 763286269
844959342 490147771
242456000 274809961
110453413 147401701
319151120 129538993
56790861 948830161
758209381 103057873
836827059 21481753
542102399 502038599
305926742 75041353
58825677 46208471
828851771 182947321
507199832 568870763
502182752 770731477
574810287 338439623
30881740 604159901
285193163 772219471
337607073 55214219
748236518 295501397
44008874 278815219
509102747 562485733
781695332 631584337
128679952 363478523
324648931 143808629
19558090 357215191
346981357 310674239
16872024 910559983
148704503 120163793
385192141 228000943
198941464 476183249
628970227 76736791
700054651 110333129
553079685 250141361
949244559 911945173
334530260 987445007
144550833 853883399
113504002 549797329
485590984 883084633
447091463 923169631
261993105 565987717
631313579 152040719
21411063 309313019
336337223 153246209
453257169 559948687
484048707 66222073
840500532 186572129
270661981 204901091
256893436 461413487
866305749 166964053
894532412 186924253
887118933 611820257
884328546 246503611
692510069 168954833
756260084 113315327
219124621 15638041
275039274 111108551
132611664 286119121
134101398 257590031
577163400 461243281
155980637 713622731
707932590 176500213
761535660 395884241
568209530 225451013
270988017 838101739
904306971 690039457
856180277 771592001
993923273 451161563
201157565 459681527
222701377 522957979
979252097 850960219
886049130 495813427
628256476 133855831
20661590 179511707
64446559 511821383
604967178 150002161
432398719 814923269
266278318 427086487
535442760 65867341
183117601 778329323
122135290 682566041
114541474 114279119
966640905 929999209
357565833 215389393
499219395 459331531
549445484 251889887
831100466 486575263
384104158 582957811
501096437 895538627
177502972 793657169
453025816 432872981
404958441 968834869
33730454 280410751
622784316 144326407
317642503 53448601
224281044 350068427
684336400 53610943
749621459 229333007
570442905 100608493
43641059 998208877
989113583 485284157
743524726 573492743
399827898 895199197
427844495 221077867
800173353 210702467
657603318 145351363
138410005 175687549
243064853 525654089
495710017 962828423
481532846 706181321
190157567 248205091
574700490 119823953
87129455 758614081
704253052 813098537
54945528 453961513
178423330 483521641
572529692 753885701
938729574 177727937
242113192 139586501
424972031 471725563
561192521 124140161
626210167 978106561
116479234 129385931
583275375 800912221
542804856 27814001
438400323 914493607
106031347 201620623
250100708 202918241
846987209 911275579
245640209 131302151
229514234 628442561
878302856 42276211
179050693 614591807
663074721 388658197
264406611 642841567
442063061 405549701
887090289 722132387
257149004 749761951
463661441 747840809
678067331 271401307
241270285 792130819
377457293 849382379
88815398 71416837
750618375 192740131
564980693 403905239
775057110 472378499
124093228 824988623
418186789 568551323
472872687 450917053
998388574 135189521
115899654 787620151
476378161 522491399
216815474 455041243
586585435 749592733
71885825 45789119
176807588 126819841
915637575 110883947
666196654 753227473
969538727 235875361
617873793 63984847
215768604 443887979
40499264 613653499
69104463 568523939
451366697 824722993
579836150 191739917
233340853 84268421
984530335 414790847
141912073 373512059
611504606 670073347
110937201 139873661
971007520 396575351
593358657 203279851
941473727 717836099
528209121 912804349
239426673 539039387
134910098 18129077
469684469 729239473
173309701 66467017
478250930 434766223
883754805 592533913
529588135 430665451
551224138 856938653
160188457 489669721
521618030 930197861
877905282 64685617
54231346 12994361
205036581 329922743
5853373 976580687
481438958 690465383
592700645 637946123
544985916 808020179
177360451 986394683
61787126 941286947
140433118 409603819
273833346 567445889
635432153 920161301
458057871 316640411
882244418 366862757
566979481 41219267
100882771 578685017
992717989 379564033
568552720 963243847
553972718 295495997
424090606 223228571
113088389 958121471
715216763 401832817
489735276 495485633
549557611 58079113
238481389 391754131
820901737 24864157
317837426 434463467
57983546 261359737
925120624 853117483
76170266 457961783
147154756 930278333
552530486 398194651
447656203 298676167
122424538 93498569
770423381 654133433
247263642 654472799
141680337 26027543
843069474 268486913
534898519 586701023
122611987 460283503
903071030 326027321
766900 303618383
37630377 47150029
205719203 951263359
398950094 793947173
17715429 47552389
688400558 516789293
776273150 146463869
36147415 297024319
287778215 662549561
135415690 533061173
548984391 699522977
162085725 332870059
25659940 619466261
155502443 595842343
576909551 110872721
801854654 142787501
972249742 437921801
371593580 35299547
881506830 608076187
965455960 940606657
138917941 421481429
431242641 54808393
52106377 360539317
683909099 27723733
516893168 308366237
911301930 9961397
542436515 641485199
229658946 315872831
71753334 23036549
3392610 7065221
761158308 913600001
79269060 792797693
934677228 115513897
193956673 978659207
997490118 851451347
271168811 793985173
38178610 831068687
769939509 758432531
126625916 917652451
928871098 409751053
913675521 299254433
332103581 829342883
199518826 447639571
843503428 638758909
7227363 189655733
519436081 768766039
435233479 355942187
335086687 292948307
11389496 669929989
635176800 753307151
602273687 534533977
577720902 808653037
416249839 495716093
912635767 967527661
837463113 95004103
591854717 45629261
994303817 455031259
922658610 985872971
992111820 873879073
169079629 710760511
950733876 5591407
197982248 110549557
680897897 343534271
360687821 735544687
790402666 134732113
554777594 281503361
362626080 108767891
116034080 949977307
834640928 723171271
12714301 180571393
399902371 751569347
626497905 857689411
532809935 542324071
180133413 852329207
187924750 329586107
51396547 501373553
682034632 738705491
287096066 575986331
165233659 26467751
56993525 629429107
972862121 285466387
450916511 497875949
169155844 632038009
347088671 60423889
169957739 943987061
71402490 78852569
72419938 739534921
663727416 148001419
493575376 145688957
280887346 245150057
603607572 929488061
146822030 968267263
154764251 733405261
79533592 164588843
915288659 263754077
136867815 763930703
383165283 120613543
620577502 491891483
914849787 107403553
858328313 617027273
226226214 190543853
747632619 133142431
876604369 443815087
197416344 963424087
201183367 760526033
906695792 744007003
545701580 916108153
775006493 305662333
792663860 167041883
425904733 513336181
353926205 72554941
828074056 621803657
819336982 112651619
971179450 815408207
768704962 246901729
608681320 599079029
718193369 278880029
724471107 391541869
399723138 176216947
828702074 42037727
376711128 43443971
79167074 383384909
210972499 137529827
434426903 351258953
883866024 191001311
192758509 73123859
765881553 328816513
700001262 610922341
498471214 131258119
847858667 959334203
587909027 812748413
91540915 17860937
173988277 703461019
652528066 950449433
843624381 856924391
888962246 4832761
452758032 290038379
348288388 366790693
121254645 821879791
912952635 225071947
508461280 840175673
468478029 888065177
448641412 116727257
73949430 15941773
71652001 216548803
327924335 864296899
769563543 301643879
881974516 403531529
98244067 569513069
133916797 72457949
59832132 529726411
293520082 880922851
790579296 710639581
304659027 707182271
270293308 258909061
696734516 55929869
19008002 788309
416139773 947303873
430972807 457292207
159572209 983108293
563714923 32097073
42685376 40100233
611792840 616122967
219744008 428992301
94132437 448224277
135915982 844791929
580390354 777631061
132478968 631872749
26434797 930747619
691407587 28155697
764550096 937924217
165958335 142166209
745058900 7616699
218553818 946927229
462298579 858201523
483296680 145931017
101754812 215914619
462324214 162660229
46175717 417746501
834975021 642185833
704186527 511844909
275675651 937681229
288533184 534898213
844105648 419510233
918006310 932499199
449806270 118305389
176658234 63895427
188924191 542703089
616235971 836128441
203718715 43170619
919885547 855512123
859305750 947898221
842599461 257934197
433245349 47020333
35677643 29816981
365568466 156915911
981229363 983949019
758078236 895463873
820102971 707872079
877106100 648665051
707530681 382428419
151334104 82394737
257806130 257294783
725849648 80017297
648137896 47376313
252804389 831331271
482086688 563604599
267988036 38083579
36492482 91995661
93194415 210536761
203655284 780857377
662414423 953849833
73360918 473276033
47427567 617421719
593388302 247843789
464689172 658170301
899575678 372242831
429242141 428809553
213183302 574586443
16402090 119183063
943160948 921385147
627994871 268714507
68826398 333660251
31625209 632973493
156333148 226298323
286321599 236895733
850526271 59644861
25274606 178116977
740808277 306004961
946800795 217646389
268957753 399609607
566442996 700341493
337201107 984466013
493828129 23097793
363514823 492882419
850919173 872217091
750392630 501389107
921697022 703497307
993284781 419405137
956915781 355351567
343900051 528726403
35341495 596838911
778577995 13303891
224450794 223748873
869877607 549024037
734014730 445869737
272194553 399863089
496221527 53986399
653739895 714169957
96954461 369509171
42615240 162906283
28016153 561760681
668818390 939209287
494232899 110149901
423028717 82666607
857908356 12139619
367164765 721626779
337268597 321011359
333912087 184600391
636669813 819957683
749146718 926632313
736163454 217017277
185330392 640158109
30248577 200403641
737103706 324350797
718686029 408920789
678556351 804442657
892516297 481998809
524819490 638583119
286927560 6413189
