837
177480922 457144463
854519225 585555697
255894394 661549321
377386768 856515071
574450067 326943479
953822919 419879393
62092751 227995457
563092334 110082997
289606740 955518671
986145149 764854483
661439999 940131473
705198746 722457973
7874619 918201563
964353895 142794583
395234650 914431781
340416295 561929189
594967416 504083831
461355658 757474807
421854153 110585117
769725190 771924437
908765898 945264917
106431899 977497553
72823264 556087211
143518998 666137501
888008097 29634037
870915721 948310183
178472532 581319899
997819022 133446791
786114570 876753379
447710734 537672953
829715070 509605673
796684022 568187497
120048790 483627499
787755731 560882779
32709344 959816881
256651502 304344857
290941052 446145391
985827280 967879001
765619713 531078409
942744816 58607719
796129794 203276477
290566790 534307171
374768136 543464639
229043492 923067427
235014108 75434581
289075342 974963527
702802340 895185131
469893475 614836217
153211870 230780273
221432806 396430439
690123572 260519663
450665678 742437187
909773199 350579969
110249019 267380801
639354618 105590567
29710333 837262931
899072588 648512723
481893522 801498281
511227472 561511183
403129518 623722331
581978553 795055603
197157949 584510249
831404612 910959923
535694071 248982553
747825145 232860703
879822397 729316927
695184953 242832431
589748907 19469221
505433699 713884117
201374239 194322673
91860407 220486547
487008566 520329643
305431128 772653151
637877226 163004333
317926352 711691811
506973197 887996383
650652617 98974237
567404066 744909589
365793208 369149983
541388498 423618467
748187323 336227383
975858468 830360533
661647480 821989037
334062197 934470139
156254985 459144893
985126316 88191083
975037117 32093189
1538940 561801701
878711307 656465807
871834001 611309033
437338917 691549231
112298706 658146877
44457421 455520133
647312033 407262091
880752437 156697043
142565384 330352927
491023393 483523679
542774556 13615447
826331619 899785463
440680848 209085581
674361685 855007357
251341743 336583861
348192584 551071061
665267532 140389429
610159747 100668427
12253875 432873151
558799563 833122099
179889798 288754783
623612227 903257483
929764052 164291471
256553804 675436379
202952181 115607389
310204396 351435727
954733140 300740009
171943954 1355429
750937588 680048587
788183675 529862027
46690511 374053633
380949063 994680259
366319054 483744277
89098890 436661867
749584164 826418993
368419131 958536401
428574418 628493953
286646794 298582223
142329498 261867659
388599845 723473171
476143726 543008489
755132799 519490897
80140624 550793011
249377019 130401517
979099526 593786801
121104289 291990991
948092970 824972627
688077746 83778283
256556981 662866103
220260433 640409257
791029346 530906291
207892670 870971887
941360426 286902193
74580815 184868429
829791113 994087033
922309631 587807867
703470981 169796849
683001367 659447203
160028762 321336053
423128303 583702783
862188425 918710293
376419390 172778057
284874985 2268941
948462322 293286563
556614403 34980227
134036318 314614409
275044220 497013883
402871145 66214637
205665150 185011447
725410891 172023077
127213762 975825397
66181126 965956877
60904923 585200939
511735536 937776481
898363195 325290821
758457672 399086587
784708640 215432741
879426716 387473539
119776645 326902157
492465683 833453947
464236383 641052329
297426853 538876837
268263023 42804497
319653965 658341809
217255869 122768209
891274955 801098101
150094051 533904187
476710555 903595307
834238632 230945641
233813232 156167317
345566640 314960593
503433305 267993941
60445326 834637651
720812448 199420831
319862624 831956057
125713486 395772997
570891087 50624467
283596112 43076993
688071062 179676797
568595703 640034797
235978279 4746139
653533120 418631951
405373153 419846243
181271426 870331369
635248080 87960497
766174808 444495551
280585835 564662597
613283145 1401203
70573717 941825669
920545261 597646277
117131000 325928693
45416950 536448763
849325885 578309747
122885857 615969803
9472183 236965439
514831063 605328313
612712161 6919937
729178686 146978179
253897960 171375109
171465487 20620807
724062229 740440373
533088617 307783591
858866554 169635463
127032897 108472181
39432780 912379757
204565584 38715553
292983907 110389039
386880902 945636947
143755837 482913059
288882627 970443389
972944105 990064583
767151847 67214911
970162043 589027121
976207200 226432441
398742349 985457393
791025787 69067423
154406117 384913777
174126633 505226129
543911012 971003107
901377614 662388149
6066564 904808843
196242999 589006069
784162116 599772727
484739045 134424701
671333672 364068977
53487031 157535347
753068338 818001419
361076549 321890321
877848554 753801283
391929613 419017009
597806249 176865179
248511925 681677701
958065579 160722323
591918603 390493231
63756231 56018029
566777776 644609579
217634425 326408471
370329302 661673693
148135456 906023999
694685866 74561593
213445751 805103657
55932857 661867963
481542893 346422509
996667336 962749147
983518776 272204579
610489049 289634503
272721774 483226969
264531807 679416317
943238308 123497267
649426868 952196149
258231973 83769799
62726514 95365379
794512384 899563723
955353534 365608777
861687163 655998257
142610068 41220757
448521758 5218207
592350237 528782479
46729786 554615827
152873385 495481333
761249845 457691609
464497891 241307471
134968108 861397937
209413021 705445267
103366989 918051041
802320962 335879909
291714492 70880389
354379487 390980531
52259849 62366527
499384901 235152487
48692655 919801109
54177801 289132751
749752304 738650761
32764675 493281031
119947086 793333153
118817689 503167859
130972603 103415149
591598260 788356951
168252744 192403339
543197326 989580107
87568944 171010561
461219443 512671637
257594672 42795881
771123190 365880247
596283842 236979037
838478071 161625979
106133822 818457397
587554043 320703469
968573510 250572851
4803488 398148559
677389672 410778101
106378951 921813041
851835601 13692311
508953888 18144481
594675852 407151341
403506168 236066231
679756532 132688631
283993498 110140363
315471767 291188567
870812599 971728409
234539051 248521241
13439329 334761463
32057884 300927971
338064467 742850321
414137701 630534409
158332294 622761101
240585329 833716361
308171287 399157729
387879651 360620363
981847398 715015537
226449081 690660083
308758387 616345949
58765643 219370147
135660393 19627429
985497029 364829323
720884485 752937671
23363388 929976529
471945580 100186129
867701053 835754131
250905701 780934573
244575309 66911443
381355503 868011737
257597686 608097289
252149030 642304261
439752923 274121167
190918630 218592833
886544817 110542349
337743486 199261043
100187411 677910749
546839377 450337583
843990630 129015001
44979428 533697959
533389376 560260709
277310960 923818243
241948521 120435691
433733790 524056619
801680465 90411883
704038413 582336593
307886088 163741493
878641315 183438487
101847074 521089871
568770099 838744001
612931094 361358147
62112779 104911649
912637180 507218863
330935687 594345373
992683362 212780719
111654029 77355697
118353667 761492593
92828464 498121133
20173359 818681797
289586756 740113013
525020283 218311999
138355698 162521963
598078398 767919167
342659259 866352121
586651849 728779319
355422852 984383089
986885012 651299317
243276163 284582707
659278281 653347631
642005670 389621231
247576333 326768599
215278683 505694347
134620885 218255747
834229116 603234871
968058436 104715313
931899913 732008441
68949541 912793361
247406831 932917871
24656756 740973829
582418472 176158141
293853168 888515681
575479154 426487907
448353264 602734387
208224768 585942299
231621250 344471063
595086976 293808667
891817760 632890877
978755401 882977813
212550470 212234261
257371579 13289677
402513756 520402717
850120173 28491233
575806751 9793057
164948892 802873859
402352092 527889137
375412477 938436361
593714041 488121923
102022866 936024589
492247921 666329921
158128043 512460133
829648681 160177541
294626208 404735789
114253147 170076089
927740696 801956563
924203315 159679049
569513520 209111333
685038672 836719453
881491003 290487997
407124799 830600327
861421115 62511893
706861172 871151959
573698549 210523483
50127794 687659087
128396075 163421639
218797694 369203587
273894362 20473949
361237052 388384429
427020164 564715421
526556847 469830833
270080145 712973509
374853051 25109923
130926918 519203821
170417730 57683383
535064018 972705061
165706155 596381683
629381129 500946253
823540809 478294501
309742249 103918939
262646800 222439453
245091882 134912873
41117880 612910789
641612870 407962223
859819600 875412287
574377895 469172867
579746817 257025767
945962814 329604311
928194526 142867831
780703182 358524059
476779291 490093987
86407953 199435801
48252670 87493097
371978792 258210847
272579395 838582421
727589176 881747029
8305836 601750777
520023203 256708453
430545479 394607327
964253926 98081411
515967556 488538917
3419080 985299767
636861615 204882809
34979286 714716579
918139345 613211507
566963852 561588919
175670528 717468707
169265378 293582153
888354413 392530739
478129126 475928839
576046541 381706517
966262079 163807207
412570323 76053431
676743026 18838231
201549053 283310597
644075881 910044437
7641564 810196633
623523030 718374017
256275020 301809199
336214671 907300627
400857395 948628223
627038055 393023737
335095245 578608169
428368209 744569003
180763805 127691789
721860453 31520417
498282013 808613969
211955477 270463649
152797350 17638531
423191552 14144927
149534038 889787771
422804141 717642209
849500748 931016591
240448540 743159173
189640974 209806477
982565778 248997979
229164321 870683141
984653180 876017917
240781825 693769877
975413710 821448673
798776367 129347927
325443385 913455979
836735848 115982093
387040095 826742563
746666424 37021813
365731089 688941751
480222060 939332711
838257019 534471151
605939995 401111531
353476836 297260617
152081934 916744019
851517255 369507101
496724269 872888803
326815283 975872561
133097712 468228689
890772776 740140603
309265990 258565409
571139398 69434471
644719190 302261957
84540054 299312473
180324983 505516523
5447648 18484811
435752487 822704539
948774750 11881117
482296593 934153813
514528166 980200681
261860062 115125277
84681595 451053677
359485590 77086673
512800709 809152163
906193327 552626941
954467162 69283307
189074741 166074703
215361381 864543683
308087017 914445739
791040342 435397453
312524638 750749093
205740341 736393459
259541661 90035047
140164723 434417741
400651907 653861543
236000695 372908363
727120371 43387577
452378075 857350609
135724070 995585191
741181876 868270547
580460623 146016907
266919290 479023957
756634320 35577631
566296191 365564057
777699887 217383163
593955805 202706167
831971960 260970233
142094110 220137961
501938308 506362543
961375595 799535501
693805784 828182759
713414776 407498879
323169337 654645529
563108915 948271481
803323043 316810631
645481554 86179339
138776439 275020841
6536782 692159761
244339029 904560121
891142214 305823209
172085672 235855381
764912425 803700683
157042380 761272327
651431195 374483273
852024428 33056581
301507117 616067423
981534423 456758927
218934301 121403221
83369354 618536249
174179159 336792103
327373771 198726271
98542699 802658929
395498753 461447933
4886627 818877667
65824812 749802041
864757819 200644643
232313824 33111779
13227345 637903769
749066998 11896763
271983932 324047083
455721923 644717149
593270067 277685623
575255119 982136027
171921521 308206891
407647477 76109837
412634756 836046149
449362551 306528419
616456203 632466157
392103208 314373971
264072262 742351763
243959330 759914933
340167827 107136451
18796657 957122339
371506262 626730323
580808053 13267367
772070194 883209629
153072183 595980491
962847124 693272159
506526985 390145051
538544722 208085221
370144562 68267249
10856005 667438579
38167327 902110499
865875324 394356023
304865130 896320273
282131552 327487361
404756610 798017827
392688549 996540991
133668686 653623001
666727837 834890909
249725357 765036119
238010836 160831453
226995654 235922501
760207919 539781527
979642964 404957911
321130284 927845603
398245461 188154209
846270747 8962027
370999148 151716953
235127271 944385979
70179430 924298357
963405908 825099941
785169227 435872959
2665265 369292051
67147874 176607643
235632262 882453563
680167747 749057017
984396995 103130887
661315261 287335337
848821351 421394587
622625488 505459417
142466367 147631609
955948497 671602571
691443907 104485177
787866925 665005333
382559158 646223399
954567456 691496711
109204225 69411973
714694604 579723481
352930218 818247467
705563935 711803641
87792995 867525371
511332299 81389647
45872655 63925289
203303951 515172181
263674119 439791437
287761558 169966189
63443426 733030201
848208159 390958457
4045272 221339653
67276294 104665861
135079268 456418979
183105143 295126523
970669783 233162759
654751137 473469377
667812194 892890071
730714045 385191139
70995726 549206591
131878023 516511649
805736008 570575501
210556184 114327623
863821690 661838209
999972326 369703291
323719816 807249643
486550627 706548901
511503510 480459943
744548258 63156571
655068911 988844323
935984992 537860101
635743150 89160431
510104640 343174607
541995799 126761959
472051723 208283123
91276319 192829811
321000859 526803583
329885010 303706423
680062055 526901807
174542817 292392871
621663249 385426903
899338688 282514613
783678320 310480123
363994233 970352683
252442867 259322711
414276500 608305001
405035251 962716493
630555081 323624209
22123829 691875593
165191214 212917291
88403055 323987243
679375199 63511951
655045930 233569961
52270238 50131357
21248616 294649501
996529032 539413103
603359349 50544029
771029188 242791261
144363037 942176299
786975836 453565631
871722373 204891647
425126430 246607033
947239396 991674017
857355914 87747619
166710856 654377891
226269020 692875619
574037392 105119093
610260249 594118219
341462948 117912479
207441936 508576693
835243367 722039953
550078413 284387221
802668512 241670647
860135558 821547431
810267763 970200757
198505033 873218669
142957126 791910377
829502169 146516101
36060007 52341749
285469405 93567967
534245271 256582171
199177202 690760621
105993501 819379751
169585320 123517627
60691349 685169627
385660171 321190483
587934644 137289343
534909928 460376863
721117523 332303593
530983857 41573117
451394701 128581573
243623065 118375841
173330615 660589807
381605663 975794933
607864134 609084743
407639132 483973537
370630207 214065161
640641936 320891189
342843652 547871677
372004361 369803981
18014538 997153123
344419079 276193157
244369269 329034883
312796897 238322969
381074813 366360289
783427855 224125553
207392395 192467393
476558800 985405957
437268685 76181969
505989580 570262879
148951803 773866099
411517879 926950501
48437027 27575861
971144834 799821257
133912049 555286607
303024484 464701541
169511533 790300729
515621693 200898017
460607974 51287549
253777449 65536957
541613812 785918599
404911001 127338829
972782005 121637587
113126281 65622721
19410266 533433133
84778333 793647479
670170271 76316827
105220290 494633957
22482847 40017701
470718189 400955059
308801915 441590909
260183980 423651317
211407670 865093993
749808849 913781543
382009101 122829997
607490396 413283623
620394859 774905267
216311503 35903849
125356788 11203781
70042612 413554667
929457661 203079389
88005063 124900849
659594126 799788421
138025309 814545449
559997406 465955757
819900181 49232999
487411655 342294203
280790472 222927841
913427568 378685189
869662377 825664487
31313171 495248111
384109068 251238289
846650453 152690677
630123396 241027991
271183836 44502743
966080970 817292621
172955157 491439989
138074750 512252683
542259711 786332509
840353616 723386299
117925407 189162877
155168326 575984489
623407729 228561527
593792843 923620573
718374488 855132919
910775820 178287859
574903303 749571037
285345619 478985641
169876800 587427853
970544633 630642767
8679420 118327637
430463457 554723353
546818795 170417851
447602284 374575373
392869770 225272239
152713231 209931091
623541687 933846013
586997678 13194367
519616533 1527607
150434632 86361287
446656085 690019951
746664480 998247749
474261662 441468047
766206888 644738629
688163870 918404737
903631175 124093187
131664507 777416617
702903607 53542669
152609448 229504411
463510173 269284139
186111932 537992101
806079856 565086173
476075725 825239963
514451939 325753387
944471187 764462119
551631271 143483797
895644755 115433473
798957828 113277917
931103427 873749161
756220357 531464207
96850623 590934719
795896402 765928951
375953139 184835701
493111140 622713083
463787908 353934173
941451736 862474813
