2594
149233871 533621917
613734643 666495559
196847782 359719301
886798111 435405221
34259357 198778891
78744142 948851329
55803936 274123757
81175842 122981479
535246400 650026301
311760259 59052299
881901088 102882673
536798264 101516113
309278108 136420883
428252511 198277231
338245250 108084227
992156810 25793149
591961730 920817181
537833376 25567699
817863133 351040163
549055503 980868167
919597696 810409867
784620300 668932721
108333219 361898597
808152318 974277589
976511653 858823223
252423712 617290133
179544150 28699603
234475710 515687617
290228309 394212263
414371448 797077693
303220540 968221207
107803142 258903181
784347011 418542143
856242387 222009563
451616477 586849987
818720723 78744779
833352228 76603183
892731651 730965959
274453789 933970931
215361134 591879251
247012364 31476623
446745084 283313873
389512295 126275623
91133874 775493171
142029589 377397407
388910859 835194911
755893835 469728299
968903859 778397611
503550527 242533273
811682031 943563073
162434658 87587347
122075578 278082173
24843945 772379401
864352670 84057797
985369831 56210983
704409061 792106423
230657953 606869287
309875152 124256449
440518661 43070491
521266232 545981783
621718310 490852601
281050085 902659369
281664058 116183839
226036545 777590357
124642806 329224633
953377328 127228501
666587632 122796533
109518551 549877897
132432712 372457559
328851088 685706167
157549430 340316747
663568852 538904827
448430869 199285369
535571002 153845683
159231604 24252883
98147480 894788407
202483997 130246667
538728018 149879291
707223387 507352589
97061588 656095717
84653043 213127547
199526143 189893191
648938098 161795329
137913159 223055999
341234540 774351583
340109870 18518033
469460566 233816501
964109280 137930801
390707100 844967477
27696034 24536537
379858478 302380457
226667996 331102879
884607337 42939937
297449724 358451287
116871937 486531671
239611042 421908061
367419535 185505137
29019538 139415527
655895262 428330629
561390497 505131461
722622650 990623657
622759796 889032491
77609294 13858939
726001064 354911647
26879214 361808177
64451560 143239661
840933654 605156093
321131453 28126187
802837179 116368667
902895383 269360863
796387787 560404631
116986116 330363767
525760214 559298191
595282017 31911169
825304952 316379683
545458298 990070919
329433274 600396509
179554301 581068799
923315688 62454773
435875361 102167951
748113514 878047957
990365516 567025909
324672824 563135681
314798016 858552203
322582468 671003849
568427786 22968521
876832235 927795851
364326379 24946771
260055147 502791001
85888507 388047893
547072118 536763211
948551800 702446057
62574794 934804987
966232253 3316471
725641236 97886143
238235678 69137969
7382761 235130557
572584791 499435481
153172747 238535303
782162434 27048283
719380047 164145791
452740280 69906923
990207983 114872369
177746643 917227939
851583421 305929387
629531186 825168017
589576907 900487129
977277831 991956701
510293095 198001289
917409823 210462233
837547615 689437979
926085479 691706713
390436794 664078949
933853303 256049957
114475037 747574679
280919913 582260867
461153316 844994939
178976054 2131907
470881054 750059347
436440953 817406203
504729757 594895409
740579865 145789751
432269729 25324693
797567267 984605311
855235882 172728233
47107438 649932251
774125508 725358059
763470770 471863839
676007871 514512143
142048749 170863019
107021302 514287049
488556717 511097429
963392258 249135059
847921665 890342539
865003831 260033933
139850649 315644233
472932403 700374293
363009239 12923047
485355221 749830717
476177849 147446093
412957609 559733033
94159299 271655177
935550251 171255437
640781222 565679659
705754678 883330507
955179661 492267829
963653009 108454481
504382699 46085917
536399169 330328399
835701523 328409023
150908997 155690173
180694343 873598097
128755094 196684573
313354806 236661631
407840034 291421223
836858454 948352469
2570381 69147889
864620344 390392503
911361556 15859741
128399077 980292601
779637623 950916797
521371926 387250771
531858080 742366957
206139125 750727931
144219820 806710637
587525714 855732403
846319987 938292001
135771737 52344049
987412955 650681453
124882408 104345377
294748530 885116779
188793381 612532223
579172318 104813837
192753559 134243729
277040840 306492707
294565396 145368199
979906686 354641311
824921711 85543747
163613308 697483739
382694032 39191063
713218354 60187411
136564388 316040797
293332532 370414981
343976341 208677107
267320795 744256637
468417700 569137997
985381384 752245069
347263057 55433779
679137801 151410263
317032849 471826387
362980956 338308601
89930822 904345339
945633935 620546999
173714245 498418103
254310702 152344481
215636032 6825979
710287541 879468647
843258575 115134209
121747083 96328553
798551200 430926329
596589446 747663817
777972878 259114883
275487344 289449887
38194613 681451879
9577472 165826769
918509832 375535331
325003359 137041439
584088168 680242867
460343587 215842951
162491904 832818601
280720474 641434207
931587350 83480807
957919540 194163517
963376900 836885123
832951472 540929989
730749028 669720179
527746575 142671679
935834827 334883921
599662304 703510597
335801022 441177719
963246941 633670043
86691933 130631663
238581574 189954997
429360028 886510517
595562053 274380709
464770561 156077993
211573869 313113211
752334666 153149411
588070333 479196659
936721331 718293067
638811785 189640343
670814105 230032903
568315939 618653423
901095437 564091547
954771751 204026759
584797639 793742051
85620559 17586479
205229226 355674971
808840157 564872689
941822941 775428011
636664078 428410231
17361555 430273973
461110417 13785199
978412809 519150341
91088797 868352413
564321445 964684087
508808362 931041757
203713763 568116071
121349293 484272883
607235026 590984773
237221748 379551919
975818241 109732661
973647827 276830069
414240568 35272537
15217699 975580339
574309491 216409199
960149603 858849521
881434437 838055849
218352746 938938027
788982616 394029221
724128614 555143401
258328029 224571247
757616357 860002621
205654281 813845831
540415772 617319403
396793031 127272281
952543832 320082187
999395718 974401447
197882064 294510991
709320704 823683053
287524510 270382831
945801601 82346783
540437409 408175891
521093852 695433139
126323485 372628561
647966111 54844001
41492248 592393147
239319724 232499017
569801240 202075843
10522668 554807269
290545597 896460343
821203361 412601303
298115913 435509147
829851669 455309809
861872028 625038857
59552717 979063357
466175920 952469747
639556635 186917791
631759071 172624981
274727532 160519441
550278854 494860481
61622701 988982047
377325071 741717113
133669245 42178457
518077920 804036031
827132851 216476893
530297857 844538293
555963954 585571999
117654997 535670167
708274673 514266659
312367569 99613951
507587409 661005923
933335720 24436387
266249602 133974457
819514709 109761427
540661586 648345917
564023379 790485539
545092450 733591787
317189701 973398989
21558185 834604889
592818435 378896669
729278328 92448773
319391890 247277777
790916500 686021221
287680767 305924369
123659369 169275251
586351083 634161599
766383777 968148491
671124555 180777469
149914046 692378549
276359635 34347167
263753506 430717811
512249519 862263473
971405271 403127429
96191702 77864659
178058236 79795997
720612859 991560331
458845680 470856109
557568356 828278543
719109394 115258049
310444264 722291459
100739837 431603371
671167265 82511587
973479164 955537127
149249396 672753839
291496786 480275287
997658183 716546359
848482053 730033613
98282609 826159883
901007222 952234021
185305348 83799061
990171419 422928881
649238307 359046089
578162508 219630199
881106719 173496497
552699856 387510449
978387298 437795077
862121701 484318327
374409460 107961719
256218928 322604929
137530873 692412053
426856168 720259303
696100315 475023281
783783920 47126957
75916692 384737501
267313134 264719227
286237252 784535039
693784026 525230971
558455292 640790341
41867034 573853811
735692426 95277509
940974893 894937699
274238238 507081431
977983171 514229981
994413518 855919531
50485539 239954389
498482197 571081111
231419285 426224171
915855444 125947099
55043364 413436901
859370439 864234743
946268531 120248551
602439959 750550819
68571556 78668719
1070410 914098909
635719459 486701053
525368371 548507081
97250865 269238913
897984803 216568007
818464701 208759237
88027301 687701033
884840516 715890863
696841939 566899841
253178691 578364733
262232571 85716077
45361397 467208107
419290342 206209637
437934668 959739971
468331079 670529333
379172869 891085829
663953294 642511871
206816031 476104583
240592778 146961071
97988873 847262501
489861064 793440283
471392704 744082681
66700460 118057663
1150530 264469573
116988393 644109769
210204089 54263173
261231825 379221331
421627249 61349647
137869442 75717277
947445335 769701341
798984936 249826007
777021409 68324429
150992154 245234047
375057618 677947499
485700547 524235367
73248654 466322587
309094384 346765693
783093552 767504009
160608163 39568831
840061040 658325321
959997083 121137281
731116234 943851397
252418520 162536281
856259878 486882401
130547477 307356871
10685952 198289081
227430992 883974023
604533678 690812539
128141327 666486907
356183909 637475963
296938542 246963979
533155662 99288379
206343366 668830801
220003667 657307561
435171620 119332799
377121740 424066109
219321243 49846903
192624501 606939703
784069355 806827933
988592291 563889217
28123201 433445531
304848413 866774677
272217992 284640637
922796183 335811709
940111881 960535313
332918266 669681359
599534511 927154807
585163612 484673221
888787329 284570309
625441999 708007607
605674217 49788917
766136059 957188107
29433225 397295047
964619144 355213471
423191185 384825547
621686397 193631677
498109023 480382183
383411292 163786873
895550748 486998221
570383578 287060707
574126810 773791013
568675287 252829891
901707932 760204843
397114717 341622343
63313876 488522941
882312754 401067559
734506287 955424467
437374065 226645781
651322955 780540031
943401158 115832377
884209327 484109933
259854184 50898923
622820354 268451341
622677532 797159821
392261197 654892477
155330558 725749559
243838065 235959247
38105723 567857467
340750490 978445373
586555406 933517829
616407314 897291319
868536257 920712421
673513377 837195581
61389013 125346217
511282806 275804491
628527261 738991849
703846098 480834439
153933076 635649757
425323308 673506733
292801034 801309713
49936312 506378863
525246482 106789549
671000664 135717937
235366019 2431393
544646873 871370471
918638571 283528067
535836279 667594321
77393008 206053349
395706873 434324431
32593698 825808703
292910267 524423749
163380248 990914339
92296613 298666601
589322844 93168557
896589049 950472841
968188517 734250259
367837887 579835493
27478960 463852489
20843707 150446227
667623674 311301769
168524782 169013497
372994815 36474857
978663090 144876559
47296031 748688947
263193295 928777583
510575557 116929051
39880876 456717007
314690353 908281229
286061110 84851449
878681539 323618059
461354096 153296681
259713720 852722729
246756061 920384323
881780215 144821821
379101562 208172359
479529465 961729193
94657679 844225163
753517839 502969679
633459091 423197821
608336216 126502417
950931340 450413699
817038795 956074019
518214679 416352571
310629989 253170037
265473786 845558479
39977715 26298617
559455370 506378111
591830135 839461451
741170596 183606679
909086170 311427373
269178055 166272389
67919754 88979399
447529494 291773681
436441566 530145613
437803708 714398843
827024047 977257493
761937958 989045273
697273115 865653743
117993473 910976327
860540785 62632487
135687057 174173543
407506854 766264087
278486554 868949671
495097584 611528207
281705883 5227529
984320924 801759341
906383374 740952281
795205275 864381181
957116535 874092199
706450756 504246539
396580057 347568073
491063533 998313727
657711603 246228949
21104222 83371217
922883936 283781593
991670498 609681197
797679893 505421827
43620145 7413271
712957395 683966561
203160623 417188393
848259424 4769113
174058898 870054749
830555008 839456587
804876245 257622751
824834219 411468751
439677988 156465391
903002816 117641653
246749421 97066807
413857226 316500017
128642530 130495199
873117796 274329259
790293555 676766603
12866848 761399231
663460662 185163941
189509714 620103481
44664686 392568569
685840682 720697969
695771130 511879661
671045067 825510013
56893267 293316887
441740299 330421807
136623923 992164619
317555075 425783767
130476068 799741307
28126297 53385989
73966127 73475849
499708893 456430973
104319303 286174459
891416066 626541287
119286313 509383339
880781959 789965867
760374524 16056629
133384249 998515891
628348090 608031947
883287163 55309333
682394472 480550949
864431853 361122343
891596909 829605779
116641985 969936481
81780650 702953033
66363118 528822719
134948215 462726337
534126273 448550021
311940813 399671341
375572543 617876353
959364853 810726799
200038613 473106871
419434319 960911983
159217527 314959093
435114838 790743011
770790318 287865863
839177991 623754737
278158408 786553843
79696200 462653221
730946146 322163227
903455982 374851297
488901873 31531421
153131355 546604129
64457582 3599929
992662054 976700437
125380773 840211481
282247704 314161063
642423454 758840609
614482072 401374691
792077801 487153111
849031928 386095651
959039599 253281863
852345994 87257867
636507226 67454711
989410301 149939243
780090786 325042199
474436902 956732993
419058919 183555833
773071559 530846033
216332885 38340611
521464170 696953099
176587731 94458593
974832 427490417
722964672 862372619
482578120 964552261
255854938 650086009
79009789 156915587
836696902 719433707
197563709 696392027
886832358 623850911
233457357 656478077
422863862 460921033
863286172 769014229
753770682 567041623
239195478 587276827
4819146 619382657
704710058 818580779
919776396 439389941
248555595 163212521
692380024 808895233
333801868 966681731
514166937 55571683
664625460 40104797
759206163 637826509
796848667 311383183
536075924 162677587
57480347 56744483
258359631 33490361
268991950 434364419
805694564 732125551
325506045 511834133
423310973 841946269
750658094 993659621
971066454 31137083
761176074 42423119
901702143 161337461
155100250 2403689
684491933 421271953
759065504 234122627
978102205 338493791
700629821 850174433
376654116 567975503
42938139 284091277
862839550 136822079
204276885 380275877
376330276 643957463
164087 329823257
302638924 531134161
826727648 776301973
153017679 309279379
596607137 61254827
796246712 621714721
168473055 29255047
555985336 352790257
148740248 916297463
604712884 298887661
94011073 857669321
793279109 114966421
181871672 173820629
678869961 839991377
411640061 980426747
769723398 673720813
305165740 166869211
397285888 743471593
114502935 369632399
615152480 454353227
565497969 12872047
15815553 793979639
132976231 153686531
775128941 743113849
619117004 115603979
994819379 799629049
625598624 703191563
285659688 242302057
593394599 618421877
967925682 781316867
142365742 695467351
432048126 145097419
807333741 381752593
317959325 259972487
336887276 982741453
940374391 395667659
770803786 39265411
657765336 564820513
831712733 499207991
228404458 128955709
980848618 339748567
690508488 895777913
353099216 870739271
93115717 943618537
608995180 767985397
688990617 142468621
714566208 345479467
384300562 106405973
334667001 95924041
322149547 580461569
455415671 556245247
888163116 216377059
212073404 642158819
883992261 254412901
572057712 327637669
388305527 510306457
81623492 314521121
220502993 911618663
363235720 760332857
350368838 213429401
307362888 444219439
1780711 118006139
871961153 145463
159489117 855223669
226758059 159682571
749729685 555268349
56242606 231937553
261978862 171786323
39362801 620528291
732131512 187730693
610720807 953802781
780869225 224241557
407173934 732129127
107532893 761512051
328504842 342708367
369748742 947991743
110871220 314820463
672702122 435005819
506396272 930239257
147193768 970116089
7808825 657667841
620044443 229832413
164709343 972014653
510254789 184574309
236262545 268429591
823730259 719350579
558824375 727907773
67658354 435827869
717032431 99460841
152124498 743459257
758051753 984079423
777662275 93430879
610399063 199683637
479854931 968843287
759616114 109291241
415631205 66141211
200609769 522567701
14439424 871286267
146077913 95703473
165116625 387414619
445064823 796003883
936079163 765757397
962029810 577670581
46682330 180557123
646301863 42738977
503744655 783136951
382422671 26679209
818793222 288587183
281473585 39392167
421508148 756976021
800497674 891510167
627482557 621173647
649937184 859958381
295666818 139189159
251813267 48764351
966915643 554040671
361966241 559062869
612469003 237593039
712362980 964122427
784885753 739371883
842539752 732830387
954415686 842312021
26353128 135476387
642861995 667456151
8834708 720484097
585646206 857713429
585333978 958195411
392588284 88052189
453731177 896955247
808814805 979241027
246472737 291011131
897373629 458475191
878203627 106967153
348085712 440679643
967581750 417393917
115267288 639720853
201714246 945225907
882623300 784880479
636036368 304673767
106709429 407705201
549419496 406013143
574998667 757315693
825647844 370565849
844564064 627567907
60693085 653700419
256061716 876913241
191661847 464234569
538477505 155591339
342682775 601778953
600978480 884941147
967748143 489868397
971812313 688334441
637883024 390141509
325184576 212967467
234195058 64704811
897299688 70328647
13723050 48753643
12554560 576112331
71712080 337016123
407175997 953407363
523744656 308614973
279411398 257867227
599199093 559055461
866222402 818375227
137350824 250918519
494265279 42191531
336509786 17816497
58093339 987014563
754352519 381553891
728630721 631867583
927403164 987054137
467892491 44843651
539717678 354236173
275693691 511835183
91713911 952994941
172312128 818016539
146946676 962363329
342428568 469092779
304820279 279405809
291260376 37102697
850853775 203338127
3563650 520297703
785723147 129720541
55818692 88727953
920460184 363088303
443427319 91995173
452910880 534384287
261449093 703620509
274701614 359698247
10794614 21854869
21824503 30253637
759307885 735627793
289605463 215008249
424331937 763521191
258074519 87336287
143214084 204180049
226482829 201901649
49963801 107079937
119725299 587386733
775848275 49305727
355596445 776153449
617907081 806811391
229446504 339253609
699281209 627418639
57484651 189035173
5599032 953434501
929302794 366805783
38005274 384892237
785228614 202818251
42176753 60268631
288102042 28047301
639211785 291175487
625435639 831100867
518580967 984901523
948816701 428776267
485182209 72442751
404616883 988564393
937340294 595678849
147352259 58677161
501967413 388433809
568609878 645084959
807576321 324834919
756720541 121228097
89528138 468863839
618864840 808321849
657470765 879757561
349701677 848083597
200097946 177497717
165952102 706939817
697391664 391792613
218423909 811121371
42487354 195098117
945123941 997044707
62524468 117260603
126399203 936830099
499181960 3201917
76932740 244867613
781711300 930429013
334101107 462309703
174990079 887974207
344967101 342977731
501847964 488828647
498852126 989854337
120199472 616808573
117239859 534900269
165983637 377731597
425929757 62965043
575025678 766040339
650368312 725409077
518654736 222684437
985845787 224566739
44800920 16617253
93036335 316120033
613671398 347798987
5704008 135693589
705507489 427071791
154769967 700076449
430370990 565120081
222067518 662143957
595630539 601832443
507262786 334155307
588878111 568815413
577452788 155027351
631540538 504681383
413696100 345962081
314256823 433512133
47127557 919840237
257783222 435477173
943568374 971820221
133600689 73218569
67619330 3975271
618147720 177702599
551490369 468515353
840938978 887103487
244272574 305148829
30413895 149172833
689710196 957978799
835327786 82427369
827515186 120575519
792101490 498177413
993085324 572548687
565757993 856247023
915509134 553421537
610130720 261465301
754046782 64097513
814613906 701026363
23548979 560256409
272492590 72290833
572541991 6938147
669828089 914611471
550688661 622016123
499685224 830220217
858141607 966109297
223077608 966299189
956628866 497490613
784918231 144322153
240530425 342950561
249283008 754180459
119310856 122804257
122725982 821132047
993723162 933793093
240523827 69625469
233853126 512804443
299098008 26690413
595141597 607374403
699088334 557208887
2510187 707554213
695909291 363875359
794351799 548580367
581317354 499317703
462008242 936169709
210095845 79670893
599762422 214374287
156609213 420121087
192760360 556340287
412755369 990758183
550497060 535158593
505883474 344978869
506383634 76214839
424121117 436113211
220602045 764323199
970812043 249561287
872708461 959355227
369377107 906535067
267212900 933407401
573619973 787633507
104787366 677476607
700752093 996186691
294697646 36989969
765952314 782970329
745195577 726060943
500216933 882096881
272322961 790857377
614463447 525269221
551060403 790596931
929327232 310405243
644041007 291750869
332522124 121301797
1398759 285414373
969113075 517721957
127756056 866901109
819254334 675415177
59808590 34266341
812367662 276492413
588438716 316683023
219613469 106781687
29654103 301282661
555922299 514122277
837869896 354470759
96641814 282929333
71312131 139902523
125417087 311459957
178229669 680093069
909505484 219398059
538974947 594107377
890159952 424184567
881971287 421158169
265272780 440937467
884932715 802224427
226334647 985052953
547607739 429056869
687273307 778855669
650079781 640471751
454348859 384466613
845306165 759376291
616603778 574989733
227186518 714431917
315979430 552757103
41743310 158190611
334926944 841895543
280374586 107281649
238084380 486245933
497106887 13979783
122110810 376694273
55556684 369405493
631988493 885131509
757418940 406983713
293491827 146128027
339075876 80482579
695659883 417773
343373202 487874131
376352217 450906173
30309326 544948843
140039669 283115857
697891549 98060003
731040391 846978467
197470866 159828307
616446243 196094939
713516440 236585113
571431378 211637653
534044838 271702969
722910298 95684291
693211822 50784101
240668665 121164283
52998812 300268103
22796777 801083303
851220479 11417459
475820845 57165859
831399576 108128771
296367328 599070403
809360287 418221173
770456976 802054129
974219435 432934321
226710708 54165563
300566291 273260627
744818601 966250679
989187547 643581893
522988907 488043379
23101820 80420101
253559399 195176273
112308239 277923683
777477076 699912781
586284864 730016543
535887967 944177471
829264861 788020073
491931892 154089293
107187747 218499583
187775947 384134759
256612860 677117627
316846196 329143051
89168811 331903003
271203394 809692651
583415131 52529573
815939402 989589569
192498991 762773777
29568100 856849817
901239232 858010441
514104995 910975223
661993759 575146367
380491368 539272519
880159503 247031353
296532169 397138867
900866342 307871177
912595620 560285707
719450188 58694899
41506826 146671297
149255587 715556951
995939539 965709443
864563381 807250303
56813910 632109047
366972419 817000661
745453039 282582841
742416856 520186483
952204367 70422613
443250297 930226351
936203174 920848739
587056523 372306439
298147763 67186169
251391131 843431461
338671758 988671493
98123835 426775897
927811744 925634249
231210639 292340429
647602416 375931117
851233760 146481551
770881872 881468923
318366647 943061971
261793861 649029763
272885714 189551833
143321714 957534349
185155547 410610611
376090368 972014893
715636947 316495073
816661318 214540189
462648539 432310121
457862660 247736479
57661441 189971933
78771340 859851689
926640413 990853607
312696397 707355743
817536175 548416663
154582924 92494393
393497688 646336321
649784834 783140227
513194474 437192321
346867632 432482051
135695583 976183213
195503799 376585679
114837492 544568897
502610807 148416943
223927819 501334157
693846512 200492893
382728971 20511131
692727392 253952771
545350238 130961227
24439837 746025779
968358161 66701431
749960718 76457441
364028521 156215039
331519313 13476247
226322893 240423763
26233476 218865553
416227420 882442181
867831761 902496139
728016838 249353417
787210607 699987319
565300624 80423813
46068394 246822941
401960580 149881943
505503146 185913979
562663796 854121743
457866953 799741879
308500609 867020333
527840636 993763009
748127384 917113991
208387185 383297119
775079574 883657429
632122644 970261991
749055115 509333831
36636550 288328351
41142947 138650513
693548369 240940523
761189355 392209871
925144671 989345543
610886020 574184111
964473686 842448749
271875234 743922337
676984941 340216549
582941760 691280063
729676844 91778369
26108449 985649191
531323329 109831507
748108006 97679293
264997786 360147643
343814273 613828247
116850404 772722271
157350523 785890549
81012404 488384821
794340277 532167281
964718899 104629501
138445563 200514109
968108085 458299349
154348911 264644771
41401694 107933003
622391612 89480453
887460757 684053947
396761130 858809197
682044031 194423179
743669983 154936021
829790484 390789257
373107468 941825249
772314339 598430803
616898627 490268963
246507735 576585109
248140878 990003187
152899714 389749817
898061638 757543909
98779719 534983041
687190492 189628601
309607369 479958889
649154361 803824019
886824486 844128613
392256723 662110327
184311781 254401937
393048734 998686589
643472059 734621021
352726658 557124461
887852084 468100811
82565744 21063817
479104863 195952483
57052772 851915719
459737480 613846691
781792255 265032407
80044154 774330341
176474704 930704791
226149420 401588867
532216905 299338603
226436355 271372631
299273944 991144849
380456633 23520859
650024081 510856067
6057671 13453763
565658133 810212857
654328489 18132773
639591747 234591341
344523317 88651163
279639566 844049267
672652206 454538983
869534260 376220893
225233631 832702099
586381247 778951699
917442242 629277713
119686145 37104469
140780694 425490223
329234786 207269329
219753406 791920757
181608923 232617089
937733796 262063019
263395529 259979851
819404734 967443047
432386090 642862373
800967125 855325379
942270513 256435453
319694175 98653931
261439261 218186011
219462658 948778907
416637596 113795083
982648960 932197649
521847466 438443893
399630868 212945563
436140052 93569251
139412830 516209047
81623542 130086469
348893450 635446499
920614725 363587759
261904530 432317833
86899309 140548981
265146883 851355601
776195789 303914069
722876390 805812517
491293946 196711993
419676517 982961383
8466534 81164917
123228311 804587467
460504551 61877177
865756617 331893053
210492561 350841181
125298409 204974279
796430626 959003923
852040169 104232307
307576903 322264577
239049365 146442757
953512392 525596237
387543689 100996583
648629240 95810681
435775644 201732457
59131269 232608947
477207037 59497309
488406823 116279249
700992969 760492517
677583808 516512419
351124787 286172137
727524321 599901031
509100595 273165133
102811238 539503169
499247961 219373051
893937736 205324309
2404492 658026881
241756814 312116291
874100768 683156129
165241277 402364847
845344669 372403723
411352597 436390853
182985489 792161113
339152336 336459883
736274746 776333759
138135879 138284197
345840513 926198773
805406655 72185801
914396488 105280493
222165257 492080201
885007633 500431073
633255165 61640357
660018804 758246501
332243442 147009677
426962258 618270721
282176807 556028309
309003486 535060741
815834099 525891263
181934158 313450883
142593562 191305031
234026780 978104291
156362623 629092291
202639850 652877483
445857746 154960573
268062383 268298021
985502785 394577363
31166940 244109729
174281339 241038527
915256393 39534679
540514135 751049983
437292211 767300741
956714478 110739823
441161237 264140839
171289128 746101327
266302726 680454689
934577960 584393539
627949816 989879551
764791168 707325943
158126796 802383419
112367398 19224347
982550800 834099983
482024640 610740721
700633904 400433779
32262561 85323793
893510627 761664899
489747427 514003817
671278614 139881821
634704100 650643347
103739450 695694953
424405040 796833371
967825920 789304121
934463451 877080467
738547744 743017019
211839622 59877703
262825904 460051243
520797599 834169933
151309123 63563347
27034356 698905919
79453890 509405209
387289159 398312963
64479863 456103111
387183769 490560179
362479562 167675197
66516247 407503751
829737944 445133993
317403518 867954809
64670414 162295409
156242309 189347183
810393038 15589381
172087174 96050651
740798691 965498647
463426254 902840839
819267191 63259169
296739931 15476281
287805557 465677323
997099932 784838309
187841406 555694423
781390444 285019663
508725378 473960551
45335660 133990117
818747236 810843827
947943169 91717501
935311622 469606127
227465166 440382707
993132668 507371933
90826498 583279
358798836 542379371
380498031 109128167
995587952 658002691
366287273 332837677
320723697 109037849
7607729 900198713
142323154 97592507
442703150 274588739
4905799 682333759
781393973 930859421
119437514 201954223
842257748 204020363
141846785 646313581
738476278 84129949
200073834 574971049
324986307 279442609
262278677 459284041
175541999 60258713
750983190 273485699
465458317 149254537
970046927 303470017
667182406 296325569
722097775 569312633
465477674 148186747
442034530 200076881
82261472 400558999
226205906 949659757
952005585 401311943
600992163 158999747
701663100 859900813
419107409 319292977
885496220 384895703
73571440 653061821
106123532 271452899
576607269 27626563
147134748 814070843
401097333 110504609
677380162 195880637
634908262 269592061
885456601 642391279
37596187 651516323
548598709 602407573
983103834 256283987
282464159 190629017
903508675 958987031
819959911 796035749
27496687 690679357
999637552 224190761
554677018 301279211
664721248 709116899
711957894 668129773
103337369 828593569
135103098 20664781
905457576 869074559
582801160 493744883
116953039 106742807
601098600 988260209
606660520 89343509
167060538 430591817
489161676 960039131
94937953 326345879
517153053 232093229
888584343 713714777
438123122 762301931
157678132 290640367
214820004 861428473
214692961 623393333
732973414 684287347
357855353 251034671
824628402 427600451
588838757 309903283
313631605 818296013
45680651 771685381
904890633 724340161
373853716 616705643
291619048 786804541
546913047 198902129
593792008 373344919
50527316 27906947
940556391 281533859
924006121 864530239
271348254 202240799
737660709 208391059
988351251 100150447
585683129 401403263
46683796 20277581
981089469 645450947
606979907 293923271
388820973 278670779
254930804 101545973
292114331 484077683
251215463 22658387
428390490 928653839
899003925 189919031
571638270 935247961
62847484 743297431
598056687 20608541
227360202 715918789
622279869 232952807
633936141 838975759
566862342 940707319
111421942 700640221
771762824 92922433
285128368 404038489
976432708 57780941
759154618 716005649
912334119 106086037
305702850 318463759
206962358 839552653
427744351 793292327
890024657 220051973
331423050 378223003
329088241 412733687
848195391 405598913
300137264 618923791
833934999 278356789
271619278 54716741
212899217 3735679
233217801 639417173
469209177 215414713
788138962 811762961
521030959 691324099
876498722 442786549
881155750 208142653
329405646 84544177
956868237 575080613
413302311 732922759
147157863 636936067
514529859 411489073
505306152 545131313
12620691 19367521
16147990 791289757
65157128 346198481
738859602 675270187
142112167 973721717
151658766 123100063
674058071 88534057
929287614 291061123
934262287 256990177
453088496 124039693
289130065 843363673
222368566 102700823
743819561 709770181
122622524 503650243
68095479 357271919
45149684 675078997
848356079 805524233
289705294 140660161
230337217 503861027
490497214 303446713
576405831 174397343
200905597 86584363
323509456 339543383
37899998 109053127
606853017 618263689
206745963 159898861
391280593 979350227
840196680 326372939
855649855 158848997
96001563 157566847
164359559 195693961
569293051 666224269
112353132 786105757
11448861 859986181
726061998 318874709
14207838 145498963
262294522 904091219
668824189 311340613
891343911 249685549
177060840 656564273
733450297 450190831
283132893 634277359
782917218 105335717
301674749 359028251
395809565 515484331
576614193 8094211
983659 210078277
602792096 43853839
160362348 351139951
234712050 14622697
387826429 857512771
701899547 701952731
686494502 424931557
790662801 277005983
340719992 555884737
369064104 24218671
98657920 77895691
888737386 430445567
19906624 712340491
812749227 263479417
739888670 99248053
37312637 928938971
594322180 628701611
356634769 507371411
700635083 193979473
632503317 600603491
788715476 224650999
788397302 974837107
921026176 796081837
94770973 74181257
946055504 166491203
229334399 982182917
852020871 175663511
645801875 823970051
401711566 371566529
35352084 447914989
999666582 988763459
324905066 747042383
996784876 861883717
184485755 845311889
258165320 732522311
811349654 929263031
195306334 588050891
842811811 753915917
154050738 954733327
749616855 821226121
415560580 125126011
752911218 918329837
544354147 332905093
145867813 460602001
235854522 46556371
356507551 900828001
735410869 191296967
797842090 943006723
957301704 642407279
271081797 142446949
63207048 703648661
590303417 351636583
664987894 250152223
368861877 248232749
133718775 405477983
321700085 897106633
65308512 525131231
460381386 513391493
232402981 36031531
134028702 826656559
362493979 889136797
646282585 631778857
29833939 435690443
346239562 61342739
971176094 179313751
86397921 692839657
353041942 232034839
276472793 979512979
759347949 577858249
331835410 483108217
184800969 7368623
263264199 314541527
883683346 734684707
315205439 634368611
542257322 180516311
478421765 795787441
657365510 261992569
337883095 965467187
814323859 136718761
284542320 31676339
559919229 579735337
947355746 23779867
673414780 241033421
394508667 49839817
299127961 451963573
979496732 310856807
849475583 650006309
996987313 280160627
594941810 184159817
26463532 346569659
871503645 988143983
53491499 389321003
707407095 158280307
289360597 690907561
94917209 688503847
441057591 169591
203517196 150305563
96202937 430043819
732233426 91971197
205029589 208437949
599082470 359396539
68033192 391002439
394986157 30873793
1584238 720181381
105791489 224267579
853582403 817760071
778440867 373162651
65174833 593092811
259646109 304320487
690517630 36205639
413221988 624801299
65449171 263850371
787356211 224629337
35378091 859720969
837845406 838330531
360758543 631885571
862770329 913549579
472170904 858924461
849055883 52292069
447040864 330474943
333090335 196176907
878637761 948394891
261417733 975166271
896212517 891323809
433065446 588083731
393724920 278941133
397567655 272997457
220161999 978151403
655558039 688045277
140757563 898359491
576497188 731703463
650778887 432223721
307615798 115194251
635096745 451185953
19961577 873614041
486012911 665566793
37840924 297315341
532895892 110460443
950863855 820324781
553789375 407944829
152541664 993034879
489631982 472013123
155015261 91439731
57099339 704432363
89602156 272475487
252705940 791352433
512952155 429661409
340869623 47797363
3199152 77071751
516131496 859586449
740648048 87770041
341979916 220436677
143330774 826543591
71188169 945688361
726938376 229966369
296225777 655164863
325504220 419220227
122491603 255171769
41851290 394288897
380873585 739683569
40075527 35920397
665470961 343762031
626535212 750656273
914110016 889230613
138607435 327545593
630655152 180955669
503618314 863749541
769071718 569389129
395170806 807107761
517215482 296121037
763329593 916967881
273980418 26298227
103958175 175263281
837110575 86908901
49144579 210398399
895595109 382579501
795523179 49370287
235881123 548580427
938828610 167831591
870466129 127758919
44203603 672757549
139826650 867904777
538233010 693656371
832215478 717909721
370938612 395186347
122300000 229256087
124469801 899564647
137133737 643163693
591573164 918964637
744569962 208867507
43099062 127013819
598184542 361438471
833180595 538824311
718189890 759936761
707357701 278235473
862003747 592530013
171857987 852046627
97224478 191386133
643039050 226560871
995229160 350728297
333087123 959065561
478942115 529814861
928564464 486841247
716737085 452574127
739849924 379263743
331400192 21896411
758835326 886626049
426198457 849795319
330956627 481182139
271011848 307254569
138633834 484135087
30425264 683142553
574764192 540585961
30847307 989686069
831809169 842863573
234332492 633109039
283222623 114936977
600185390 379794937
958827776 401698571
411316743 608987663
318061386 176831387
125418857 969233033
57296153 216369971
263850651 341919917
902143090 582037529
98428922 443741929
99542700 582745481
217872983 697093927
668720024 890677219
329779298 267499877
484986733 872718221
700707047 58825609
371891925 56774891
96680268 918711317
878771861 437662349
85076544 540908573
38560822 82582931
49117590 752822981
498884545 389200657
837309811 141277651
155730245 678288211
237563660 100403741
863991286 99528959
786341065 217275269
123184319 708019099
106238646 176872433
761649181 232009187
699900703 217143629
364090556 5796589
781257072 114379093
476208545 449548861
174335115 534744869
771932111 751631689
935147760 636891599
132476333 314949923
593224938 944031521
489765806 559539749
80157380 542666249
328089776 381788969
320718321 942272963
504879688 18772661
836054660 940779811
437436062 853176539
138044593 260016901
144893297 634651469
800138331 111584117
721843741 847933927
463750383 245233979
946916178 621894211
42012246 379134157
359672336 441730153
485588297 143875997
340012208 76419841
436213330 101912887
174996687 522744449
216960588 67895741
99529270 749513591
210121414 644077033
413329715 228549823
123024986 357759869
164800728 542470199
457263573 186350501
735074066 344020753
610980948 958515919
267792875 786051053
276945493 34667839
972343306 307521259
427456473 573588787
913579520 855258407
930128894 871724299
196576535 524338313
414657762 702585343
120246729 298552349
533874204 11731487
517491990 918812459
306448732 729298253
337140027 18689789
172949880 670971401
28304260 669397217
210511617 773707069
275925792 627231697
112036820 13356193
653970094 178597229
136198489 208693453
524967739 11945867
615838895 670643411
91460235 456581893
864954603 255334823
16334621 145299083
425297765 19418507
598494543 724544189
334822660 560097821
405749397 408600587
402028644 515502049
881276635 34460519
216352706 206447929
661440710 599320537
782355061 281678351
892072770 873843857
482108129 65936609
889242673 8142151
389633854 724649053
143273045 51724609
876779446 874133237
188572983 553664591
552897082 731598463
571440445 711528121
172262471 149091829
746692775 211591073
197277230 800951383
993979746 123103159
829882025 249917951
213896290 551503397
576304325 576936721
134399045 167532187
81609206 895249363
522694950 44991077
244861383 247556921
531251517 747694027
309253708 35550523
201258615 165287641
148557527 716053909
330089644 803808763
727288043 295344211
383925440 793078217
837088048 645650351
599633960 794315747
843960193 34557013
81869006 20048701
20613169 494187209
327712171 978139573
269566210 666145189
440036294 67721879
628377644 209218651
199728198 773936629
107262758 578362303
979112281 707977541
136557006 775352993
864411243 865513387
688507457 364245901
906973870 202701221
575766930 815743757
916415441 451373407
191220292 870029129
187776903 285150913
465444618 239583359
676322669 477024329
64685554 239438653
484014293 130512493
179866094 182908987
84397809 394152523
64483095 598860901
13159074 619573067
68795137 507726077
721736768 729054433
460439731 228418669
524717033 945009521
104153811 149842877
623394714 519060749
185392222 47172259
456688493 829995451
754157576 530723411
67169719 489974873
896060876 107521679
109446533 176945159
225930187 1593583
762758519 194950027
355833090 139575617
868759862 434391637
231714286 627216817
877321866 310791269
988362619 956871767
940404762 503376767
445203777 155888371
658793143 1945651
5370797 387211229
964554172 833536397
44950923 852470057
771845744 136805167
914472946 884961937
237526340 151357183
744849873 678019183
678505702 567531469
604780196 335369939
399237215 693857603
110215443 702193717
440053697 91824011
769639413 82368569
26937357 491545849
679440729 176223451
768809060 134094101
633621802 755868833
402287835 682877483
869467678 480387437
952549342 823862063
65980883 813400559
510783486 789405079
269584493 286537421
1035764 39425857
233594935 572248129
996319891 466980389
812757766 462182219
356755064 218501897
434473236 88531057
60187314 516506813
350504234 363953861
465691331 896516591
383358004 81532879
292738400 67370383
128657192 832908577
556387683 629830303
346894091 717227579
447694419 37597201
426574217 19187323
245936441 264250991
264369040 980259331
780541269 375259441
732236868 266815463
732916702 147349639
138172896 786758041
267255695 330352987
75097478 553717477
912626051 353371691
452033474 36303271
53966082 719996363
143331453 46416593
866025944 217515533
128053075 676115263
133678361 36146009
689196694 374004461
134096957 535003849
601263235 506900279
540722918 104387411
887077704 754656977
636889420 957118829
582244732 649022839
4172512 9996647
558980620 937741201
444810369 59305949
69622298 61838083
504414590 944186339
595660540 49493039
13358352 347564341
290662827 395467547
350930395 641524063
303399925 187929299
255061281 256500427
281871793 600121817
772523064 904784687
78686146 998286643
226913191 213286123
760385851 995268907
438415337 98524117
716949301 310912783
896617924 371676881
266232771 780078619
903727522 102447197
774220594 920520593
721339602 425269709
461639805 911009903
153265658 594378749
947599822 443130253
423708954 407742749
668792181 477164123
910002540 590600177
896603972 156743453
289017166 939136147
834710893 980759191
702146365 966946259
670619047 550460021
678118877 160009987
8546307 453230891
584378199 562359019
708591571 964217731
36934512 359390503
963092088 613670011
737437145 77233483
748463708 281481401
93247853 873857429
323117343 120633787
899894453 929941381
62440219 808590203
728118971 675499249
329489508 542611871
615845564 697804039
155399733 61537951
758396099 95073943
61200486 951565513
284218630 35639053
910496515 406756159
942617297 717219337
2683633 273628939
237010421 843942329
181961592 131689447
446369895 47255459
36982342 158133529
213815613 747371501
981458964 199665601
533911293 717388939
931797817 3832627
667765231 32107717
672061943 429037591
705091432 760400203
302299213 517610857
114322255 266971307
835144972 419023897
890420124 753854747
527689300 222328871
966134124 471344473
49722351 53005013
181578439 624418423
836536478 10307191
809179006 26578879
604958554 361376753
699607223 802943051
321117519 492633703
175707967 214416203
169869679 725306429
223112036 337251647
818692788 717777833
778590713 651575363
94375790 84687329
371565028 217241261
223751516 561751999
848307858 818092477
860780107 44702531
196659797 963625877
160861614 158721389
932540806 559516943
495927514 901443643
857272986 30118663
530065994 627580549
31964126 74884079
751693244 610247381
306965742 8012087
952726554 349151963
372350463 660786773
681685231 219609959
917094787 421732147
151088199 218814257
904219142 579253853
566020049 283686127
553733400 788529569
381439725 670549493
468791481 96418481
352132789 25764647
541844971 392503043
56045625 367302541
216238063 801926707
804354723 854908693
913052225 953635351
554172052 116900899
609716523 909989623
229931227 397643501
313540636 464460497
738308438 913097443
241150796 822256987
898019726 908839247
287950341 521846107
52638514 283383817
8182198 247407403
969486701 261542101
187216450 616073201
377850350 339066043
726734975 390459271
108004984 545733901
760899981 524384453
205698183 316972879
147356919 778275101
40147170 343947391
485937140 140962061
571211752 532663217
967929450 83404241
868255600 968676971
658063215 204580063
45504529 159786937
238602118 358375991
301662872 821750747
371876509 380566583
393580497 481489369
183178683 43908463
195020948 267008321
575598010 395924647
809480301 724644197
558775501 379066307
226551042 994980191
925803858 459743197
260221837 551459147
3612161 244430419
837093007 16526987
215381616 967890059
815215750 936970231
280289626 579431401
138346712 362248511
374793069 262744049
389548275 866799221
890106279 867312863
750834998 13272383
20790952 906745577
61268670 72875861
206010434 978494897
859322599 654499421
803004113 386657329
843916938 695016667
365515903 808208447
105047813 308116573
867357548 627506069
33450632 369079441
288184430 639975197
332943526 719551667
286663607 21658753
185814229 539055749
558459512 892581247
747677980 462893251
188745222 616113599
399993217 86140793
780113367 399905659
423144904 200917631
413966925 863055287
117045794 613786477
822797453 991988339
759973423 351180913
94054945 598719061
973754316 531408071
477952030 683799187
677798371 762080491
680633212 983375429
203586213 319897909
206251945 590471041
550918604 541763071
610667611 173595091
419048868 294793817
825021651 813749737
360218694 419461919
679107411 409028239
613254265 726066233
37711946 261061849
420436899 117588661
159922038 813342073
585834625 989189987
751271297 559801829
734480521 17517503
230537726 706833299
72944121 991356269
640234474 286831
791834625 927627707
10569816 594452231
709071713 34667531
802726324 469987561
190147609 307143829
760491850 488808473
480975310 544471517
747327219 946505827
167077559 11213057
764876834 800318803
890070366 53385547
370553 64151537
942026066 913393529
30596752 861914971
547050039 546532067
880283547 921486701
422934389 44789863
67889112 220287143
4046334 502273433
851016555 562211449
169243685 23255839
444428912 565166863
535319545 588017663
717409906 720234959
168274545 327471581
691169138 240200993
219473188 483744433
217834745 713583413
920348622 292136693
163823993 352456697
269107843 66505877
891331514 243748903
204351859 95458453
558134142 55412789
167225253 474510661
242928492 740112169
699093553 433160579
979211135 202894061
197486504 717897683
618930755 802549213
924592920 312927821
420246659 25997513
597211116 190134941
26251999 317050781
882081920 909821401
84025563 726359363
693520607 49982549
228028409 746207489
547046589 8378519
328843139 573640273
135649861 847790803
65185031 117804877
575521071 59034971
857637588 660442687
572740867 101417621
381999726 241918289
191756660 870688409
251252221 114853591
43793320 228614383
376271688 4667623
58621688 641902297
380199011 312308729
677342465 958294427
726154898 719389499
412050184 833355337
690428843 355337687
86395897 504792329
124101899 965776313
121177174 44665217
722736521 127555429
724386332 152928071
29299614 47131921
35143972 776388917
547819411 186852607
224950996 349437947
967061429 397758463
848431143 874046087
475295767 70632659
695722363 773456657
503539404 742600357
322481067 460357021
811724021 759884899
614706776 343031159
812193131 906017179
435449514 747262247
633085778 991773467
414732408 682118821
489499812 115318127
682063615 347841217
435745749 962817971
19078266 21910727
534201392 84765679
295614179 491730553
687821091 8798219
631481742 353469959
2453273 248392489
482258217 853559423
228756433 512956877
203567271 112006303
466708961 81653909
287103239 472723631
74672980 22587667
58315369 726197107
923616475 39244669
150680405 29071123
780271169 626628083
905673751 485128447
746264049 32651989
888881131 784779379
621426349 275406269
279094146 559397963
762297210 124422227
896361633 384782941
865755441 814298497
88252814 789893333
220264107 12989033
279756162 841375291
923741144 539811893
928683323 68668543
190404752 371155121
908965303 665845753
104917617 182160413
669416985 52338071
734614760 373405999
760882496 827763281
187387990 924331909
906307176 809860049
825434469 218694053
711909998 137123351
315194284 692987059
846392860 643049747
25644378 235650689
146313489 394286743
196018253 96227993
621971803 302659153
206407366 716533127
586764604 268785983
288579281 28873541
417523518 751526777
215879698 96881699
675043078 558615569
48486166 711146699
214741918 100046467
664105346 274865047
357628150 138181859
519600593 245465767
187376799 37092053
998662705 712674317
194057781 729006221
302340087 494879089
799217434 851049739
978065061 784566053
761143733 565532189
39167064 505979503
899815122 801846653
132601923 735973747
675349983 905689513
939963753 883694191
73510763 210719881
949561245 578176201
789154267 805537171
904101404 862104167
113757489 166208149
329900889 752135669
483286519 622241897
554529194 954438557
379719180 788016689
645825682 292068911
223473798 688341847
987176125 281396989
625469712 653144951
352985338 290783491
77383381 59214919
772565992 547572673
740402000 266125543
562242396 149635103
185453920 533221967
668281758 296354713
334544132 268385473
579215076 794050171
175186857 92527189
507766715 766045531
936511143 195963127
940468170 896089027
390557825 709118029
641337720 204103171
626409059 926319887
665868580 788184763
39301243 827782369
997413643 239407117
280796033 582712069
556095079 828133157
708077602 33029369
293139835 935928593
892021066 456642451
912723767 973915093
106040529 934686761
262989094 843925003
722437243 368749603
440838544 829284349
550470822 647179397
38755449 23238833
427360401 504220139
972605260 787373537
319592865 678106987
510152463 713014987
491698261 938404787
749885559 245840783
258280933 499851613
222272730 466761397
218034235 491492269
913072239 483368603
277150244 671680469
534081029 254357611
491583625 560757391
495295018 62681791
573392380 744631949
532685923 73195439
187674733 373165459
757463044 716698589
432233818 936459907
616671295 641271769
884506320 653093953
67698711 140054389
134641340 110936923
173213629 681931633
33269644 727235617
503368095 683638541
297652989 285588827
811121339 573672433
575310431 51222583
971818664 739838039
242365697 452982503
104803146 669718319
36280011 860215217
780406441 664413389
587658330 535357237
974444505 567076537
180018973 426508351
812775539 329222407
49163295 830357303
893157297 755298821
26389818 199056031
732522902 666141989
410325488 158021399
699449462 490116377
675975765 725037941
476509564 46279601
214487448 51807193
61839985 979025279
336218062 419490677
635004559 51561779
235568814 495550127
863578035 576973351
517747621 560453321
108984403 526520003
125795193 761036767
736801919 48358577
345601336 128537917
57097912 577213577
110226893 712277743
652110099 916025743
63882362 662305597
929387344 515460229
93191889 555023479
111055642 621059729
213230804 994349921
716445387 134978021
800641268 338892251
393285865 768160609
393164847 713549101
9461434 531363419
103208673 561852281
994404519 777862061
712022889 930197867
338371251 794148787
21328666 30534793
504154365 918860147
46298577 108842557
110825133 774453431
198727861 511496729
813852973 18764353
703938789 983482519
811332998 294058859
712527787 735609001
379825655 817178897
734325424 39072611
191785457 339688247
3621437 509798171
226951518 432609007
58015292 979757333
537578337 154067779
909919009 681778861
469261166 979298539
256267685 954312413
843723774 778355797
222743081 324109069
13192327 5292257
121254809 89906281
914219313 899429359
16572760 883779131
