500 5000
480 253 1
385 241 1
257 377 1
155 48 1
106 291 1
362 177 1
54 36 1
28 393 1
427 51 1
214 252 1
345 342 1
381 442 1
217 397 1
7 125 1
487 310 1
139 12 1
344 412 1
198 326 1
155 352 1
311 216 1
250 159 1
462 331 1
421 279 1
215 160 1
60 404 1
12 76 1
91 87 1
305 258 1
444 482 1
260 176 1
135 205 1
444 72 1
348 174 1
469 104 1
474 151 1
232 71 1
392 289 1
166 34 1
362 320 1
251 148 1
54 343 1
243 220 1
94 304 1
449 369 1
244 281 1
298 410 1
164 252 1
239 416 1
95 410 1
458 182 1
232 175 1
318 201 1
112 219 1
74 106 1
130 383 1
346 205 1
166 136 1
95 190 1
415 388 1
468 185 1
246 125 1
94 439 1
64 431 1
440 77 1
266 269 1
133 65 1
394 151 1
245 90 1
192 220 1
308 28 1
364 16 1
346 472 1
428 100 1
124 288 1
302 189 1
89 149 1
218 391 1
212 95 1
422 346 1
60 249 1
364 344 1
414 205 1
337 292 1
46 353 1
286 452 1
442 228 1
166 100 1
447 190 1
159 152 1
37 21 1
200 180 1
238 477 1
143 131 1
2 198 1
31 182 1
77 195 1
17 296 1
345 413 1
155 388 1
404 69 1
39 43 1
259 436 1
413 260 1
302 477 1
318 125 1
298 87 1
496 35 1
78 175 1
147 383 1
209 315 1
452 221 1
104 135 1
138 244 1
46 484 1
153 30 1
32 482 1
411 2 1
314 74 1
253 380 1
48 13 1
250 378 1
170 64 1
224 360 1
32 407 1
497 468 1
147 349 1
128 208 1
248 312 1
319 399 1
441 70 1
50 341 1
382 12 1
452 438 1
136 77 1
342 121 1
332 209 1
10 466 1
251 116 1
231 423 1
444 157 1
61 65 1
185 317 1
313 433 1
185 289 1
132 231 1
201 326 1
485 372 1
235 454 1
466 429 1
33 320 1
391 406 1
148 321 1
298 261 1
302 241 1
191 38 1
75 471 1
203 94 1
94 98 1
54 439 1
88 350 1
44 153 1
104 218 1
257 225 1
364 468 1
305 394 1
210 462 1
436 221 1
56 366 1
263 409 1
310 173 1
145 340 1
107 431 1
88 52 1
426 134 1
280 91 1
172 147 1
173 427 1
250 350 1
338 85 1
317 486 1
211 44 1
70 417 1
31 147 1
90 282 1
131 262 1
415 91 1
179 416 1
359 29 1
149 69 1
301 238 1
411 264 1
303 167 1
330 352 1
203 356 1
32 11 1
454 98 1
453 149 1
82 469 1
425 45 1
375 181 1
230 13 1
24 484 1
299 231 1
443 444 1
288 372 1
348 25 1
59 257 1
241 114 1
218 359 1
487 248 1
376 97 1
320 293 1
325 426 1
8 60 1
30 498 1
2 427 1
227 320 1
220 75 1
256 51 1
38 108 1
109 447 1
354 46 1
413 226 1
405 348 1
396 2 1
465 20 1
108 376 1
340 255 1
166 486 1
176 369 1
384 309 1
458 492 1
76 6 1
108 426 1
447 48 1
463 22 1
2 406 1
333 89 1
58 256 1
214 299 1
316 330 1
267 458 1
317 308 1
31 394 1
343 479 1
111 13 1
82 338 1
438 160 1
110 470 1
302 468 1
369 183 1
205 252 1
282 10 1
128 113 1
493 312 1
97 400 1
128 4 1
230 221 1
168 449 1
361 479 1
210 406 1
285 166 1
223 108 1
410 439 1
72 374 1
121 176 1
135 78 1
18 173 1
276 117 1
95 431 1
431 170 1
152 294 1
220 83 1
335 239 1
159 326 1
22 85 1
494 84 1
476 49 1
47 395 1
157 478 1
76 99 1
387 227 1
44 80 1
453 344 1
39 492 1
29 379 1
363 374 1
229 471 1
434 38 1
305 220 1
484 105 1
367 43 1
448 457 1
376 440 1
335 348 1
306 448 1
304 179 1
121 424 1
105 480 1
190 471 1
354 66 1
366 115 1
331 368 1
6 230 1
480 132 1
377 282 1
447 156 1
450 400 1
169 217 1
419 217 1
136 264 1
321 338 1
366 493 1
240 453 1
206 68 1
239 465 1
231 111 1
89 230 1
173 222 1
176 154 1
336 299 1
443 124 1
247 323 1
115 466 1
441 454 1
469 266 1
412 472 1
442 479 1
175 391 1
54 254 1
360 91 1
305 418 1
85 174 1
16 51 1
495 306 1
91 381 1
417 494 1
363 429 1
460 385 1
369 411 1
8 54 1
387 261 1
302 295 1
178 274 1
97 298 1
300 131 1
239 453 1
333 464 1
42 324 1
60 49 1
387 283 1
153 107 1
267 480 1
177 230 1
254 469 1
316 408 1
317 433 1
276 337 1
314 449 1
34 417 1
217 357 1
497 447 1
325 319 1
430 88 1
131 269 1
397 186 1
394 246 1
50 335 1
309 270 1
370 212 1
127 2 1
153 179 1
250 204 1
3 263 1
60 415 1
253 184 1
442 115 1
97 460 1
487 337 1
340 300 1
444 453 1
243 63 1
16 312 1
97 35 1
140 215 1
498 204 1
168 462 1
448 473 1
160 122 1
100 245 1
389 439 1
401 336 1
383 465 1
142 383 1
351 127 1
258 75 1
470 10 1
34 236 1
33 459 1
60 290 1
449 390 1
312 206 1
199 308 1
155 186 1
386 62 1
74 420 1
60 464 1
122 276 1
128 389 1
439 441 1
335 82 1
436 193 1
278 494 1
305 333 1
444 156 1
143 27 1
237 33 1
470 297 1
31 436 1
14 323 1
405 337 1
479 355 1
497 48 1
318 252 1
240 245 1
489 370 1
36 187 1
141 61 1
405 43 1
145 4 1
74 187 1
277 307 1
385 219 1
198 437 1
267 339 1
95 161 1
273 387 1
272 152 1
300 424 1
202 154 1
133 47 1
145 23 1
470 279 1
446 29 1
71 471 1
99 460 1
418 404 1
344 392 1
55 373 1
241 294 1
147 242 1
414 376 1
249 343 1
476 92 1
293 398 1
443 72 1
483 63 1
56 186 1
106 142 1
370 225 1
141 163 1
152 67 1
463 71 1
344 418 1
60 278 1
176 17 1
39 446 1
456 114 1
244 277 1
145 112 1
373 261 1
329 39 1
93 162 1
468 405 1
136 468 1
242 195 1
213 410 1
391 28 1
366 51 1
470 203 1
471 391 1
8 18 1
338 435 1
195 472 1
263 70 1
277 281 1
364 497 1
381 5 1
288 496 1
407 180 1
87 367 1
492 248 1
220 474 1
491 277 1
438 296 1
36 283 1
324 34 1
55 63 1
313 130 1
210 436 1
344 177 1
180 465 1
121 117 1
468 386 1
335 210 1
20 202 1
154 317 1
247 137 1
177 396 1
181 271 1
207 234 1
10 162 1
365 172 1
386 210 1
24 209 1
429 101 1
333 469 1
434 468 1
264 458 1
363 80 1
115 429 1
332 411 1
12 250 1
465 13 1
368 20 1
28 43 1
452 266 1
309 323 1
141 382 1
97 370 1
410 318 1
394 439 1
89 60 1
321 17 1
233 116 1
243 362 1
282 232 1
204 7 1
25 255 1
178 387 1
60 329 1
289 271 1
361 42 1
148 162 1
269 384 1
417 395 1
112 231 1
64 93 1
413 417 1
164 123 1
38 65 1
445 129 1
458 168 1
406 298 1
41 214 1
326 229 1
74 82 1
455 438 1
298 338 1
115 450 1
499 283 1
361 168 1
211 357 1
21 270 1
264 86 1
336 375 1
124 340 1
297 441 1
494 444 1
354 476 1
406 373 1
175 491 1
498 129 1
61 224 1
427 332 1
110 487 1
113 445 1
7 418 1
102 311 1
36 480 1
425 427 1
374 65 1
478 231 1
12 133 1
69 424 1
483 301 1
18 41 1
383 128 1
138 31 1
220 248 1
8 308 1
152 263 1
281 347 1
359 109 1
224 256 1
283 333 1
453 171 1
394 491 1
300 152 1
235 2 1
386 121 1
93 37 1
371 96 1
492 455 1
89 380 1
178 87 1
25 466 1
305 213 1
35 230 1
428 246 1
154 39 1
214 215 1
151 354 1
359 483 1
194 282 1
394 97 1
402 486 1
375 226 1
17 343 1
424 236 1
337 440 1
455 123 1
401 265 1
8 321 1
429 408 1
247 493 1
122 362 1
241 465 1
28 288 1
136 242 1
366 272 1
18 75 1
438 439 1
78 413 1
414 361 1
462 377 1
377 52 1
263 204 1
198 439 1
276 138 1
135 330 1
473 353 1
225 117 1
310 198 1
369 466 1
85 42 1
364 168 1
253 140 1
477 122 1
14 406 1
46 293 1
76 353 1
315 26 1
164 318 1
162 40 1
55 418 1
113 418 1
227 145 1
202 114 1
327 63 1
66 291 1
180 411 1
288 408 1
229 126 1
293 423 1
266 67 1
492 77 1
213 111 1
299 124 1
333 279 1
137 356 1
463 435 1
276 475 1
159 194 1
126 237 1
101 3 1
201 104 1
66 483 1
447 482 1
205 304 1
31 53 1
218 42 1
55 404 1
355 464 1
95 158 1
143 15 1
317 402 1
34 441 1
353 182 1
313 250 1
366 422 1
31 336 1
84 131 1
251 383 1
159 13 1
315 144 1
262 186 1
244 196 1
182 305 1
256 288 1
161 407 1
393 342 1
471 299 1
62 104 1
424 483 1
448 340 1
196 288 1
66 75 1
199 398 1
213 154 1
446 214 1
414 360 1
496 474 1
248 395 1
382 339 1
384 264 1
58 473 1
137 210 1
375 394 1
301 202 1
171 369 1
269 364 1
247 114 1
87 288 1
106 486 1
211 419 1
488 141 1
398 184 1
133 256 1
237 481 1
361 148 1
139 368 1
244 337 1
346 246 1
150 303 1
3 310 1
159 248 1
499 128 1
225 332 1
286 442 1
62 226 1
148 464 1
218 401 1
79 49 1
382 198 1
105 270 1
322 314 1
173 93 1
230 77 1
229 139 1
371 265 1
468 455 1
133 474 1
364 338 1
388 140 1
287 180 1
114 147 1
358 198 1
468 384 1
418 308 1
302 13 1
29 302 1
108 484 1
17 195 1
234 91 1
131 333 1
466 228 1
82 423 1
149 198 1
66 122 1
107 58 1
184 18 1
424 252 1
94 300 1
132 335 1
154 492 1
486 124 1
418 453 1
325 347 1
141 78 1
137 370 1
134 413 1
334 276 1
323 326 1
301 364 1
424 99 1
409 488 1
492 379 1
205 185 1
342 195 1
333 83 1
473 454 1
254 5 1
337 160 1
258 210 1
165 7 1
188 101 1
405 491 1
445 407 1
253 367 1
65 374 1
173 263 1
301 95 1
195 196 1
97 198 1
489 5 1
171 270 1
482 499 1
17 122 1
310 299 1
310 350 1
90 128 1
444 362 1
445 260 1
236 86 1
48 455 1
442 261 1
135 337 1
210 440 1
26 455 1
125 379 1
398 29 1
387 214 1
414 345 1
278 308 1
175 449 1
346 181 1
74 373 1
478 424 1
348 122 1
323 455 1
360 75 1
228 379 1
139 465 1
70 468 1
76 93 1
373 297 1
54 263 1
126 207 1
496 398 1
478 114 1
222 444 1
56 106 1
320 208 1
33 19 1
85 361 1
356 175 1
385 177 1
479 349 1
32 34 1
45 117 1
97 201 1
205 14 1
347 127 1
121 270 1
362 404 1
14 435 1
242 158 1
152 226 1
132 357 1
180 54 1
247 58 1
296 470 1
85 428 1
137 205 1
197 133 1
277 7 1
173 160 1
136 496 1
122 70 1
276 448 1
52 404 1
340 60 1
66 51 1
184 408 1
284 358 1
106 215 1
439 54 1
149 436 1
85 349 1
277 256 1
262 232 1
199 253 1
338 345 1
295 284 1
391 290 1
205 282 1
414 481 1
306 426 1
315 100 1
149 451 1
343 256 1
360 130 1
401 285 1
137 114 1
134 7 1
77 284 1
29 32 1
10 337 1
280 331 1
475 221 1
255 488 1
489 259 1
202 100 1
499 319 1
97 309 1
441 154 1
27 185 1
357 123 1
32 129 1
25 458 1
375 91 1
414 258 1
152 8 1
342 140 1
273 267 1
104 331 1
10 114 1
299 73 1
181 247 1
351 275 1
340 368 1
110 81 1
165 275 1
62 221 1
196 36 1
182 442 1
383 181 1
151 292 1
400 236 1
304 244 1
151 137 1
485 213 1
328 134 1
294 169 1
124 94 1
487 154 1
338 108 1
124 173 1
258 136 1
61 118 1
135 355 1
43 286 1
165 203 1
245 169 1
480 346 1
298 101 1
424 443 1
135 216 1
403 392 1
347 186 1
115 283 1
299 199 1
357 439 1
198 221 1
287 436 1
343 167 1
394 489 1
487 37 1
27 349 1
247 457 1
92 197 1
92 77 1
455 22 1
101 76 1
279 205 1
459 398 1
353 372 1
385 116 1
386 354 1
346 237 1
283 2 1
366 119 1
167 268 1
59 464 1
120 90 1
120 65 1
341 223 1
463 242 1
52 359 1
266 332 1
125 373 1
200 115 1
158 55 1
409 423 1
478 145 1
240 260 1
129 370 1
165 256 1
185 479 1
446 444 1
110 30 1
394 284 1
216 482 1
486 224 1
388 196 1
158 26 1
11 499 1
155 327 1
347 498 1
422 214 1
267 79 1
142 320 1
132 290 1
200 409 1
231 401 1
224 440 1
33 382 1
68 20 1
262 99 1
431 113 1
411 456 1
412 183 1
267 29 1
370 469 1
191 490 1
260 27 1
13 444 1
89 430 1
433 292 1
112 68 1
466 163 1
304 8 1
473 425 1
12 53 1
363 460 1
282 399 1
372 375 1
159 72 1
1 280 1
327 145 1
147 213 1
37 115 1
469 324 1
405 333 1
438 81 1
489 317 1
406 426 1
73 23 1
478 275 1
212 461 1
126 308 1
337 491 1
304 76 1
58 499 1
126 225 1
172 52 1
263 10 1
51 321 1
254 124 1
458 94 1
443 131 1
99 16 1
347 349 1
95 2 1
145 499 1
345 460 1
199 192 1
443 440 1
213 182 1
468 145 1
438 174 1
446 282 1
206 282 1
137 396 1
319 174 1
417 199 1
306 76 1
397 164 1
55 226 1
156 248 1
426 361 1
215 430 1
359 394 1
474 492 1
366 257 1
440 89 1
136 38 1
334 221 1
437 421 1
476 47 1
496 290 1
111 108 1
151 336 1
174 46 1
473 112 1
87 265 1
399 323 1
411 302 1
373 175 1
86 362 1
131 324 1
89 216 1
244 131 1
309 171 1
339 33 1
479 251 1
278 253 1
122 451 1
239 115 1
495 39 1
250 68 1
133 4 1
484 13 1
77 460 1
343 240 1
214 460 1
257 71 1
57 192 1
470 106 1
35 268 1
415 382 1
481 226 1
207 258 1
455 32 1
9 463 1
208 415 1
496 358 1
376 361 1
462 487 1
480 422 1
189 362 1
409 102 1
222 409 1
25 166 1
74 347 1
28 477 1
253 29 1
287 463 1
66 217 1
78 41 1
142 330 1
102 3 1
400 38 1
320 236 1
17 70 1
219 440 1
214 437 1
470 491 1
410 499 1
309 40 1
111 133 1
450 468 1
26 278 1
348 468 1
497 214 1
312 70 1
54 456 1
416 255 1
302 18 1
361 142 1
395 373 1
75 391 1
384 203 1
409 230 1
96 360 1
265 29 1
272 188 1
476 181 1
495 130 1
413 267 1
145 119 1
292 79 1
308 340 1
41 461 1
222 230 1
374 224 1
385 291 1
223 150 1
277 126 1
42 204 1
286 345 1
68 311 1
397 370 1
410 130 1
299 243 1
433 454 1
208 491 1
296 407 1
116 298 1
45 258 1
431 277 1
136 168 1
175 303 1
11 310 1
118 391 1
64 60 1
306 402 1
371 86 1
176 17 1
377 271 1
149 462 1
356 191 1
471 405 1
334 278 1
179 465 1
149 431 1
350 180 1
409 113 1
175 138 1
121 367 1
322 384 1
263 426 1
281 330 1
177 112 1
389 146 1
252 474 1
346 217 1
216 139 1
84 499 1
306 14 1
122 295 1
290 171 1
181 332 1
357 418 1
410 78 1
229 380 1
20 41 1
258 268 1
331 101 1
415 293 1
142 410 1
33 497 1
209 260 1
265 312 1
352 121 1
468 69 1
405 185 1
484 314 1
73 209 1
74 462 1
209 350 1
147 30 1
380 57 1
424 274 1
479 371 1
477 405 1
269 287 1
442 354 1
478 245 1
35 24 1
357 121 1
170 450 1
185 59 1
260 295 1
361 358 1
206 319 1
348 412 1
40 150 1
87 80 1
410 297 1
78 54 1
260 288 1
378 71 1
238 354 1
295 265 1
91 137 1
225 150 1
149 41 1
22 16 1
486 220 1
164 273 1
270 177 1
4 195 1
30 54 1
173 175 1
275 15 1
282 371 1
315 55 1
183 319 1
369 62 1
88 95 1
68 353 1
352 201 1
207 417 1
305 285 1
230 144 1
325 236 1
195 235 1
113 192 1
268 399 1
203 175 1
392 213 1
272 443 1
454 201 1
266 92 1
406 61 1
368 459 1
447 304 1
159 430 1
117 271 1
407 310 1
385 58 1
76 91 1
466 69 1
303 480 1
167 459 1
394 243 1
203 333 1
244 282 1
272 478 1
87 56 1
129 174 1
286 294 1
487 52 1
299 230 1
204 499 1
191 113 1
431 362 1
141 434 1
34 432 1
306 155 1
497 321 1
77 399 1
448 240 1
216 161 1
16 437 1
135 283 1
238 242 1
418 212 1
60 156 1
37 222 1
242 341 1
475 94 1
105 392 1
109 199 1
358 32 1
426 207 1
137 417 1
210 242 1
86 348 1
65 123 1
87 52 1
383 13 1
15 139 1
178 421 1
286 495 1
120 149 1
74 333 1
217 219 1
471 56 1
132 58 1
123 7 1
182 167 1
497 191 1
458 439 1
100 43 1
175 206 1
170 249 1
442 235 1
41 350 1
266 406 1
60 117 1
129 379 1
83 310 1
343 27 1
220 123 1
340 126 1
384 235 1
399 330 1
373 183 1
497 350 1
173 207 1
136 162 1
491 1 1
463 308 1
67 345 1
282 461 1
321 409 1
238 368 1
123 55 1
153 8 1
91 347 1
464 195 1
229 330 1
315 163 1
333 352 1
74 415 1
474 249 1
238 152 1
254 90 1
282 204 1
198 345 1
242 138 1
205 283 1
340 232 1
404 31 1
24 60 1
439 253 1
413 118 1
207 53 1
391 283 1
119 446 1
337 168 1
333 146 1
310 99 1
196 370 1
234 273 1
176 427 1
247 176 1
7 350 1
168 19 1
75 324 1
163 58 1
235 429 1
467 352 1
193 168 1
41 100 1
399 445 1
377 432 1
308 66 1
142 468 1
391 272 1
379 164 1
394 329 1
216 85 1
68 201 1
338 112 1
138 44 1
60 216 1
475 348 1
185 17 1
155 201 1
435 85 1
371 276 1
490 149 1
135 285 1
153 146 1
89 69 1
154 384 1
443 460 1
436 51 1
305 332 1
81 36 1
64 156 1
227 49 1
221 144 1
57 381 1
366 11 1
369 399 1
481 143 1
356 450 1
491 355 1
312 450 1
471 302 1
164 415 1
472 130 1
41 333 1
436 477 1
138 135 1
432 323 1
14 444 1
100 142 1
199 375 1
238 225 1
121 37 1
263 318 1
281 202 1
427 114 1
387 37 1
43 164 1
247 181 1
479 467 1
259 460 1
294 240 1
366 40 1
395 236 1
387 456 1
324 63 1
27 237 1
435 72 1
164 302 1
97 226 1
313 11 1
445 55 1
199 47 1
70 48 1
212 111 1
250 380 1
496 42 1
88 237 1
180 400 1
425 413 1
79 453 1
351 308 1
325 321 1
84 49 1
216 111 1
192 34 1
232 438 1
294 63 1
414 392 1
351 76 1
333 97 1
212 142 1
455 151 1
53 323 1
477 391 1
449 191 1
415 289 1
328 477 1
241 200 1
3 258 1
202 46 1
100 154 1
347 134 1
87 445 1
479 340 1
298 121 1
453 418 1
410 404 1
448 449 1
417 318 1
203 101 1
430 102 1
469 382 1
170 50 1
217 108 1
438 206 1
390 455 1
203 220 1
412 146 1
337 74 1
481 57 1
188 145 1
289 426 1
260 40 1
232 308 1
460 336 1
405 51 1
192 126 1
30 219 1
291 377 1
30 289 1
61 387 1
378 217 1
265 482 1
495 360 1
261 299 1
39 349 1
499 228 1
466 158 1
273 404 1
460 307 1
6 119 1
392 397 1
248 37 1
302 183 1
362 411 1
112 138 1
58 86 1
425 430 1
264 261 1
138 215 1
26 43 1
65 260 1
149 232 1
104 125 1
262 455 1
335 380 1
441 150 1
15 261 1
325 65 1
262 267 1
138 60 1
10 76 1
55 389 1
100 254 1
436 66 1
167 126 1
298 280 1
352 32 1
249 491 1
126 428 1
425 144 1
126 385 1
361 33 1
42 183 1
200 129 1
110 10 1
358 264 1
50 296 1
232 294 1
331 417 1
365 456 1
486 153 1
25 18 1
168 380 1
136 489 1
17 244 1
489 340 1
433 359 1
361 272 1
287 366 1
245 200 1
147 396 1
431 287 1
111 154 1
226 399 1
288 310 1
253 428 1
128 149 1
236 93 1
20 461 1
433 430 1
181 454 1
2 115 1
478 454 1
491 123 1
227 419 1
47 464 1
379 489 1
305 206 1
129 219 1
182 427 1
497 84 1
258 60 1
26 445 1
49 480 1
486 118 1
311 427 1
316 309 1
278 117 1
470 177 1
102 197 1
368 478 1
138 119 1
125 109 1
369 279 1
366 464 1
201 402 1
410 394 1
80 437 1
286 421 1
202 335 1
250 361 1
255 291 1
412 118 1
134 235 1
83 74 1
59 72 1
419 194 1
36 145 1
454 25 1
49 81 1
321 332 1
487 239 1
62 217 1
52 265 1
310 129 1
351 238 1
467 498 1
437 207 1
134 129 1
98 407 1
130 463 1
484 335 1
452 298 1
174 160 1
302 407 1
85 261 1
336 378 1
346 186 1
96 13 1
473 479 1
56 416 1
208 43 1
61 324 1
311 351 1
397 399 1
392 469 1
270 398 1
172 248 1
392 480 1
458 362 1
223 110 1
139 176 1
267 465 1
170 122 1
308 34 1
159 71 1
143 58 1
18 376 1
191 344 1
272 66 1
132 226 1
432 79 1
371 314 1
273 44 1
222 145 1
429 412 1
5 28 1
410 256 1
248 206 1
309 429 1
204 89 1
75 228 1
171 35 1
483 331 1
227 284 1
315 176 1
444 454 1
131 236 1
437 424 1
29 462 1
131 420 1
450 413 1
475 422 1
218 488 1
320 13 1
243 61 1
73 31 1
440 298 1
396 499 1
194 327 1
438 443 1
229 345 1
235 241 1
482 284 1
233 130 1
39 283 1
207 106 1
340 277 1
417 62 1
188 156 1
40 325 1
228 390 1
357 343 1
146 153 1
457 396 1
479 491 1
185 198 1
446 159 1
408 396 1
110 293 1
22 485 1
484 221 1
130 173 1
356 126 1
476 209 1
463 256 1
32 50 1
452 176 1
149 273 1
316 480 1
175 177 1
386 112 1
439 126 1
484 20 1
367 488 1
121 239 1
453 206 1
53 398 1
311 146 1
499 184 1
216 234 1
153 126 1
34 164 1
12 452 1
449 26 1
209 290 1
410 66 1
200 136 1
306 204 1
436 251 1
233 224 1
12 248 1
167 234 1
492 285 1
474 17 1
264 87 1
218 35 1
38 219 1
279 334 1
389 8 1
420 35 1
161 57 1
439 79 1
13 279 1
381 347 1
469 305 1
455 181 1
420 158 1
371 483 1
135 362 1
154 333 1
241 436 1
251 289 1
371 17 1
222 198 1
119 14 1
414 440 1
330 331 1
252 109 1
228 274 1
160 19 1
205 65 1
236 302 1
180 302 1
135 192 1
459 480 1
98 3 1
417 128 1
357 81 1
132 154 1
106 444 1
382 79 1
470 171 1
48 484 1
457 128 1
41 76 1
421 326 1
67 164 1
348 297 1
201 321 1
241 11 1
308 50 1
145 460 1
317 275 1
104 477 1
452 449 1
333 430 1
5 458 1
36 451 1
78 24 1
333 409 1
418 483 1
358 166 1
232 223 1
263 410 1
79 168 1
171 157 1
267 478 1
357 42 1
213 177 1
84 387 1
108 355 1
491 43 1
232 53 1
222 243 1
319 278 1
265 79 1
415 343 1
453 87 1
336 291 1
330 67 1
116 412 1
282 421 1
30 350 1
451 72 1
107 203 1
273 188 1
310 52 1
120 340 1
392 362 1
465 309 1
323 130 1
69 395 1
326 355 1
253 485 1
309 406 1
321 480 1
363 470 1
327 29 1
148 216 1
363 295 1
332 313 1
190 284 1
407 438 1
403 342 1
184 468 1
306 336 1
150 392 1
33 83 1
127 386 1
396 198 1
293 238 1
316 333 1
450 152 1
72 113 1
403 349 1
315 328 1
3 343 1
236 480 1
130 211 1
24 189 1
475 266 1
41 184 1
41 402 1
226 306 1
461 434 1
168 262 1
260 257 1
400 239 1
55 187 1
32 384 1
312 196 1
86 374 1
68 30 1
114 95 1
246 348 1
365 68 1
157 467 1
449 46 1
123 58 1
241 154 1
267 40 1
319 395 1
255 168 1
32 130 1
210 487 1
325 285 1
84 427 1
450 41 1
194 242 1
81 12 1
15 478 1
344 109 1
389 335 1
424 193 1
118 74 1
184 234 1
412 226 1
74 80 1
364 165 1
290 53 1
420 81 1
113 396 1
48 134 1
7 109 1
465 276 1
89 130 1
264 290 1
208 346 1
136 355 1
364 86 1
49 57 1
152 261 1
58 35 1
119 305 1
400 154 1
401 87 1
4 439 1
91 54 1
72 162 1
58 335 1
241 17 1
150 480 1
282 36 1
405 43 1
228 9 1
352 482 1
446 392 1
55 111 1
175 250 1
4 64 1
216 74 1
239 488 1
253 146 1
169 76 1
449 77 1
21 209 1
308 171 1
265 475 1
355 252 1
61 369 1
152 490 1
199 79 1
184 12 1
396 159 1
198 461 1
234 439 1
103 203 1
466 456 1
142 460 1
293 487 1
356 491 1
381 267 1
462 357 1
271 482 1
166 90 1
441 393 1
116 213 1
283 458 1
370 197 1
115 27 1
23 435 1
485 284 1
475 191 1
126 454 1
322 65 1
457 190 1
266 81 1
282 172 1
309 226 1
442 11 1
479 40 1
140 149 1
338 166 1
158 25 1
1 397 1
156 453 1
132 157 1
422 194 1
131 103 1
416 223 1
426 220 1
279 436 1
116 177 1
255 469 1
305 228 1
230 147 1
434 407 1
66 225 1
88 411 1
153 194 1
319 200 1
471 487 1
54 342 1
294 271 1
124 379 1
224 114 1
182 452 1
489 254 1
269 192 1
316 437 1
156 179 1
386 140 1
96 50 1
144 327 1
477 298 1
281 155 1
352 264 1
261 280 1
22 448 1
458 304 1
95 412 1
78 36 1
128 399 1
381 397 1
217 355 1
166 19 1
484 479 1
259 39 1
291 110 1
275 10 1
397 418 1
143 150 1
204 44 1
55 266 1
314 111 1
144 61 1
103 72 1
115 277 1
65 32 1
208 348 1
368 130 1
407 5 1
470 13 1
171 193 1
497 142 1
255 390 1
203 132 1
252 225 1
25 92 1
40 96 1
495 150 1
50 426 1
429 317 1
79 156 1
491 423 1
385 456 1
87 481 1
353 349 1
121 498 1
322 371 1
191 142 1
344 329 1
139 380 1
484 102 1
111 99 1
475 233 1
385 261 1
455 141 1
156 111 1
432 367 1
485 83 1
27 488 1
150 479 1
456 462 1
364 487 1
463 371 1
119 86 1
113 47 1
393 366 1
313 274 1
88 257 1
448 224 1
120 77 1
2 406 1
187 293 1
199 24 1
159 26 1
10 435 1
368 79 1
385 399 1
336 268 1
65 40 1
351 278 1
340 39 1
254 268 1
338 79 1
312 411 1
229 492 1
245 359 1
30 266 1
314 200 1
410 348 1
14 57 1
291 479 1
188 169 1
234 393 1
118 221 1
111 309 1
352 225 1
106 2 1
343 188 1
65 450 1
113 191 1
158 319 1
73 392 1
211 52 1
101 465 1
293 372 1
65 157 1
473 69 1
455 32 1
118 41 1
145 168 1
215 42 1
322 350 1
7 276 1
70 1 1
131 271 1
465 84 1
487 261 1
256 485 1
233 398 1
477 6 1
107 462 1
462 325 1
237 147 1
270 264 1
237 379 1
307 159 1
357 111 1
412 322 1
446 131 1
145 146 1
317 467 1
362 277 1
382 218 1
30 118 1
9 207 1
218 195 1
25 266 1
445 475 1
194 234 1
20 437 1
195 498 1
497 44 1
308 409 1
366 123 1
314 182 1
244 346 1
340 180 1
152 327 1
105 20 1
172 285 1
494 452 1
403 364 1
268 453 1
132 181 1
395 299 1
463 292 1
193 141 1
35 427 1
158 28 1
289 343 1
417 357 1
97 14 1
116 320 1
277 250 1
235 23 1
294 471 1
479 141 1
379 478 1
59 340 1
211 85 1
102 298 1
159 299 1
104 249 1
295 407 1
190 55 1
2 173 1
314 112 1
401 160 1
189 235 1
119 362 1
423 424 1
328 81 1
337 143 1
20 12 1
308 249 1
29 478 1
220 327 1
72 123 1
237 248 1
425 11 1
265 475 1
399 178 1
93 100 1
53 306 1
81 62 1
402 347 1
1 143 1
489 174 1
374 37 1
336 394 1
195 17 1
217 175 1
134 278 1
309 192 1
74 277 1
147 5 1
25 494 1
458 184 1
186 200 1
335 365 1
273 134 1
446 386 1
154 456 1
494 196 1
281 190 1
118 378 1
223 369 1
339 298 1
130 441 1
384 94 1
337 75 1
450 160 1
103 162 1
136 191 1
66 216 1
470 253 1
95 172 1
413 305 1
107 150 1
75 362 1
189 59 1
276 126 1
9 279 1
418 79 1
128 200 1
134 128 1
104 417 1
151 77 1
488 169 1
381 81 1
51 179 1
307 352 1
173 379 1
253 223 1
170 434 1
171 204 1
56 475 1
268 345 1
38 368 1
406 497 1
488 476 1
337 191 1
32 279 1
278 448 1
53 487 1
431 420 1
126 93 1
232 258 1
152 274 1
310 336 1
424 437 1
432 88 1
428 168 1
374 388 1
196 384 1
341 305 1
6 497 1
77 67 1
298 255 1
302 426 1
89 418 1
412 319 1
385 77 1
373 240 1
55 95 1
17 311 1
491 313 1
428 322 1
498 149 1
121 57 1
231 284 1
366 79 1
316 391 1
47 60 1
354 440 1
381 452 1
346 189 1
397 429 1
181 403 1
246 282 1
40 115 1
403 456 1
454 107 1
201 487 1
119 15 1
491 151 1
343 32 1
167 155 1
380 162 1
482 88 1
156 421 1
235 493 1
304 429 1
432 141 1
430 364 1
284 233 1
400 257 1
41 284 1
267 279 1
253 196 1
185 429 1
260 29 1
181 452 1
348 212 1
398 75 1
175 272 1
297 22 1
307 116 1
333 152 1
299 367 1
278 6 1
4 100 1
8 481 1
233 347 1
52 438 1
47 27 1
4 224 1
330 175 1
188 269 1
304 53 1
488 104 1
178 347 1
8 28 1
313 185 1
215 265 1
149 274 1
218 46 1
144 342 1
258 202 1
426 399 1
271 159 1
227 33 1
30 201 1
327 120 1
30 199 1
354 436 1
38 386 1
147 208 1
177 301 1
71 458 1
164 199 1
385 140 1
361 100 1
266 268 1
80 301 1
397 360 1
348 338 1
87 81 1
265 211 1
37 181 1
245 463 1
270 211 1
267 316 1
261 183 1
236 18 1
13 400 1
458 72 1
341 310 1
263 41 1
359 491 1
432 483 1
224 369 1
260 383 1
171 396 1
321 252 1
466 85 1
126 26 1
490 219 1
316 179 1
480 111 1
182 314 1
89 373 1
490 285 1
248 400 1
114 56 1
51 461 1
7 146 1
228 123 1
263 423 1
104 9 1
407 304 1
124 189 1
204 21 1
292 499 1
319 58 1
490 269 1
109 136 1
43 164 1
80 183 1
211 277 1
407 353 1
367 267 1
398 215 1
437 379 1
394 256 1
362 313 1
341 67 1
141 175 1
236 246 1
191 68 1
354 455 1
260 486 1
264 226 1
385 357 1
418 226 1
466 125 1
264 142 1
238 254 1
299 102 1
255 296 1
175 50 1
27 438 1
373 368 1
373 282 1
125 419 1
280 197 1
7 499 1
242 53 1
418 364 1
191 166 1
471 344 1
262 195 1
185 302 1
166 241 1
341 125 1
153 456 1
429 447 1
261 415 1
472 411 1
439 466 1
165 156 1
83 103 1
308 13 1
20 153 1
175 47 1
340 435 1
475 171 1
374 459 1
474 225 1
162 333 1
181 464 1
114 414 1
426 221 1
338 13 1
465 131 1
155 76 1
289 109 1
360 175 1
342 137 1
96 271 1
480 174 1
112 374 1
136 259 1
212 199 1
207 114 1
187 304 1
365 388 1
433 299 1
394 421 1
11 293 1
449 454 1
133 395 1
295 81 1
385 265 1
303 412 1
5 225 1
114 349 1
226 430 1
367 158 1
257 262 1
277 454 1
241 202 1
147 487 1
446 150 1
319 384 1
146 295 1
271 54 1
419 369 1
488 43 1
284 479 1
345 373 1
299 130 1
172 494 1
352 60 1
312 290 1
195 20 1
181 406 1
414 487 1
466 200 1
250 197 1
365 319 1
22 258 1
9 120 1
363 208 1
142 71 1
185 339 1
178 219 1
346 400 1
25 467 1
29 496 1
25 313 1
466 13 1
410 216 1
27 235 1
64 62 1
80 89 1
22 74 1
226 149 1
171 195 1
412 393 1
327 48 1
49 194 1
201 333 1
38 285 1
138 205 1
339 332 1
385 447 1
254 116 1
161 357 1
126 102 1
394 197 1
215 425 1
89 191 1
393 488 1
125 106 1
185 256 1
382 429 1
440 326 1
212 200 1
425 496 1
67 468 1
457 432 1
225 176 1
302 412 1
333 77 1
440 275 1
420 211 1
463 268 1
340 181 1
311 341 1
140 137 1
298 279 1
250 283 1
98 296 1
127 215 1
173 53 1
488 233 1
376 219 1
484 285 1
492 175 1
291 407 1
69 139 1
33 373 1
424 274 1
46 226 1
36 422 1
74 193 1
230 141 1
316 47 1
190 303 1
204 453 1
208 491 1
472 135 1
137 41 1
472 476 1
415 183 1
312 161 1
378 51 1
397 200 1
196 306 1
444 298 1
233 225 1
363 29 1
457 177 1
211 202 1
492 256 1
482 403 1
137 140 1
327 304 1
240 34 1
109 279 1
470 231 1
172 398 1
50 430 1
289 372 1
425 461 1
430 454 1
385 382 1
402 399 1
1 329 1
5 260 1
432 144 1
499 390 1
469 142 1
169 268 1
458 325 1
461 295 1
209 452 1
313 456 1
162 451 1
456 337 1
463 121 1
192 327 1
313 253 1
417 19 1
252 351 1
197 174 1
26 59 1
144 95 1
273 125 1
220 179 1
150 165 1
191 314 1
136 1 1
76 185 1
142 155 1
116 420 1
183 215 1
117 29 1
325 239 1
46 28 1
365 151 1
452 469 1
443 11 1
342 108 1
486 123 1
308 297 1
370 387 1
448 34 1
173 319 1
347 169 1
375 417 1
153 210 1
156 296 1
28 362 1
361 494 1
273 2 1
414 1 1
322 492 1
14 261 1
246 490 1
42 53 1
226 77 1
292 432 1
273 373 1
202 42 1
220 175 1
373 43 1
140 407 1
109 195 1
443 480 1
124 23 1
119 118 1
145 36 1
146 128 1
356 285 1
347 495 1
346 380 1
469 185 1
58 47 1
383 77 1
466 490 1
439 421 1
302 334 1
333 237 1
182 82 1
269 295 1
432 71 1
45 478 1
212 87 1
365 141 1
440 474 1
95 111 1
387 438 1
68 165 1
80 434 1
100 87 1
128 29 1
99 306 1
476 402 1
363 202 1
393 355 1
477 471 1
328 443 1
391 336 1
207 338 1
13 436 1
358 440 1
193 377 1
498 257 1
443 385 1
12 57 1
182 252 1
375 29 1
244 266 1
327 481 1
96 258 1
148 189 1
357 315 1
73 497 1
284 382 1
261 29 1
232 63 1
278 113 1
131 434 1
310 303 1
459 248 1
357 270 1
103 389 1
40 419 1
97 456 1
194 303 1
350 399 1
231 298 1
281 93 1
288 131 1
345 498 1
307 301 1
368 358 1
323 209 1
205 40 1
101 266 1
436 406 1
92 196 1
354 423 1
352 34 1
361 31 1
452 476 1
447 213 1
173 80 1
139 81 1
412 207 1
151 491 1
102 36 1
200 331 1
272 94 1
369 351 1
278 199 1
196 288 1
279 432 1
379 424 1
365 324 1
192 228 1
57 240 1
125 245 1
17 178 1
477 183 1
311 43 1
465 4 1
66 320 1
464 405 1
87 414 1
359 128 1
121 386 1
65 429 1
292 314 1
85 365 1
24 388 1
407 348 1
175 136 1
333 77 1
11 107 1
99 45 1
453 253 1
298 466 1
145 384 1
411 378 1
317 22 1
341 468 1
150 400 1
121 405 1
141 354 1
51 42 1
164 100 1
40 261 1
26 66 1
395 97 1
351 446 1
30 66 1
182 390 1
47 346 1
371 291 1
241 78 1
448 182 1
301 254 1
73 6 1
472 432 1
461 18 1
37 417 1
143 296 1
249 156 1
306 458 1
385 240 1
104 243 1
163 209 1
33 416 1
211 379 1
185 401 1
344 438 1
129 492 1
27 244 1
283 238 1
71 317 1
25 292 1
100 98 1
273 164 1
418 7 1
159 371 1
455 146 1
293 207 1
409 8 1
126 403 1
168 108 1
50 51 1
164 385 1
6 202 1
89 466 1
269 246 1
22 487 1
346 381 1
86 72 1
96 373 1
483 14 1
66 231 1
202 104 1
351 486 1
408 111 1
414 79 1
240 237 1
17 146 1
232 322 1
8 343 1
36 103 1
204 454 1
479 269 1
154 383 1
473 225 1
279 1 1
186 131 1
246 59 1
260 137 1
488 91 1
55 310 1
27 172 1
190 25 1
444 474 1
230 368 1
151 328 1
380 470 1
21 314 1
254 206 1
443 116 1
400 383 1
442 479 1
283 346 1
228 305 1
399 420 1
455 119 1
59 465 1
76 153 1
215 292 1
244 294 1
162 472 1
450 478 1
356 339 1
356 217 1
398 235 1
299 295 1
29 326 1
166 466 1
437 301 1
394 240 1
80 362 1
493 291 1
9 322 1
404 398 1
83 50 1
277 99 1
257 3 1
150 359 1
146 349 1
130 475 1
110 157 1
306 375 1
460 278 1
396 407 1
149 2 1
317 321 1
422 145 1
192 13 1
50 238 1
378 447 1
119 25 1
41 57 1
171 345 1
266 1 1
100 322 1
13 452 1
57 67 1
154 50 1
126 225 1
90 343 1
228 151 1
462 112 1
111 110 1
81 196 1
305 474 1
50 462 1
315 434 1
396 94 1
335 472 1
45 145 1
157 380 1
193 254 1
451 369 1
100 50 1
101 63 1
282 1 1
62 179 1
172 345 1
122 364 1
146 270 1
499 169 1
51 447 1
195 112 1
493 415 1
8 124 1
491 211 1
310 221 1
240 338 1
251 131 1
479 407 1
389 103 1
104 465 1
255 211 1
5 443 1
294 289 1
167 132 1
83 351 1
269 428 1
283 205 1
231 92 1
367 177 1
50 16 1
97 36 1
48 242 1
57 359 1
303 352 1
14 206 1
194 352 1
214 351 1
113 469 1
96 164 1
216 141 1
243 91 1
145 212 1
482 114 1
213 214 1
55 40 1
156 385 1
363 95 1
206 449 1
313 115 1
263 125 1
3 453 1
450 473 1
406 330 1
357 333 1
51 109 1
169 482 1
313 368 1
286 344 1
53 426 1
4 452 1
492 31 1
353 349 1
430 69 1
322 477 1
203 375 1
85 119 1
318 8 1
94 379 1
492 71 1
294 225 1
259 325 1
49 1 1
349 218 1
247 239 1
442 99 1
469 351 1
275 65 1
397 368 1
355 420 1
333 400 1
276 488 1
134 110 1
287 364 1
13 58 1
374 46 1
475 385 1
454 113 1
97 421 1
108 60 1
351 379 1
349 336 1
47 156 1
302 463 1
352 90 1
149 202 1
67 304 1
35 227 1
53 409 1
41 388 1
214 32 1
73 198 1
306 85 1
399 92 1
94 263 1
423 373 1
217 114 1
439 341 1
103 93 1
308 245 1
109 12 1
325 337 1
75 63 1
272 302 1
264 31 1
136 490 1
450 330 1
326 71 1
445 287 1
248 307 1
169 98 1
211 373 1
97 4 1
2 216 1
270 436 1
5 481 1
310 415 1
386 390 1
238 33 1
270 496 1
118 19 1
449 476 1
377 281 1
68 270 1
452 272 1
101 403 1
374 360 1
404 431 1
92 232 1
105 266 1
325 263 1
373 365 1
180 244 1
43 117 1
121 417 1
183 308 1
47 479 1
191 366 1
14 148 1
216 249 1
134 438 1
160 327 1
120 131 1
455 105 1
2 42 1
155 31 1
234 30 1
7 115 1
431 106 1
394 323 1
395 104 1
280 309 1
29 370 1
273 144 1
21 401 1
264 2 1
117 101 1
386 255 1
133 312 1
471 52 1
313 291 1
273 19 1
276 21 1
395 391 1
357 94 1
137 334 1
135 194 1
391 78 1
448 453 1
470 207 1
405 428 1
420 362 1
175 223 1
91 168 1
293 216 1
375 259 1
328 456 1
416 201 1
126 199 1
310 285 1
150 292 1
1 433 1
155 92 1
299 388 1
479 213 1
26 319 1
121 453 1
241 97 1
388 275 1
193 28 1
348 259 1
356 184 1
144 328 1
123 183 1
42 330 1
279 444 1
441 72 1
122 263 1
221 381 1
406 129 1
251 143 1
320 235 1
195 276 1
357 71 1
217 323 1
132 156 1
155 342 1
71 415 1
323 94 1
70 162 1
486 263 1
480 159 1
7 336 1
445 152 1
55 65 1
428 322 1
311 149 1
388 72 1
31 243 1
106 219 1
212 367 1
94 17 1
163 431 1
300 445 1
325 369 1
125 315 1
78 209 1
453 230 1
390 204 1
173 467 1
9 350 1
4 247 1
100 131 1
488 344 1
325 438 1
368 202 1
347 8 1
13 348 1
67 401 1
451 196 1
306 26 1
318 145 1
446 391 1
38 241 1
46 365 1
56 126 1
410 137 1
456 347 1
412 140 1
52 176 1
489 168 1
436 466 1
259 469 1
73 187 1
430 326 1
117 138 1
253 62 1
355 50 1
286 280 1
457 250 1
117 194 1
293 152 1
449 181 1
111 412 1
297 59 1
109 468 1
321 307 1
132 270 1
318 217 1
472 446 1
58 334 1
489 250 1
427 293 1
211 222 1
151 136 1
460 390 1
421 29 1
403 61 1
36 155 1
24 335 1
194 87 1
100 50 1
242 421 1
42 125 1
203 417 1
294 56 1
428 282 1
42 117 1
163 430 1
320 379 1
238 218 1
493 365 1
155 364 1
387 304 1
39 397 1
51 6 1
98 31 1
461 101 1
464 446 1
180 206 1
364 386 1
417 378 1
322 76 1
292 261 1
200 282 1
225 244 1
274 129 1
448 481 1
52 211 1
110 215 1
260 134 1
305 97 1
413 364 1
387 224 1
48 240 1
135 300 1
260 394 1
73 14 1
441 98 1
486 231 1
139 37 1
64 361 1
277 124 1
190 418 1
104 81 1
400 64 1
37 485 1
201 151 1
358 19 1
113 86 1
240 194 1
251 138 1
166 159 1
3 153 1
376 98 1
233 175 1
251 343 1
218 301 1
58 472 1
311 12 1
125 130 1
439 404 1
188 298 1
129 300 1
475 138 1
81 159 1
90 400 1
1 356 1
123 85 1
148 489 1
263 326 1
194 268 1
478 450 1
371 359 1
379 21 1
414 287 1
313 202 1
259 257 1
190 134 1
449 437 1
242 162 1
88 310 1
110 432 1
160 425 1
395 212 1
132 336 1
397 406 1
273 69 1
210 152 1
228 186 1
91 430 1
223 260 1
435 471 1
469 351 1
253 282 1
148 228 1
325 396 1
375 368 1
17 343 1
161 332 1
409 168 1
140 352 1
191 392 1
112 365 1
301 119 1
434 166 1
474 362 1
405 272 1
158 89 1
39 89 1
296 411 1
215 103 1
282 251 1
171 25 1
235 68 1
191 173 1
445 63 1
314 177 1
49 13 1
110 296 1
18 113 1
64 52 1
145 272 1
433 144 1
194 219 1
90 382 1
407 169 1
417 82 1
216 46 1
385 453 1
5 283 1
183 55 1
438 443 1
117 139 1
464 262 1
277 302 1
446 278 1
170 197 1
120 144 1
264 12 1
96 294 1
407 495 1
6 294 1
162 263 1
104 474 1
94 288 1
331 24 1
498 88 1
96 303 1
128 282 1
460 498 1
451 456 1
385 11 1
452 484 1
245 86 1
282 254 1
183 130 1
32 347 1
376 339 1
211 343 1
456 328 1
44 219 1
14 191 1
13 51 1
171 393 1
335 107 1
275 293 1
35 114 1
31 279 1
495 328 1
31 175 1
173 45 1
452 168 1
146 444 1
159 24 1
170 444 1
191 436 1
484 16 1
398 498 1
332 235 1
110 14 1
453 326 1
139 493 1
331 113 1
165 492 1
462 78 1
464 216 1
366 314 1
358 225 1
145 432 1
234 340 1
389 340 1
340 100 1
320 238 1
469 10 1
173 44 1
273 418 1
423 210 1
497 264 1
143 318 1
181 215 1
456 475 1
149 382 1
244 70 1
43 268 1
98 106 1
445 392 1
169 168 1
119 276 1
179 353 1
466 17 1
418 342 1
230 224 1
107 52 1
153 315 1
341 150 1
152 150 1
358 244 1
269 218 1
325 322 1
259 258 1
365 97 1
10 322 1
105 245 1
335 465 1
79 320 1
456 329 1
16 315 1
185 412 1
291 437 1
338 98 1
479 424 1
356 32 1
246 73 1
431 113 1
474 180 1
434 446 1
478 337 1
43 357 1
128 1 1
417 215 1
363 114 1
138 99 1
17 445 1
379 289 1
200 228 1
455 315 1
376 174 1
204 218 1
494 407 1
408 9 1
65 331 1
180 201 1
238 497 1
473 39 1
177 459 1
481 357 1
137 367 1
317 219 1
202 359 1
347 179 1
140 434 1
225 282 1
302 140 1
258 449 1
6 113 1
321 456 1
174 245 1
55 497 1
229 412 1
205 372 1
115 258 1
386 475 1
408 144 1
145 432 1
166 96 1
229 445 1
184 45 1
360 158 1
162 464 1
138 14 1
379 253 1
131 413 1
462 180 1
381 355 1
67 254 1
419 11 1
316 197 1
67 200 1
411 301 1
481 165 1
267 375 1
220 487 1
362 257 1
433 218 1
21 112 1
61 246 1
411 129 1
371 108 1
114 400 1
365 412 1
398 293 1
391 218 1
323 123 1
291 320 1
1 3 1
413 72 1
432 399 1
68 465 1
271 229 1
410 185 1
438 436 1
83 80 1
363 303 1
295 465 1
229 384 1
328 409 1
215 437 1
403 103 1
232 456 1
82 473 1
444 239 1
228 68 1
210 20 1
484 256 1
184 267 1
318 281 1
176 45 1
174 490 1
228 344 1
317 273 1
67 330 1
211 204 1
194 366 1
355 132 1
471 462 1
23 337 1
185 133 1
235 34 1
265 474 1
239 413 1
102 135 1
393 147 1
409 145 1
436 247 1
107 346 1
55 274 1
187 472 1
389 203 1
106 418 1
13 401 1
190 112 1
263 93 1
202 301 1
417 173 1
93 144 1
259 382 1
369 211 1
406 182 1
37 378 1
315 261 1
236 458 1
161 147 1
357 103 1
110 31 1
459 324 1
297 254 1
153 380 1
498 208 1
198 469 1
48 266 1
72 332 1
393 212 1
239 467 1
288 410 1
329 268 1
293 264 1
394 301 1
372 307 1
80 273 1
313 121 1
388 14 1
455 375 1
75 304 1
175 407 1
369 132 1
439 396 1
184 364 1
133 451 1
250 349 1
226 414 1
337 105 1
253 176 1
493 312 1
319 244 1
361 426 1
309 302 1
162 80 1
117 298 1
30 144 1
376 291 1
222 324 1
13 259 1
390 293 1
444 318 1
385 76 1
115 267 1
373 39 1
222 337 1
476 107 1
16 485 1
124 51 1
90 401 1
448 65 1
163 404 1
5 185 1
92 317 1
95 381 1
126 390 1
453 266 1
459 45 1
211 370 1
136 432 1
158 89 1
455 426 1
405 436 1
426 51 1
439 422 1
9 83 1
22 285 1
430 223 1
154 342 1
337 348 1
315 132 1
480 485 1
420 59 1
460 189 1
323 249 1
266 172 1
83 253 1
344 124 1
351 226 1
430 157 1
124 459 1
317 323 1
191 302 1
179 187 1
164 11 1
274 317 1
360 205 1
417 376 1
21 168 1
383 406 1
291 376 1
3 324 1
412 381 1
316 11 1
256 190 1
394 35 1
378 46 1
401 220 1
304 2 1
273 7 1
292 363 1
76 220 1
247 440 1
415 126 1
495 236 1
69 78 1
331 229 1
378 255 1
253 341 1
10 481 1
109 160 1
451 494 1
317 478 1
449 304 1
54 147 1
184 419 1
245 138 1
128 57 1
271 416 1
298 88 1
21 243 1
93 449 1
427 41 1
461 169 1
333 259 1
285 327 1
290 23 1
57 40 1
449 474 1
401 361 1
489 251 1
387 222 1
173 299 1
384 229 1
487 224 1
98 136 1
30 251 1
143 108 1
364 482 1
342 8 1
443 83 1
160 275 1
11 96 1
207 149 1
240 102 1
113 464 1
50 257 1
344 249 1
19 385 1
250 80 1
379 380 1
38 123 1
133 445 1
111 329 1
387 325 1
200 380 1
436 212 1
377 296 1
260 454 1
155 231 1
232 274 1
472 21 1
134 318 1
468 318 1
100 250 1
202 91 1
363 347 1
21 346 1
343 131 1
366 199 1
268 294 1
286 364 1
1 42 1
466 101 1
393 210 1
37 488 1
290 281 1
119 316 1
339 311 1
336 157 1
410 454 1
33 361 1
324 229 1
206 104 1
199 388 1
335 427 1
247 202 1
100 260 1
407 312 1
362 406 1
186 492 1
423 108 1
421 122 1
132 216 1
49 182 1
286 292 1
473 228 1
122 450 1
442 492 1
240 7 1
186 209 1
283 192 1
42 186 1
207 481 1
218 440 1
351 53 1
372 257 1
325 300 1
317 297 1
485 10 1
355 281 1
389 63 1
237 428 1
79 184 1
197 315 1
412 59 1
223 111 1
365 408 1
22 423 1
213 46 1
427 44 1
424 262 1
86 232 1
335 466 1
420 289 1
49 87 1
263 497 1
302 315 1
192 90 1
150 353 1
322 359 1
69 494 1
491 413 1
462 250 1
306 201 1
488 41 1
12 241 1
394 223 1
22 458 1
300 294 1
134 85 1
122 471 1
196 114 1
179 284 1
462 406 1
228 474 1
327 332 1
271 48 1
217 195 1
264 5 1
474 51 1
433 150 1
204 58 1
93 188 1
406 271 1
143 439 1
18 201 1
90 139 1
437 39 1
171 16 1
347 295 1
341 93 1
426 168 1
399 404 1
344 359 1
473 82 1
439 353 1
455 279 1
78 329 1
477 415 1
162 482 1
25 485 1
43 129 1
424 18 1
250 420 1
491 372 1
254 311 1
111 93 1
304 257 1
195 437 1
429 425 1
403 353 1
120 149 1
143 203 1
377 101 1
421 415 1
181 140 1
221 58 1
369 279 1
196 219 1
172 411 1
416 322 1
89 459 1
321 226 1
87 263 1
280 273 1
169 390 1
54 482 1
43 335 1
289 356 1
215 302 1
405 64 1
410 275 1
121 294 1
10 401 1
193 275 1
124 316 1
222 280 1
12 335 1
227 348 1
112 352 1
266 480 1
471 102 1
345 257 1
13 497 1
268 82 1
260 289 1
135 152 1
321 225 1
375 2 1
268 460 1
309 67 1
170 253 1
17 426 1
387 428 1
406 258 1
122 280 1
320 259 1
136 344 1
310 4 1
33 344 1
266 428 1
455 179 1
62 176 1
241 353 1
387 498 1
284 150 1
372 88 1
393 272 1
142 323 1
340 58 1
21 33 1
140 492 1
37 148 1
292 422 1
430 201 1
333 458 1
3 124 1
450 394 1
14 379 1
42 284 1
492 131 1
116 199 1
94 415 1
390 228 1
201 93 1
446 126 1
131 395 1
364 87 1
462 444 1
5 198 1
345 4 1
396 48 1
419 184 1
226 268 1
429 205 1
269 33 1
470 162 1
88 145 1
456 84 1
489 154 1
448 29 1
71 161 1
55 117 1
209 281 1
327 218 1
57 72 1
116 256 1
282 28 1
304 43 1
221 492 1
229 484 1
64 270 1
257 152 1
418 453 1
262 426 1
139 443 1
345 102 1
90 391 1
261 488 1
20 375 1
106 465 1
406 376 1
343 247 1
136 3 1
330 427 1
43 142 1
448 347 1
42 302 1
91 121 1
415 444 1
200 468 1
118 93 1
297 308 1
228 139 1
354 401 1
266 279 1
392 258 1
245 472 1
130 153 1
111 327 1
321 398 1
394 109 1
157 212 1
19 52 1
380 111 1
375 293 1
138 196 1
156 447 1
144 269 1
32 237 1
391 157 1
115 401 1
314 304 1
52 174 1
255 15 1
335 222 1
282 9 1
496 497 1
251 460 1
301 366 1
473 241 1
246 308 1
364 4 1
309 83 1
189 160 1
348 385 1
400 32 1
294 148 1
170 191 1
148 244 1
181 298 1
424 51 1
289 158 1
255 245 1
101 201 1
97 71 1
175 195 1
241 483 1
309 35 1
336 480 1
122 228 1
347 285 1
8 202 1
376 217 1
142 432 1
243 358 1
83 391 1
411 343 1
240 319 1
299 236 1
441 219 1
87 146 1
84 36 1
91 98 1
442 204 1
230 341 1
29 402 1
358 319 1
272 192 1
206 15 1
328 46 1
67 283 1
372 302 1
175 249 1
267 300 1
392 375 1
8 170 1
399 224 1
151 319 1
175 152 1
413 295 1
165 54 1
40 12 1
49 50 1
345 94 1
211 188 1
406 465 1
213 24 1
310 375 1
188 379 1
483 118 1
438 314 1
301 290 1
444 15 1
210 228 1
340 258 1
128 431 1
398 79 1
43 202 1
389 192 1
482 360 1
478 449 1
166 132 1
51 344 1
215 474 1
2 257 1
217 161 1
398 292 1
362 204 1
112 308 1
82 379 1
144 393 1
228 63 1
354 401 1
298 200 1
393 344 1
284 32 1
270 330 1
461 322 1
263 109 1
142 131 1
24 228 1
238 24 1
374 258 1
81 31 1
185 411 1
381 412 1
439 211 1
281 173 1
368 317 1
332 420 1
109 234 1
66 37 1
112 91 1
294 431 1
144 232 1
17 453 1
187 240 1
6 272 1
241 66 1
134 432 1
406 85 1
345 303 1
19 88 1
144 352 1
174 93 1
445 129 1
130 232 1
287 134 1
259 444 1
83 368 1
377 423 1
371 365 1
367 117 1
332 67 1
209 353 1
11 439 1
429 47 1
456 250 1
73 381 1
403 326 1
476 209 1
91 435 1
299 477 1
240 174 1
40 176 1
95 324 1
178 162 1
265 34 1
22 456 1
122 419 1
359 474 1
238 373 1
210 193 1
180 145 1
276 229 1
27 432 1
251 83 1
386 100 1
427 137 1
337 184 1
143 428 1
490 82 1
184 200 1
313 417 1
350 461 1
398 211 1
303 42 1
441 154 1
82 389 1
411 351 1
338 281 1
396 322 1
260 464 1
345 319 1
364 18 1
371 421 1
427 146 1
286 210 1
107 102 1
456 148 1
195 115 1
228 122 1
268 239 1
309 269 1
257 353 1
39 478 1
153 42 1
160 103 1
161 16 1
439 97 1
59 479 1
491 266 1
355 165 1
163 235 1
429 338 1
257 474 1
401 367 1
339 77 1
288 196 1
68 465 1
27 374 1
118 390 1
329 308 1
72 6 1
284 211 1
237 463 1
246 329 1
118 463 1
137 32 1
143 159 1
221 207 1
22 434 1
373 470 1
280 146 1
320 366 1
69 492 1
358 463 1
353 419 1
143 161 1
59 56 1
40 28 1
199 343 1
94 175 1
53 488 1
205 82 1
230 443 1
93 480 1
172 275 1
482 7 1
229 174 1
363 351 1
444 90 1
391 106 1
49 141 1
173 238 1
359 458 1
462 420 1
418 340 1
87 266 1
63 418 1
421 311 1
439 265 1
476 456 1
139 453 1
3 234 1
360 75 1
315 255 1
359 211 1
333 373 1
13 365 1
335 286 1
352 81 1
477 121 1
230 143 1
112 290 1
319 343 1
89 462 1
409 20 1
268 31 1
382 332 1
264 376 1
391 154 1
33 419 1
491 249 1
98 481 1
235 12 1
163 86 1
359 348 1
475 61 1
314 246 1
121 192 1
178 368 1
10 105 1
75 456 1
76 62 1
422 220 1
99 402 1
462 49 1
106 470 1
208 395 1
467 146 1
29 119 1
451 107 1
353 186 1
386 3 1
113 302 1
64 295 1
192 24 1
402 380 1
259 69 1
144 373 1
16 42 1
70 135 1
273 138 1
428 473 1
408 73 1
386 264 1
16 359 1
440 222 1
390 339 1
339 50 1
464 107 1
293 180 1
45 336 1
293 214 1
247 421 1
172 24 1
102 309 1
247 151 1
488 467 1
383 17 1
160 247 1
205 263 1
75 240 1
176 96 1
314 82 1
273 390 1
411 146 1
330 12 1
130 83 1
325 13 1
48 461 1
76 431 1
96 333 1
91 371 1
105 387 1
67 98 1
246 17 1
249 114 1
163 40 1
377 71 1
217 448 1
228 212 1
186 369 1
190 162 1
327 328 1
156 499 1
216 326 1
74 194 1
407 365 1
187 93 1
330 99 1
68 402 1
103 303 1
326 294 1
433 307 1
116 18 1
443 209 1
470 119 1
102 359 1
274 36 1
84 61 1
40 224 1
115 172 1
51 382 1
211 249 1
147 255 1
271 324 1
306 186 1
157 167 1
251 110 1
129 399 1
219 375 1
264 207 1
447 203 1
113 128 1
32 283 1
267 44 1
321 113 1
294 401 1
34 6 1
197 45 1
46 485 1
34 125 1
386 351 1
469 177 1
311 179 1
338 221 1
419 248 1
476 313 1
136 178 1
304 148 1
152 210 1
279 348 1
406 372 1
282 275 1
83 32 1
129 33 1
301 390 1
285 12 1
187 267 1
356 347 1
88 254 1
219 256 1
346 68 1
101 30 1
244 366 1
487 286 1
392 488 1
161 187 1
237 100 1
310 314 1
37 107 1
285 19 1
181 241 1
312 449 1
153 114 1
92 199 1
405 443 1
97 234 1
447 195 1
494 231 1
431 211 1
383 255 1
464 200 1
441 299 1
496 142 1
451 269 1
307 379 1
442 19 1
128 219 1
210 172 1
7 479 1
206 301 1
326 200 1
133 161 1
165 446 1
42 116 1
144 270 1
225 390 1
301 55 1
254 270 1
310 433 1
385 58 1
130 306 1
30 210 1
58 91 1
287 323 1
20 188 1
474 140 1
317 465 1
274 109 1
180 199 1
129 424 1
446 29 1
204 444 1
334 316 1
119 11 1
108 101 1
178 478 1
422 85 1
212 433 1
432 41 1
68 172 1
487 137 1
111 335 1
322 14 1
16 444 1
434 280 1
257 12 1
101 25 1
442 13 1
490 12 1
240 91 1
189 21 1
236 169 1
433 120 1
10 403 1
27 148 1
123 204 1
35 219 1
363 367 1
245 89 1
25 482 1
135 111 1
159 367 1
190 495 1
57 475 1
441 425 1
118 444 1
367 263 1
327 261 1
133 249 1
249 444 1
390 12 1
143 178 1
455 494 1
30 237 1
116 181 1
204 381 1
366 5 1
15 452 1
451 249 1
377 246 1
178 279 1
226 54 1
206 2 1
328 484 1
95 273 1
410 157 1
452 465 1
224 333 1
443 431 1
163 203 1
263 314 1
44 418 1
5 86 1
139 41 1
220 309 1
262 72 1
50 172 1
428 386 1
249 197 1
223 51 1
161 181 1
48 200 1
198 159 1
125 297 1
440 488 1
59 104 1
246 210 1
51 101 1
34 482 1
201 258 1
157 226 1
329 258 1
232 367 1
459 273 1
172 167 1
225 171 1
414 480 1
430 463 1
366 6 1
78 135 1
169 471 1
6 166 1
458 318 1
49 228 1
351 354 1
429 181 1
130 494 1
12 308 1
63 282 1
445 246 1
312 457 1
59 54 1
335 372 1
366 476 1
40 94 1
21 169 1
414 290 1
265 184 1
69 495 1
281 58 1
493 248 1
191 492 1
423 282 1
454 430 1
54 203 1
204 318 1
306 333 1
293 215 1
467 379 1
335 330 1
90 223 1
192 291 1
238 198 1
243 294 1
83 44 1
283 275 1
166 131 1
392 275 1
168 497 1
104 9 1
153 192 1
246 405 1
136 245 1
494 196 1
475 423 1
390 345 1
331 472 1
188 229 1
423 403 1
337 476 1
330 411 1
443 471 1
267 335 1
384 454 1
14 26 1
477 442 1
142 179 1
369 341 1
370 15 1
114 291 1
219 410 1
349 264 1
188 190 1
379 116 1
490 91 1
466 237 1
9 319 1
267 395 1
181 297 1
96 101 1
143 177 1
275 387 1
152 62 1
235 420 1
344 337 1
60 122 1
245 409 1
70 182 1
58 65 1
248 96 1
377 251 1
210 20 1
336 485 1
384 220 1
366 412 1
247 103 1
490 429 1
466 165 1
459 168 1
419 161 1
160 337 1
481 88 1
160 388 1
291 462 1
372 347 1
42 194 1
20 302 1
251 91 1
381 194 1
100 220 1
407 272 1
396 421 1
204 331 1
320 303 1
68 75 1
193 84 1
18 35 1
160 56 1
464 301 1
328 232 1
374 460 1
481 38 1
484 218 1
276 59 1
492 297 1
388 327 1
77 279 1
248 215 1
403 199 1
111 258 1
439 67 1
130 291 1
321 256 1
415 273 1
398 491 1
55 88 1
439 67 1
189 265 1
32 460 1
331 119 1
421 366 1
310 6 1
111 149 1
246 244 1
236 82 1
72 386 1
240 437 1
423 64 1
477 373 1
489 466 1
403 145 1
374 235 1
224 353 1
267 59 1
229 476 1
289 452 1
315 43 1
120 47 1
170 203 1
155 390 1
6 136 1
252 224 1
306 141 1
456 296 1
459 466 1
413 453 1
104 201 1
75 175 1
429 54 1
309 479 1
436 46 1
265 3 1
286 36 1
96 119 1
80 195 1
20 320 1
328 494 1
134 445 1
269 165 1
287 63 1
466 226 1
299 482 1
254 280 1
327 107 1
45 175 1
322 32 1
150 343 1
365 329 1
228 368 1
488 44 1
315 220 1
152 431 1
116 310 1
245 354 1
134 378 1
338 329 1
396 123 1
228 251 1
1 247 1
4 347 1
428 133 1
432 157 1
210 493 1
324 444 1
33 453 1
82 432 1
101 277 1
357 344 1
345 34 1
329 430 1
113 318 1
411 39 1
186 182 1
456 488 1
163 460 1
393 151 1
252 173 1
437 105 1
316 432 1
152 328 1
476 404 1
45 316 1
229 149 1
279 274 1
109 206 1
424 142 1
279 390 1
115 234 1
124 373 1
18 145 1
13 70 1
117 495 1
2 137 1
407 323 1
459 99 1
106 94 1
105 284 1
135 430 1
163 204 1
388 153 1
470 436 1
53 283 1
80 368 1
198 385 1
446 319 1
372 259 1
3 274 1
323 115 1
492 425 1
88 403 1
129 338 1
338 332 1
436 145 1
324 107 1
320 167 1
445 409 1
439 179 1
134 355 1
210 313 1
260 449 1
39 461 1
167 92 1
407 34 1
465 412 1
447 243 1
349 194 1
332 356 1
490 430 1
450 198 1
175 307 1
140 494 1
471 470 1
201 166 1
175 461 1
276 141 1
141 426 1
231 235 1
1 167 1
330 195 1
235 437 1
9 5 1
431 160 1
237 155 1
53 195 1
107 421 1
418 43 1
398 216 1
176 119 1
295 407 1
189 424 1
132 303 1
456 392 1
78 363 1
453 364 1
246 156 1
490 426 1
457 1 1
423 395 1
396 422 1
67 417 1
472 448 1
71 496 1
294 78 1
217 181 1
480 23 1
481 205 1
157 361 1
468 292 1
147 283 1
352 107 1
331 341 1
301 344 1
215 419 1
454 365 1
436 267 1
172 19 1
26 28 1
183 54 1
496 396 1
489 192 1
51 213 1
198 229 1
139 497 1
188 248 1
104 486 1
130 276 1
435 203 1
13 276 1
490 322 1
382 317 1
453 306 1
76 64 1
164 205 1
274 225 1
335 52 1
15 313 1
495 44 1
15 119 1
422 315 1
276 455 1
393 204 1
473 28 1
403 111 1
300 365 1
426 210 1
400 10 1
33 120 1
118 440 1
241 28 1
369 29 1
49 222 1
474 296 1
169 240 1
187 365 1
238 2 1
281 223 1
24 132 1
115 359 1
21 390 1
486 43 1
390 120 1
474 51 1
24 289 1
291 499 1
429 162 1
164 217 1
145 310 1
266 124 1
100 157 1
302 201 1
127 351 1
341 360 1
205 85 1
174 5 1
427 284 1
411 321 1
259 188 1
132 466 1
284 150 1
296 319 1
163 140 1
128 387 1
1 335 1
6 192 1
255 58 1
253 450 1
424 226 1
435 351 1
144 477 1
484 208 1
394 242 1
323 340 1
329 142 1
482 178 1
400 91 1
137 165 1
105 313 1
124 319 1
64 331 1
281 275 1
295 408 1
242 258 1
316 249 1
456 42 1
275 85 1
246 12 1
298 236 1
96 233 1
26 269 1
368 101 1
187 141 1
304 135 1
327 437 1
407 201 1
245 464 1
458 217 1
77 313 1
403 449 1
15 122 1
422 378 1
494 294 1
95 220 1
247 4 1
234 164 1
141 216 1
495 256 1
370 377 1
176 304 1
448 399 1
208 318 1
27 477 1
385 115 1
334 456 1
12 494 1
282 389 1
364 381 1
122 482 1
484 45 1
36 487 1
158 458 1
301 286 1
55 215 1
403 87 1
39 382 1
85 333 1
442 91 1
262 216 1
397 224 1
469 70 1
1 500
