500 5000
143 22 6410
369 74 1450
332 117 6650
296 299 3720
289 220 2640
345 167 5680
465 317 6590
340 140 2170
101 368 4950
14 27 7710
157 115 2180
183 130 4200
137 104 4690
212 417 5320
387 205 5520
195 486 9330
382 488 4550
379 10 5280
309 280 830
257 349 8950
97 41 250
16 306 300
387 239 7830
386 355 3630
317 9 5620
3 404 1700
480 127 9080
341 46 5180
7 411 5300
274 9 6200
439 169 6220
480 76 7720
497 24 980
437 194 7580
422 364 3000
294 279 5050
474 84 510
68 43 6390
241 258 5140
149 292 3640
388 148 1070
40 430 3670
185 101 9680
407 54 3410
310 112 360
351 323 6780
404 261 9000
208 136 830
343 98 2220
56 112 8320
19 352 7100
333 454 1200
376 452 5570
40 110 1210
313 191 8430
183 75 9880
30 308 8100
466 464 5830
426 308 1830
41 434 4400
335 223 8590
388 375 7530
129 358 4680
406 397 1830
254 75 4290
127 128 5210
378 404 5080
307 261 8740
308 491 2210
135 64 4260
459 199 2090
149 362 3060
201 236 5870
196 257 9700
181 153 6710
236 125 9890
438 87 1250
447 270 7800
174 381 8800
283 8 5940
74 373 8340
322 14 6840
499 270 7510
309 390 9380
357 453 7480
128 315 460
386 193 5500
470 116 4960
140 57 1460
133 483 9220
38 79 9470
473 14 6060
68 26 7620
117 232 8870
86 208 2300
389 323 8560
188 114 6300
499 480 5800
378 190 4280
249 116 3260
221 145 4380
269 158 3250
429 241 3770
487 399 6590
388 431 5490
71 274 3890
472 475 9840
380 210 1540
304 499 770
414 134 7110
186 74 2080
271 176 3360
56 287 6440
113 211 1780
291 304 5110
8 80 7070
239 94 7400
194 305 7720
339 474 8260
117 140 6320
328 213 7810
101 247 1890
132 82 2760
383 329 5620
382 262 3050
191 34 7120
348 482 1650
128 167 430
239 398 9050
117 391 4710
76 56 280
100 69 2220
428 195 8200
326 415 3760
60 493 7300
7 428 8010
209 103 3070
16 39 3200
114 402 8970
370 276 6360
229 16 1840
45 202 4810
281 107 1770
470 441 4410
435 131 2040
374 239 7920
413 103 1200
322 298 2940
8 373 1250
285 128 9100
8 273 6740
191 285 9100
186 307 6330
221 335 2750
251 97 5690
338 22 8690
492 72 5070
221 152 590
309 202 1050
270 469 2600
9 4 6570
56 40 1220
104 218 1040
414 193 4400
437 236 9380
293 92 2570
361 71 600
246 452 8780
341 191 8770
137 400 3500
387 404 7230
57 392 2570
72 500 6930
19 177 2430
152 4 6590
124 330 3080
22 20 2690
57 173 4010
357 200 5380
213 170 850
441 232 9500
81 498 7080
329 334 1720
450 167 6080
222 438 3210
105 111 9620
164 34 5580
223 339 1050
153 290 3420
202 372 9010
210 145 4610
405 493 2880
266 331 4940
396 147 8490
67 277 2810
313 417 3730
43 307 8150
294 108 2890
445 100 2340
437 449 8010
371 204 9810
298 490 9570
300 83 1070
114 231 8490
233 8 8030
398 176 2880
342 49 1060
421 97 6030
291 387 7980
124 127 2690
96 13 5550
215 175 9810
101 59 7160
396 290 580
340 411 4760
352 378 7680
357 274 1670
121 231 9250
369 436 2990
246 127 8600
158 447 7350
10 393 3520
147 347 2230
69 232 1750
440 97 2260
228 470 3640
52 215 110
491 19 9300
331 394 9270
81 46 4320
27 212 1980
9 375 2460
305 221 440
121 234 5110
87 174 200
32 63 2640
150 292 6680
123 230 510
247 281 5440
494 223 2550
379 485 9540
41 254 490
76 340 7850
431 140 3990
344 185 3760
174 45 4890
181 264 8240
47 486 2020
428 58 1970
394 138 7280
88 479 1780
434 333 7440
340 268 5660
407 326 6630
67 105 9580
243 406 2350
128 342 8660
147 308 7630
118 399 5720
210 127 5360
174 427 2050
41 154 2870
422 47 9760
86 160 6540
59 394 1910
488 346 2710
209 43 7620
124 264 3670
299 302 3910
23 283 1040
115 498 5810
422 414 4610
90 388 1040
285 246 7840
221 363 6750
35 247 2720
312 390 3360
494 468 1740
93 164 5290
382 35 4810
182 98 1380
310 65 8250
269 472 9090
135 7 3810
70 174 6650
34 199 2310
267 468 8130
354 458 460
88 424 6330
258 496 5380
303 75 770
306 225 1310
234 282 320
195 344 970
46 252 6730
487 214 2340
465 443 2540
36 329 3860
353 192 9620
22 309 390
198 180 330
307 195 1630
44 257 4030
230 105 6810
390 491 8120
339 333 9120
433 148 4960
270 28 460
437 397 4560
67 428 9230
419 386 9810
399 48 9480
285 275 4230
11 35 5620
89 356 5350
15 301 4080
260 281 8200
418 453 5880
396 248 5110
273 62 4510
244 23 9460
175 409 5690
119 376 4590
181 145 1690
464 279 2420
196 191 7430
420 484 4680
226 421 9580
268 159 7640
160 473 8970
434 253 5760
178 276 1790
400 264 6040
65 239 820
483 371 7700
387 456 6440
409 8 8540
195 286 2580
87 141 3500
452 367 6840
441 374 480
238 456 1910
104 215 6520
335 23 7090
314 41 1880
395 358 1750
451 207 4260
64 468 4810
359 399 7680
467 443 4120
456 12 3530
318 116 5630
184 139 4290
18 463 1270
58 315 4840
311 72 6220
105 187 1260
328 435 7500
161 405 6200
13 142 5670
129 402 9600
15 360 7360
92 492 8870
368 342 6970
2 90 700
274 102 8570
236 413 260
308 353 3420
441 475 2030
353 414 370
37 172 1640
463 500 6680
335 436 8780
483 251 710
193 443 890
121 435 6350
260 416 2690
120 135 7900
482 231 2810
89 363 2720
355 36 2010
473 438 5170
299 85 2190
251 244 7550
158 92 9070
414 112 8730
87 290 7440
240 41 9780
185 215 4250
10 480 2800
493 186 4670
253 215 5630
122 105 7800
12 359 7250
195 308 5090
183 288 5240
134 386 3490
292 385 6250
455 210 870
352 410 330
446 246 370
319 65 8570
114 456 6950
260 13 9910
417 143 1650
412 173 2950
334 370 9170
387 233 3640
30 493 2080
102 255 4240
40 269 1240
220 441 4640
277 394 7620
109 121 8600
130 50 5690
281 299 6690
83 23 4110
500 347 8600
148 79 6620
83 441 2400
25 22 3370
293 394 1370
239 8 4230
47 456 2190
233 268 8670
320 128 5760
337 233 3820
38 497 6020
472 77 3120
357 102 6630
146 351 4520
327 467 2410
45 498 7360
109 127 7160
124 89 5300
367 344 1640
275 497 5810
267 248 2410
275 304 8430
455 348 2980
443 433 2490
14 396 9850
205 294 3120
405 261 7620
192 369 520
432 90 5400
4 250 4370
59 358 2130
38 391 1710
421 201 5320
162 346 4860
26 11 9240
232 209 5070
361 410 7670
324 56 9810
190 154 5680
365 465 5680
366 116 8910
337 431 7740
168 451 8920
225 282 7830
95 184 3880
164 181 1970
481 90 7560
26 226 8850
244 25 30
351 48 810
381 285 2130
288 451 2520
424 163 9210
368 61 6470
343 182 6060
233 469 3400
287 25 2730
286 411 5260
414 480 8820
205 56 6190
383 355 7940
328 282 4390
186 227 5580
266 479 6250
326 244 7210
26 135 2930
324 342 660
202 325 410
31 422 2560
273 25 7150
174 78 4120
334 337 9310
335 60 1670
243 199 2830
125 236 3690
144 318 5410
11 474 3580
219 302 9720
12 72 6340
339 246 2720
257 225 4940
53 196 5890
466 476 6780
123 398 7540
391 272 9920
65 465 1910
265 116 2230
48 402 1310
110 399 9750
319 359 7790
336 362 5570
462 240 9670
283 343 9990
362 4 7670
203 437 1430
177 388 4110
377 87 6520
111 374 9880
302 376 2140
123 361 4890
252 492 3290
216 118 2720
184 472 3200
371 97 7070
170 486 7840
328 467 8330
286 38 240
19 194 3150
494 228 2730
368 75 140
61 432 1960
99 195 8860
184 232 3620
469 276 1250
360 411 6180
233 181 1200
308 92 7520
420 347 4120
131 9 8470
451 107 9750
429 64 6720
66 10 4090
81 266 5350
147 406 5560
339 391 6770
215 30 1920
102 245 6700
340 38 3710
240 379 9390
269 375 3070
359 408 4330
469 258 8620
106 343 3540
381 45 3810
102 57 6220
118 28 3540
71 208 220
92 298 6770
346 146 8610
179 117 7890
316 119 9700
25 119 1280
215 418 270
85 29 9210
73 90 1650
310 418 5840
368 434 6050
365 84 8340
450 305 1380
88 46 3280
44 194 9450
416 25 9300
449 353 8330
14 367 820
381 159 5820
483 233 7940
138 255 4850
350 233 610
315 136 1120
493 173 5490
90 307 5900
325 331 8080
460 82 3040
5 397 6210
309 363 3370
100 24 8460
6 29 4180
135 484 280
496 330 420
263 387 3970
319 449 9050
491 487 6000
132 232 4330
451 309 7030
5 1 9790
239 27 7740
477 379 8540
266 129 6940
367 243 7290
53 339 8340
223 256 7250
325 408 330
303 482 7480
336 171 7560
131 391 8210
379 68 7940
284 104 4770
232 93 450
151 102 2250
80 242 3030
223 320 7000
36 355 1950
110 98 9980
83 318 8840
141 396 9240
284 109 6790
209 106 9260
305 281 5530
167 63 5710
393 388 5900
163 246 9030
292 64 9020
43 438 1940
362 402 3380
478 67 7800
261 281 7060
409 382 1720
170 285 460
459 224 7720
4 304 90
305 385 5920
118 122 5110
167 453 7330
491 290 7000
405 159 2530
14 129 9150
197 91 8860
102 382 8690
163 269 150
196 57 6250
232 12 8370
71 445 4220
151 237 9360
32 466 7590
492 19 9520
321 297 7510
11 199 9040
147 166 4040
286 286 4120
30 50 4630
54 310 7110
278 235 6060
43 138 5510
361 289 4290
171 206 7780
238 152 5470
276 37 2730
421 425 6810
349 485 9880
147 222 5360
87 283 6500
165 218 9080
198 258 3160
172 56 7080
453 72 220
45 53 5810
39 491 2220
167 52 5740
123 153 1710
352 213 9580
208 424 80
215 388 8040
119 483 4050
338 490 5010
368 49 5880
209 209 8960
433 376 6280
295 108 4560
247 191 3730
228 290 6160
154 286 7230
412 71 6160
329 396 2330
92 87 3430
371 478 8240
374 156 5440
183 448 7290
104 226 7210
327 469 3130
248 392 7490
195 463 770
106 74 2530
439 257 6100
370 29 6050
135 116 5340
118 207 7230
386 448 910
48 67 60
91 216 1810
430 165 6020
145 69 7080
22 95 420
431 437 2820
169 46 8050
429 423 1490
251 278 2030
92 147 6850
459 108 4640
140 12 5940
238 476 8710
96 424 9720
445 144 5900
60 149 4280
188 96 1310
350 424 2980
49 81 7730
134 24 4500
465 392 1400
372 460 1310
484 305 3120
319 107 4450
410 89 6120
258 195 3520
147 401 4050
101 385 1670
213 279 1360
273 59 3980
144 89 3060
405 84 790
165 212 3790
141 52 4260
347 262 5710
258 118 4210
234 197 4250
164 280 6800
475 188 8040
166 156 4320
29 472 7640
481 149 5270
340 5 5230
327 310 8100
359 11 7020
377 300 8620
9 339 510
382 83 7380
196 379 2040
170 476 8310
276 421 5690
80 328 480
494 357 4400
358 138 840
441 267 7200
320 105 3500
430 182 5460
297 287 9940
32 82 4050
166 444 2230
268 392 3670
341 42 5750
230 158 6580
80 144 7680
160 373 1880
466 193 160
380 210 7560
212 370 1240
335 320 7460
59 28 600
92 161 9290
215 420 7580
243 490 50
144 399 6760
70 65 3360
216 194 6240
344 201 4760
479 76 7160
418 430 1790
132 462 5060
378 188 1090
40 107 5270
318 381 1080
215 227 1260
47 43 9920
77 483 7030
77 186 3020
281 33 8520
179 92 4100
18 71 4500
189 315 8670
234 251 730
82 175 9920
138 372 2480
143 318 4390
115 460 5800
398 444 9960
38 308 7740
403 442 1380
15 182 5220
401 398 9690
88 355 2960
17 14 2650
343 368 7710
316 11 3200
131 466 9600
35 273 3720
37 124 7760
354 421 5540
359 358 7250
460 419 6070
457 322 2220
275 293 1990
402 351 8410
129 308 4700
302 348 860
435 76 6760
287 95 1210
34 330 3670
36 375 9160
380 3 6380
68 105 4300
208 120 6110
414 164 4030
182 318 5370
32 204 1130
442 418 7550
345 24 5760
349 326 4460
23 43 2930
204 465 3960
437 201 2100
231 497 3850
44 36 2760
284 486 8430
202 64 2570
23 468 6820
439 148 4750
283 432 2990
28 101 3970
28 426 1210
48 103 5940
212 251 4220
132 364 180
31 477 9050
396 218 9960
81 118 4390
361 109 2170
199 214 6980
65 176 4840
490 162 1760
303 30 6480
109 352 2420
42 175 9120
347 336 6580
323 75 2890
70 393 3490
463 49 3840
472 252 1720
240 494 4600
81 430 2560
282 23 9270
488 355 9150
500 364 6740
354 318 6140
41 451 9050
470 14 6550
324 490 1410
490 55 6440
11 468 5790
26 168 9900
433 165 80
483 356 1920
145 121 5440
39 317 1620
69 452 6680
390 27 7370
358 194 9830
459 297 5010
170 215 7010
103 347 5910
310 29 9540
167 341 9430
181 309 2930
292 336 8130
480 292 1400
23 124 2330
85 421 1970
224 355 6080
439 265 7910
369 57 7020
401 192 5740
264 172 2240
375 346 7990
369 258 7860
487 396 2900
23 192 6060
11 79 1060
186 230 6400
126 39 4870
194 221 3360
234 176 8990
141 425 5240
7 395 5200
309 232 6100
319 74 3130
96 455 8200
310 116 5860
201 239 2810
317 243 5560
461 400 8450
267 160 6110
141 500 2190
241 61 7120
322 222 8390
154 439 2370
209 409 5210
367 195 6200
321 464 7630
332 173 9820
98 43 3220
42 67 5780
57 19 8170
64 104 9030
173 477 2270
53 89 7960
379 390 7970
439 311 3270
218 85 6360
209 1 8120
88 461 6950
407 19 5040
465 176 4650
440 250 3270
168 469 1780
10 408 2370
75 459 470
311 474 1530
327 446 8410
33 48 8260
410 418 2010
498 303 2350
200 55 3660
446 229 9070
30 329 7710
396 277 9490
252 354 9830
86 60 70
488 284 1130
134 349 1280
488 155 8800
205 345 8950
126 178 3250
422 16 5060
249 268 4390
96 380 720
180 280 2200
264 304 5710
464 39 4440
154 411 9400
147 94 3090
208 399 9770
365 228 6660
350 152 5380
483 385 3190
409 391 190
312 385 4350
210 360 8490
326 325 10
430 186 8310
465 18 1250
46 106 830
69 375 2420
322 290 3040
204 459 6570
258 494 4450
217 123 7660
135 288 8770
294 483 4500
226 225 2710
112 430 9130
157 445 7010
436 320 4180
350 487 5740
215 364 2810
298 29 8510
448 378 9400
496 334 3440
262 19 2330
153 21 5420
481 62 9230
188 291 1810
244 450 5570
404 58 5680
250 250 3540
18 76 780
280 72 7610
363 30 3960
442 81 9810
386 449 4430
84 499 7990
58 425 6330
33 343 220
290 310 6920
328 430 2250
406 98 8160
412 380 190
14 318 9660
372 305 530
137 301 7200
324 48 2680
206 404 8370
413 75 8260
256 401 6480
240 400 4140
424 190 460
250 86 6790
462 371 4040
446 370 1520
399 444 6280
496 144 3780
57 247 8930
204 386 1370
355 330 9860
168 18 6420
9 364 5670
13 439 5140
360 340 7510
241 220 2350
471 324 1480
91 281 7050
321 408 4920
346 35 5970
145 259 3580
340 40 3360
340 345 6300
440 411 490
60 96 5880
181 154 4530
281 350 1070
396 429 8030
402 130 7180
256 185 4160
39 479 6540
77 206 3340
198 361 5370
141 155 1080
90 84 7300
93 216 8420
275 161 4720
323 210 3540
70 352 4680
60 111 8440
10 462 5750
320 10 6870
226 200 1870
306 292 1540
60 304 9730
462 404 8530
205 409 3280
101 66 7590
347 154 2280
455 34 6990
307 12 8600
87 368 3800
213 107 3200
488 171 3280
403 62 5130
260 152 6910
292 129 2030
279 190 6640
385 31 3910
412 183 5220
250 187 1300
44 225 8280
122 245 8110
139 66 4950
195 198 2070
42 169 9430
19 336 4400
81 4 9150
168 368 8790
448 307 2810
408 365 530
234 384 8970
242 127 3040
430 500 8800
130 359 5030
273 403 80
412 466 8010
446 447 310
267 160 7170
446 110 9350
51 131 8540
395 205 2570
145 74 8030
260 317 9560
354 239 3500
366 246 7060
320 473 5990
244 498 2100
303 19 90
389 467 620
409 91 2350
273 389 410
321 488 2260
180 194 3930
235 415 5390
487 155 9470
404 8 7570
12 342 5680
390 155 3730
28 87 8750
144 315 9620
482 20 1210
444 452 2090
402 436 8820
178 178 5580
49 497 7280
156 58 5450
407 113 4490
240 42 810
353 69 6600
143 388 9690
216 107 9370
87 90 5150
436 483 8780
143 446 9670
290 84 9680
229 278 7940
151 218 6360
64 254 7860
450 297 7360
490 67 1180
110 33 7560
194 47 9440
56 498 5180
77 147 2940
197 314 9490
40 111 2080
360 233 9070
427 117 5570
281 397 8290
389 287 1220
227 481 5250
273 174 5770
370 148 5140
344 248 4050
45 245 2220
437 25 5870
107 209 9410
147 332 8140
275 316 520
40 324 8560
107 463 3100
310 297 2770
200 68 5220
406 94 9570
267 374 2640
115 19 3910
83 253 8830
70 197 5150
311 487 7350
239 249 6140
37 411 4830
447 46 4120
451 7 5620
340 206 7160
67 99 4410
298 383 6370
166 1 2900
82 373 3300
350 317 1700
312 74 2410
247 378 7830
213 18 6680
444 88 4980
199 469 930
351 440 5550
403 52 7510
250 301 4180
335 58 4010
447 414 9380
207 9 7040
170 40 7180
129 204 1910
176 18 4970
131 10 9690
40 265 230
402 433 2000
242 207 3170
387 223 4980
20 291 9970
181 322 8900
104 396 740
86 462 2600
265 204 7410
460 209 5350
338 78 9980
202 164 6380
336 409 6250
85 16 5750
195 368 1610
289 154 5560
399 181 1050
52 157 7060
470 148 6830
62 172 3860
424 191 2530
135 77 3950
451 86 7900
52 325 9950
202 97 490
382 142 7790
326 462 8370
197 205 4970
112 446 6760
143 179 1610
63 320 6950
349 60 5210
230 227 3500
417 121 5230
378 131 1470
289 28 1100
458 48 4350
434 329 8120
73 237 1740
475 62 5440
498 51 8780
14 284 8980
111 5 2840
395 308 6890
122 280 2160
361 466 4430
435 221 2620
473 321 6790
300 359 6640
85 370 1190
173 389 9880
148 114 370
388 457 790
362 225 8830
483 226 2200
353 195 5300
190 138 7720
284 120 2660
416 274 4610
234 325 3660
347 327 4850
39 345 8570
312 148 3320
93 397 5430
114 240 9920
236 401 4750
355 112 640
160 442 4330
231 256 1470
272 247 6910
54 243 150
411 384 9280
198 335 3410
287 478 6780
23 120 3450
293 311 7360
408 198 6830
368 257 5900
72 65 2460
326 153 6330
199 140 3770
294 444 9070
245 105 3630
188 246 7760
32 434 910
236 492 4760
53 441 2980
4 452 3840
104 434 3250
442 309 1690
302 338 3340
196 62 3760
347 108 300
93 400 3900
5 478 7830
372 383 7900
388 348 200
90 242 8690
19 442 5810
347 13 680
150 32 9140
208 455 4500
170 96 250
30 424 5140
432 445 6540
152 470 8160
242 321 8060
24 137 5400
407 279 8270
167 11 3820
336 96 7180
426 347 4910
95 73 3480
10 335 7690
237 121 6710
409 11 1480
32 55 2350
178 309 6050
53 260 9290
331 51 2290
435 4 5180
453 4 5630
484 216 6850
216 399 4800
313 349 5240
405 144 8800
264 481 3840
80 296 1570
100 353 750
156 339 7830
379 227 4150
206 326 40
1 373 3470
327 186 5290
334 421 870
102 345 420
367 279 4200
179 421 210
349 80 9990
477 39 7500
55 275 7760
142 455 2010
490 208 2370
231 10 4680
334 463 2630
5 228 6660
368 81 9810
43 389 860
36 133 2830
184 459 2180
166 157 4740
296 109 3780
275 375 2450
109 478 2890
375 38 4480
186 109 5250
169 241 5110
390 479 4700
250 22 4180
490 325 6760
151 316 3840
57 115 5630
109 400 4880
98 7 6200
50 161 8790
283 22 8840
248 290 5360
30 472 8940
271 243 3200
132 464 7640
341 437 9580
298 57 9080
17 67 9870
494 416 4430
342 491 3150
84 166 9180
117 375 3840
499 33 8240
16 450 5650
333 400 9180
173 368 8350
317 74 7770
362 49 7450
493 411 7840
319 82 4750
396 478 9530
303 5 2550
256 253 2470
68 110 8600
288 408 3130
162 163 1250
264 77 5250
290 54 7470
358 217 8170
46 208 9200
395 222 6900
35 160 7780
299 398 9870
402 219 1650
350 295 950
14 250 1120
471 211 2860
126 4 4180
391 23 4440
183 173 2440
249 322 5230
234 227 4170
210 253 3390
497 129 5530
158 386 7370
227 12 8970
27 103 3600
46 339 3220
213 141 2640
403 301 90
149 403 400
364 166 2570
498 228 9270
10 388 4460
333 180 2720
390 412 7700
156 34 5790
240 161 6940
441 70 200
121 142 5450
74 21 4220
192 222 410
474 174 3750
174 16 1350
172 100 8240
76 169 2120
229 468 3070
69 221 6320
351 249 5900
28 461 8180
417 56 6800
170 240 6580
248 205 8660
51 396 9590
216 121 3650
377 306 1890
91 151 1630
209 372 6560
384 98 5190
234 10 9980
75 497 1720
337 223 9830
124 196 3790
306 178 7150
291 431 3490
152 29 610
84 30 1170
239 237 7670
374 65 4560
261 467 2730
445 238 6150
97 414 7360
160 129 5180
212 332 3770
221 105 2260
161 259 8710
265 265 8990
339 47 3750
470 308 8350
8 85 7980
123 144 4480
286 61 3030
294 64 8290
323 51 6700
156 195 9190
215 173 3160
93 35 7730
11 242 2880
354 417 1260
334 458 7210
167 20 8920
295 225 9510
180 329 5110
4 68 8400
410 65 6760
145 176 560
350 263 1200
299 340 8440
430 231 1890
448 309 7070
141 308 1440
42 229 9560
85 428 9100
25 460 8560
22 368 5130
436 250 6610
31 297 1880
164 301 7360
14 384 2290
50 207 8010
5 299 6250
6 279 6020
332 437 3940
52 126 7160
201 247 9940
212 19 510
458 27 1410
187 428 8090
214 174 4830
6 33 4270
448 2 9140
140 13 1790
151 47 3680
262 215 930
372 179 8080
29 38 2060
133 448 4480
481 225 5600
441 379 9090
434 304 2440
53 1 7880
75 483 7700
476 172 8610
440 290 7980
49 400 6420
61 131 210
6 293 800
358 6 8310
305 71 5920
332 439 3080
425 297 3480
355 446 940
401 86 2610
340 249 1160
219 145 7300
390 48 6080
72 90 1700
133 193 8940
457 35 70
468 225 7180
336 133 5500
320 32 7580
319 447 860
327 105 3150
114 393 2260
145 91 1640
68 438 1050
331 278 1570
50 450 8480
16 399 5890
30 411 1530
455 472 4100
391 346 1040
406 247 4700
218 168 8400
349 187 8000
410 331 6900
215 32 9200
408 186 1550
135 452 250
452 288 1640
286 349 9900
74 197 3050
189 5 3060
358 478 9700
387 445 4880
220 261 5230
282 289 2310
99 370 2380
111 251 6280
279 157 60
98 326 2720
97 418 1760
263 348 140
357 24 4600
259 120 6190
346 314 1350
430 348 7340
253 348 9570
115 377 2260
52 336 6760
55 280 5800
274 465 490
175 467 1970
142 62 2140
452 224 6440
27 408 3310
203 153 9200
123 310 720
346 28 8270
465 54 9420
90 260 5830
390 345 190
127 92 180
107 127 6650
280 75 9460
209 451 6180
128 329 9470
468 258 6060
121 384 5390
234 152 9760
395 7 30
368 429 6460
155 187 6550
19 451 6990
496 351 5020
401 227 1230
466 265 7870
143 102 1560
80 362 2030
485 6 4400
375 373 3970
164 39 3660
2 456 520
29 126 5620
320 484 1600
260 232 900
452 167 4590
385 107 5960
476 117 690
27 340 9480
168 241 5890
363 132 9120
207 421 530
43 182 6610
431 113 4520
241 483 5100
140 289 9750
418 142 7140
143 368 7980
289 83 5770
216 434 1910
185 289 500
461 406 1010
491 492 4500
256 458 40
7 67 5980
31 167 1130
232 280 4280
141 67 7130
309 90 7380
35 393 7930
389 357 1400
395 246 1080
42 154 9970
365 25 5970
344 454 4250
30 284 5600
457 231 5920
370 464 4110
90 79 9160
180 203 1100
343 339 6200
243 53 6340
231 381 8000
138 248 1800
346 274 9880
250 238 1820
262 12 4360
72 225 8090
84 354 4050
115 39 4260
206 158 8000
289 115 5490
417 425 140
14 27 3320
232 87 9540
59 486 4090
348 16 4960
234 180 3120
77 132 9910
141 373 4980
155 151 7250
210 85 5610
164 198 1630
248 422 2490
475 439 2890
252 91 8900
463 487 1340
359 202 3600
202 221 4730
399 134 3240
266 242 5870
366 231 8580
174 139 5280
487 99 9650
143 489 6060
196 373 9170
238 140 2860
114 176 9260
29 313 5540
171 407 3130
436 53 4790
329 325 2920
435 386 4040
476 169 6760
154 491 3160
482 81 4320
498 57 7130
260 313 9120
213 462 1530
319 32 1420
109 458 6990
486 352 4450
2 194 3470
499 463 3870
76 181 1270
296 275 1650
385 319 5980
373 266 6830
328 237 9500
276 143 2260
224 154 3750
456 330 3480
351 115 9190
125 213 850
7 484 2540
165 278 1690
121 369 5950
359 249 4190
168 332 2330
29 19 2310
467 336 4920
315 306 8080
340 369 3670
169 218 9360
391 142 2850
327 412 3420
379 210 2930
23 412 4680
16 347 2950
94 176 5120
154 482 4710
355 122 2250
447 162 6970
362 491 600
177 169 2280
270 437 9820
463 305 1680
189 120 6510
328 380 9240
40 173 8020
74 196 9040
162 80 5270
9 271 8290
185 337 9630
109 317 2410
86 362 5130
212 36 5180
397 241 4020
131 163 3010
270 150 420
93 447 8940
477 242 4690
76 383 3930
177 335 690
290 98 1380
124 217 9770
181 280 1030
307 227 160
332 92 1740
19 497 8330
331 1 2840
334 7 1560
108 67 4930
260 109 7630
152 371 4030
118 99 510
14 66 3800
370 296 8840
233 423 9370
369 221 9600
490 375 9100
165 437 1580
30 331 7870
315 59 3360
300 102 2610
459 74 9770
121 70 8920
417 80 8160
41 367 1870
153 401 4080
82 237 5190
234 169 3480
476 117 7320
418 202 8440
424 108 9160
216 356 3200
417 197 5020
283 328 1120
108 131 2850
295 69 8720
8 435 780
79 446 2500
311 169 2820
293 435 7460
392 125 4020
305 407 5340
235 443 4950
267 305 3310
358 412 2090
120 215 4590
365 239 6020
63 285 7930
194 219 8350
263 197 7330
225 84 1590
445 193 4280
97 465 9820
374 92 5270
288 198 2330
327 469 6270
128 465 2610
253 427 5010
331 186 3150
222 220 1000
290 15 5930
286 141 3870
149 15 2360
179 174 2430
482 290 8110
335 68 1140
172 500 220
82 464 7880
164 329 140
39 1 7670
144 98 9020
324 282 1400
209 474 5210
113 189 8930
148 458 9190
487 57 160
59 274 5070
320 251 9020
406 310 8430
290 466 3080
391 491 6200
452 95 5930
379 376 3450
176 170 2820
162 468 2010
254 74 750
335 126 6360
61 325 5240
492 233 8850
370 246 5790
180 329 160
368 38 2650
14 352 7180
495 182 9550
459 460 430
106 39 9690
381 162 570
73 459 8350
67 173 2730
376 8 3440
312 151 8800
463 37 7630
336 140 7790
318 66 1440
142 349 3170
156 387 7770
291 225 8880
119 125 4230
476 258 4610
244 345 2360
477 42 8590
357 362 1120
170 435 8290
448 283 8790
409 103 4350
47 244 790
9 9 90
152 338 4140
302 380 4910
406 138 460
34 487 3460
29 42 1160
376 214 2160
471 176 140
137 378 7380
433 331 2360
134 153 5400
322 148 870
140 265 8720
391 31 2090
182 407 7600
297 365 8220
224 67 4710
138 62 9430
217 247 5580
205 2 5220
160 398 3920
259 189 6970
9 280 8790
168 99 750
474 9 6450
146 318 3100
266 194 3640
361 16 2700
247 460 6630
71 420 8110
427 138 2860
11 241 7040
414 274 3940
344 332 6640
54 87 2030
187 96 6780
37 455 680
106 259 1620
110 114 7760
493 9 7180
152 384 6740
465 476 7420
24 152 4530
444 142 6330
421 213 5290
284 323 2430
102 440 9720
380 273 2110
427 33 4640
81 218 3450
433 472 9010
454 498 9880
111 182 4940
101 43 7450
92 385 6340
304 388 6950
430 211 290
253 375 8040
33 377 5860
186 418 2970
476 136 9650
241 175 6870
240 332 5180
435 58 7470
410 237 2330
333 140 2740
274 478 1920
266 78 8630
167 284 6150
329 97 3480
21 29 8210
61 234 9560
65 198 9360
433 390 8190
48 368 150
376 108 1010
16 286 9420
348 381 230
106 485 1660
74 38 1990
209 294 4340
35 278 3270
455 471 4890
74 158 2110
229 178 5080
209 151 5900
274 27 1610
360 223 2140
224 88 9650
271 106 2260
108 52 2710
8 2 1620
341 200 2220
482 222 8820
352 9 5200
99 161 4970
286 163 2930
352 476 210
466 384 8940
48 163 9960
473 30 6960
277 14 8810
191 186 7430
465 364 5060
385 188 3290
155 227 6370
195 65 9800
312 77 4370
353 426 6660
281 259 7160
172 231 3590
241 36 1780
114 384 8410
467 149 5810
69 1 140
112 283 8100
129 277 4620
463 478 4790
236 422 7350
335 154 7590
246 402 2060
381 481 9080
391 34 6780
289 148 2870
460 52 5550
418 243 8520
460 474 4450
198 87 9480
91 106 2310
356 189 70
453 237 7620
473 123 4250
388 166 1580
380 226 5490
149 38 1980
159 236 3500
132 260 450
427 25 1950
28 357 6170
236 28 380
488 240 8940
385 19 5640
468 344 3380
159 214 2450
443 124 410
73 370 1270
387 420 1850
154 367 3620
309 281 5230
95 241 2360
104 10 8950
389 53 6670
396 454 8850
242 354 170
352 487 5840
282 181 5460
82 256 7310
274 431 1290
458 6 2100
341 444 7990
131 407 5950
30 258 6670
380 71 2630
24 426 4500
225 78 9880
420 208 7160
367 265 1090
264 7 6750
331 361 6660
20 204 3200
175 209 7090
418 382 7560
115 500 4630
59 230 8890
362 467 6540
18 91 1990
257 128 2750
276 113 3110
336 188 7280
327 100 3930
150 410 9980
188 421 2670
449 461 4480
348 111 4750
77 84 5360
488 461 5410
33 428 2800
29 371 2690
92 39 1560
377 482 3220
434 359 5000
52 409 4500
470 198 8260
283 298 7610
212 23 8780
219 233 3260
184 67 3170
33 191 3240
265 273 6630
60 151 8680
19 475 1690
182 66 6680
339 440 5550
421 8 8970
58 140 8490
308 471 920
414 219 6250
424 253 5410
373 296 6780
223 184 8070
168 367 3850
295 368 3830
418 297 3390
176 251 5510
288 169 4620
203 338 9210
203 172 750
231 422 3020
44 224 5740
360 434 2360
4 295 8760
156 104 1210
173 267 7650
267 230 40
429 400 2530
252 56 3800
233 330 1090
119 404 2590
343 346 4110
202 164 8940
207 195 3160
496 467 5230
237 127 9150
138 298 7210
290 218 9700
95 220 2180
274 259 1700
235 325 6470
381 195 3320
395 359 4770
367 318 2770
290 20 6190
452 120 9110
261 252 7670
257 486 1340
345 226 6490
82 255 2760
107 68 9510
196 137 8130
59 239 9450
67 97 7880
394 30 6820
468 79 5790
142 11 2910
154 440 2210
337 225 2680
88 222 960
301 409 9370
49 330 4680
322 492 4100
167 45 6810
265 375 5240
1 390 7850
182 70 4340
35 378 6640
88 469 7930
370 63 2870
77 275 9300
353 122 1810
47 387 1140
215 469 6250
365 136 9150
72 174 9840
78 191 790
79 212 790
468 28 9320
199 440 1120
334 97 6990
238 66 4910
378 452 7110
485 436 4520
36 298 9480
354 117 7610
42 267 2950
265 111 5910
466 425 6790
51 61 8480
28 282 7520
284 162 4650
20 371 1820
86 464 4850
464 246 8910
1 207 6780
411 330 8920
403 445 570
393 399 5990
470 333 5600
212 30 230
491 348 3500
298 377 6980
19 154 2810
51 257 1230
64 88 1170
181 385 4670
80 130 6100
416 401 8440
259 8 6760
199 168 2170
154 32 1440
131 373 4180
108 177 9750
498 462 5510
6 65 830
204 366 6150
226 208 8470
500 195 2160
310 276 8820
362 76 2080
234 295 3940
19 360 6690
112 9 3630
225 86 1850
89 274 7060
222 110 7710
74 286 930
180 290 2530
113 172 3810
68 211 2200
110 131 1400
163 314 3780
135 297 5200
475 177 6380
126 448 5090
157 44 3890
270 80 1880
104 473 4480
238 245 8480
358 487 9030
23 478 5060
273 338 9150
420 52 2420
78 320 970
491 388 8620
113 392 230
205 61 1870
80 94 770
77 143 9160
255 311 380
150 122 620
165 200 8770
269 278 3700
403 490 9350
424 338 6820
459 332 3480
124 404 6930
311 223 700
498 156 7560
462 278 4380
276 110 2740
310 84 7010
27 453 3300
71 40 6540
355 484 6770
112 268 3220
165 259 5450
375 364 7000
371 444 9820
310 340 8740
154 365 2880
185 417 5720
223 189 3870
51 400 2740
173 201 5580
367 465 6100
129 228 5500
33 354 8830
33 498 6370
158 15 2930
369 48 3540
84 58 8070
464 362 3780
311 44 7670
416 128 540
187 268 1710
332 17 2050
491 19 4010
79 99 220
487 421 7560
267 99 6410
3 71 8600
483 24 5180
386 416 6490
303 18 4490
46 308 4760
274 337 2140
7 190 7720
255 7 7070
318 342 9260
99 161 4110
388 495 4670
193 125 4060
407 294 4940
31 314 1550
431 412 4910
474 97 3850
42 88 4080
210 450 7050
233 282 910
450 490 6960
409 46 530
135 402 600
51 324 260
66 373 7210
339 361 350
130 435 4900
294 367 6960
204 199 6050
319 190 4030
160 206 2850
42 233 7600
259 315 8610
395 207 5090
270 408 1600
228 425 8750
26 84 2070
170 99 2960
84 134 390
244 429 4660
151 274 9580
200 110 140
385 184 1510
342 19 6500
476 450 5720
256 351 6400
439 124 6590
353 127 7200
268 270 1550
498 231 5190
369 34 2560
350 430 8080
426 190 210
280 485 9710
478 34 4520
10 440 6450
401 194 6230
388 412 9150
64 268 4880
58 25 5390
166 328 4460
164 23 7380
394 173 900
308 384 9590
233 416 6690
86 478 9510
117 479 5130
431 151 3940
295 450 7010
4 279 3940
50 4 5750
196 414 3330
241 309 8970
336 308 9850
351 447 6440
88 61 5520
385 52 460
193 457 3110
258 494 7650
292 492 660
380 166 4420
483 191 5480
183 188 4000
188 371 4000
435 290 6520
196 16 4950
72 124 4620
105 186 740
47 30 2550
200 466 7230
64 171 6220
229 53 4260
102 138 1830
476 324 1210
128 50 620
159 296 1860
332 430 4590
374 438 3340
452 184 1560
254 453 4210
213 451 4230
85 98 8790
5 430 7640
26 23 7550
44 24 7680
144 83 9450
317 357 980
459 342 20
56 435 9750
408 112 1350
121 400 3560
266 152 5870
20 143 9620
95 25 6820
178 346 5970
211 1 4360
462 21 270
56 202 8940
161 204 5390
267 284 1700
216 251 4280
117 299 8490
171 168 2320
471 332 7890
155 151 1610
431 37 5930
31 488 8380
4 85 2250
83 298 7660
408 397 3780
146 194 9330
121 11 3770
393 463 2520
428 185 6880
353 245 630
186 75 5710
213 493 4520
141 92 750
296 299 4850
201 153 5320
387 389 4050
313 449 680
483 418 3270
329 444 2970
280 475 5690
285 46 6820
323 167 5760
52 33 6870
498 153 9700
238 491 2720
59 158 6440
219 403 2450
253 388 5960
84 196 7640
123 255 4250
361 313 7650
223 177 6160
430 236 5260
90 240 760
293 61 8140
393 374 2650
189 421 3880
16 407 9550
118 323 8850
456 401 4590
22 55 5850
69 133 4390
416 337 680
33 458 4720
448 497 6300
500 134 5450
472 356 3810
29 497 2620
49 233 3940
114 228 5910
75 403 1590
135 348 2590
354 327 8900
32 38 3290
4 2 1280
42 494 7000
96 213 5550
150 222 2590
470 158 670
133 140 8530
147 449 160
351 407 730
392 17 1900
465 317 6750
104 128 6170
115 161 4430
14 232 6460
54 428 7730
69 336 2430
326 449 5970
498 211 7710
30 218 7060
335 105 1640
197 129 3830
246 21 9870
422 321 9910
287 470 9510
332 200 7820
348 380 4860
396 126 3710
484 364 7250
110 109 780
139 258 910
442 363 1680
457 195 2250
166 73 1150
25 265 9360
102 394 8220
458 83 5020
391 483 3760
319 108 8530
466 366 9310
453 358 2290
485 75 8110
469 35 6060
296 460 3560
307 53 8930
233 207 6280
197 299 3660
240 143 2460
254 227 4010
283 172 5010
176 314 660
251 408 460
309 115 8430
353 123 8950
496 284 5270
432 151 8160
482 190 4530
394 312 4670
315 229 4920
156 437 4440
211 373 40
384 443 7300
192 434 9650
443 36 5720
96 239 1840
30 112 4560
239 496 4930
192 240 3350
133 195 6970
305 380 5070
355 257 2770
495 92 2070
251 232 1090
346 188 450
411 30 2570
389 285 5650
123 484 7080
394 436 3320
408 160 5700
8 116 7810
298 433 8980
40 153 5720
232 94 10
263 1 9210
364 246 8750
221 354 4960
273 229 3340
246 179 3900
456 343 6260
482 261 6350
276 475 7430
236 376 830
50 425 4960
171 215 5080
445 50 6060
260 296 8910
131 304 8410
376 221 1450
432 191 3840
335 458 6260
403 28 5530
488 201 6780
456 56 4620
96 6 6940
392 385 4380
454 150 9410
454 233 910
174 258 1020
358 27 7460
366 6 2710
252 407 8100
298 358 6160
109 54 3490
195 197 9840
409 331 120
217 69 1670
398 44 3350
58 411 2170
474 403 5110
182 302 7980
237 125 460
85 315 880
46 259 2900
321 181 7820
50 316 8000
24 9 3860
151 422 7900
400 486 6810
267 492 8520
399 193 2340
55 168 3940
62 12 4740
29 445 3130
107 90 4310
288 400 9860
276 462 500
329 142 780
21 341 4360
244 448 7560
341 136 6540
49 421 180
241 180 1800
375 329 5900
432 295 1310
445 446 9460
292 336 1750
116 127 7370
273 221 50
284 437 1300
190 239 6080
286 298 6110
188 80 7680
452 237 3580
390 217 3920
356 295 8830
354 378 9270
482 477 8410
319 12 3560
97 61 2500
251 364 6430
66 165 4480
240 47 460
223 61 5140
411 409 500
245 189 450
397 39 8210
307 129 8830
176 478 5690
114 334 9640
457 119 2270
344 47 6090
337 464 8030
457 37 8600
427 318 8060
461 408 3680
115 267 8430
418 225 4600
321 327 8480
424 404 200
99 107 520
370 236 9910
12 130 7350
182 354 6440
348 237 6660
331 391 2920
280 189 8800
350 365 9780
35 282 7910
348 471 8720
251 11 4240
113 171 6660
86 102 6150
437 440 4370
487 31 1660
214 329 9380
429 191 9120
267 388 6450
165 392 4240
258 29 6360
70 233 1900
404 300 1170
367 318 7810
230 474 7060
365 78 190
71 378 9420
155 385 9150
233 322 5520
437 26 4130
488 262 2400
216 155 9720
68 403 9030
369 415 3120
483 135 4820
491 230 1790
429 454 700
375 161 4990
205 303 6540
331 428 6520
86 323 7350
323 496 5420
373 492 4740
335 397 6120
67 156 6780
59 283 5770
145 194 2080
171 116 4470
472 247 630
168 441 140
283 52 8420
287 348 3260
173 333 1830
365 74 4900
455 387 6280
49 249 3290
293 241 8050
388 100 6610
106 83 2600
475 447 2870
454 447 5070
368 240 6420
471 188 2120
356 31 7840
450 187 6380
266 371 1830
427 209 9910
165 36 350
79 427 8030
119 405 9150
7 200 3280
315 107 5690
36 92 130
433 414 2340
12 370 5550
406 161 9580
365 110 8740
208 409 6510
302 60 7260
270 1 80
103 414 4880
193 280 6940
458 74 1880
211 452 1320
377 215 9130
100 9 6880
126 450 6720
499 199 8660
336 433 3710
126 444 9830
3 422 1350
259 170 7150
425 350 5500
261 490 4690
30 391 8810
66 392 7830
133 139 6730
481 243 4500
480 419 7380
140 398 9150
473 47 2110
60 185 2040
271 316 2740
200 378 2630
86 167 3770
340 218 8150
443 66 3550
122 395 5160
453 326 7990
452 393 970
376 432 5360
206 114 2310
378 248 160
71 369 6860
437 229 660
454 105 9620
480 299 6720
447 213 6430
376 352 5000
407 432 1580
78 203 5690
57 311 1270
429 295 2190
198 324 120
486 297 9480
354 274 9770
182 16 3320
117 403 7360
344 461 6640
213 334 2910
398 106 7680
95 15 9470
245 33 1150
311 381 2930
132 392 5340
149 366 1270
37 111 950
275 379 1220
73 173 4370
459 294 3530
316 290 9470
95 63 3170
184 458 7600
348 105 7650
233 487 6530
380 409 1130
337 176 6840
104 59 4520
384 151 7560
211 22 8540
268 462 4410
158 187 7290
151 277 2690
416 191 1240
281 240 4910
303 277 50
17 248 9270
265 499 3900
296 467 2250
225 454 6740
477 177 4680
168 490 2740
414 496 9540
276 439 7750
314 51 7860
119 38 7540
329 178 2270
20 177 3230
103 60 1380
229 158 8830
35 420 6960
212 155 5550
478 186 7690
322 159 8540
394 47 1000
8 355 5250
268 188 6080
206 137 4860
255 457 830
318 414 7510
280 284 9160
330 438 4620
464 159 9020
334 182 8750
102 449 430
197 365 8980
178 425 2610
406 3 5350
435 356 6620
498 490 680
92 406 7980
49 163 8950
88 130 1470
60 94 3580
237 195 10
3 74 5570
390 210 9530
363 365 7970
200 430 5470
367 389 7770
413 218 1810
448 104 7180
189 164 3540
499 374 2230
2 392 6670
203 339 3920
27 362 8300
446 468 6920
244 231 2940
141 332 7110
264 495 1280
326 126 5270
145 156 3550
374 127 2470
229 330 3700
211 110 6550
391 84 1670
152 402 2650
469 149 1630
159 74 4610
200 473 2820
436 486 5150
140 251 8700
198 373 9620
396 485 9620
111 69 8910
52 196 4360
163 174 9670
470 67 7950
56 233 2740
185 414 7710
438 60 1820
10 361 5980
437 56 1360
120 400 9600
258 450 4700
491 479 9970
188 172 7540
455 329 8110
365 277 7100
89 315 3250
287 310 830
411 98 5120
425 1 9620
248 169 7280
47 419 6310
430 367 4070
259 142 8930
393 117 6180
289 160 9260
227 349 1620
35 165 6570
307 144 8670
349 137 3760
364 181 8360
222 155 7040
286 225 3820
51 375 6150
22 370 6190
216 346 1960
344 121 9450
341 180 6750
328 402 2500
178 223 9940
349 333 4730
460 140 5360
141 251 3930
246 485 4300
85 217 670
113 142 9040
403 127 4760
414 340 2930
395 458 5210
252 428 2850
223 454 7600
485 194 7550
146 173 1460
186 306 6760
33 173 6540
147 423 1800
396 54 800
374 284 4810
255 89 5490
326 53 120
292 111 4550
386 9 4360
38 129 6710
117 305 2160
306 154 780
117 13 6590
285 474 7380
190 49 9490
88 320 4900
497 407 1340
270 176 4150
225 388 4380
301 51 5860
37 274 2100
291 477 8580
41 180 2500
464 69 1390
193 147 9490
444 195 8380
189 443 4170
418 2 9020
153 81 3940
201 138 2220
445 217 1190
186 461 1710
259 448 860
110 157 8330
235 77 8710
104 471 9350
434 213 4130
78 70 9450
146 116 4310
230 310 340
82 84 6200
288 288 9260
327 348 8560
170 398 9200
56 24 5440
457 147 8060
185 91 4480
67 54 9680
434 278 4230
258 22 7760
416 40 5020
152 1 4260
447 163 3380
335 468 8910
41 339 920
348 194 4280
30 499 1330
7 231 4870
228 97 3240
76 105 6940
114 203 8760
324 103 760
315 428 7800
2 272 8180
368 165 2020
330 237 7410
82 203 900
132 15 2750
251 170 990
452 124 2990
428 333 8330
235 372 5440
352 254 9930
92 110 7310
239 32 2510
253 403 9860
119 484 1830
130 412 6660
371 134 4290
437 160 3720
196 322 9550
138 238 9180
279 144 9400
100 239 1820
226 302 9920
267 248 3540
465 368 1340
496 446 1020
105 424 8420
369 187 5930
17 41 5230
453 248 3250
268 267 5900
47 189 3290
174 40 9870
20 290 5570
248 443 100
466 337 2540
440 378 7210
12 401 8880
364 171 8060
355 216 8860
426 285 1570
459 124 8810
496 328 7640
279 302 7940
185 336 2930
96 432 5570
69 14 8760
371 171 9900
487 190 1460
140 420 1460
458 232 7870
358 128 5090
41 138 2730
257 392 7450
169 474 1360
305 474 4360
352 273 5700
205 376 2830
285 62 6050
160 278 9030
487 239 7890
297 232 4240
253 285 7810
302 116 8170
172 117 4990
453 146 3110
266 434 1330
393 391 3260
258 155 4210
188 417 2700
72 18 6930
497 444 3120
213 155 3530
95 89 8920
195 29 2800
29 330 4020
444 461 1370
404 72 1140
174 268 3190
226 214 2770
345 125 3650
411 62 1910
29 366 6130
469 3 2900
122 439 7860
152 157 7120
328 253 6210
393 434 6570
61 164 6100
310 228 440
317 469 880
362 472 7430
13 383 1610
20 177 8270
219 309 890
497 489 2030
31 72 5910
302 414 4530
423 450 8370
85 339 9890
178 62 6050
21 421 6170
431 303 8070
310 39 5090
185 227 3880
374 485 3790
15 492 260
376 418 4180
240 338 2060
45 230 3420
211 444 5930
217 209 8530
324 153 3720
272 258 8560
351 243 7670
121 183 830
138 439 5320
224 302 3830
13 500 1930
205 51 8630
271 249 4800
189 442 4130
334 111 990
308 497 160
417 392 9430
197 25 5710
320 429 5420
17 293 9770
41 174 560
360 114 8110
351 469 290
121 130 3560
39 107 4590
281 339 8300
254 409 890
455 365 7370
55 388 2460
65 223 950
403 268 6330
202 49 2860
240 123 1890
52 131 1310
464 275 1740
341 211 8750
377 342 9640
32 126 9470
499 50 2270
69 495 7870
400 8 3260
329 165 7580
290 366 4850
138 381 2310
482 341 4200
254 154 3710
348 371 5880
183 339 2030
464 409 7080
68 38 8960
220 275 5610
223 398 4620
63 41 2000
208 213 6690
318 135 2540
178 220 6120
376 270 9320
157 169 5130
114 5 3660
317 417 5870
359 123 9250
478 413 7470
189 321 8690
243 461 260
59 199 390
122 322 5720
225 36 9250
73 155 3270
23 112 4590
293 229 7230
180 135 6080
165 275 3820
416 490 7510
236 152 5450
487 291 220
318 110 2610
14 352 6860
461 194 8510
256 46 6440
22 242 3640
367 305 2920
37 296 2460
90 14 9540
454 57 8010
28 141 8460
214 121 7590
220 252 6990
37 73 270
417 12 7410
250 480 9720
340 51 3610
12 325 9740
452 23 4400
461 358 9960
87 31 6460
87 152 2360
257 176 9740
116 170 9600
296 40 1050
365 360 180
355 233 6860
444 77 8940
234 11 1690
367 367 9200
386 210 1570
128 244 1500
185 5 2200
97 60 7850
9 298 5510
302 90 7410
339 347 4970
214 207 1370
282 180 7960
172 203 2670
109 355 9230
23 405 9720
439 297 3340
38 194 2710
91 292 1940
81 161 9420
88 268 3660
75 411 2190
18 296 6830
378 352 1460
10 278 8200
402 56 4560
192 188 130
171 378 940
337 389 4830
59 363 7940
482 140 3560
144 26 5890
35 327 9910
163 123 6240
134 357 8070
233 119 5390
209 464 6560
103 487 6840
227 25 3860
51 184 9640
425 294 3020
308 61 8800
258 397 5170
498 493 7360
313 356 5900
205 480 8080
464 45 600
223 458 7800
368 182 5170
128 234 8430
94 388 2050
292 465 7840
8 450 530
61 169 9640
495 278 8340
482 391 6730
28 180 1120
226 203 6920
484 1 1590
287 150 3540
251 400 3130
140 407 7750
101 225 7170
315 239 5090
294 367 2380
417 266 5310
486 13 620
420 392 4480
476 30 1290
171 2 9630
211 159 7150
487 68 2850
46 59 2430
50 27 630
59 236 2180
464 117 9590
6 385 3050
32 171 9240
349 368 3460
320 119 8550
456 319 7640
220 488 5710
26 340 8420
255 471 530
492 447 8150
52 35 6250
372 322 2080
117 471 4590
323 122 3760
398 186 2250
323 89 4190
74 241 3510
394 500 4820
212 132 8080
476 227 6150
258 466 730
436 180 8010
463 351 6850
29 485 1120
191 53 9380
477 159 2190
258 477 5050
494 2 2970
436 431 5630
471 412 6920
139 97 330
170 317 2480
56 354 1760
354 44 8410
213 139 8690
468 151 1550
58 171 6570
417 85 9620
341 148 10
318 109 8540
158 176 3260
51 124 4310
304 356 3220
11 45 860
303 252 7330
31 100 6880
425 92 5260
455 487 2630
28 178 9930
105 204 2710
292 185 9990
438 115 8680
332 56 4050
333 441 5770
347 167 6090
133 442 7780
407 474 3780
193 79 3390
203 173 5290
190 441 1080
155 125 9400
123 273 9850
223 80 4910
402 5 4030
67 235 3370
297 337 3630
472 66 1040
30 256 2480
159 280 4760
33 207 5110
305 352 1330
32 322 6320
288 81 2630
391 322 4430
490 55 8740
30 352 6410
286 27 520
109 211 1430
348 200 230
7 144 3050
492 248 7730
171 253 2280
62 35 6610
327 397 6850
369 242 4580
429 179 9720
402 451 2820
303 218 5200
32 39 2140
304 495 6640
260 418 9610
172 149 180
129 134 8910
244 166 4720
491 479 900
448 82 6140
142 52 9700
217 494 3010
197 458 2890
254 86 7810
320 494 4270
158 266 3280
216 182 4200
364 270 2070
35 199 5970
414 362 1610
195 119 8100
305 437 9380
38 223 3030
335 152 8460
251 486 940
488 424 2990
162 496 7560
324 117 1650
366 471 3050
489 121 6640
181 140 120
237 275 9120
252 381 1310
176 311 4390
133 137 9690
183 90 1370
97 113 4270
70 90 7850
68 77 2140
396 215 5170
169 491 4340
385 242 9560
280 353 1840
443 474 3520
441 137 2910
365 84 2980
214 247 4550
216 191 8440
468 166 7700
143 407 2500
390 49 1440
214 36 6580
418 110 3580
470 282 9330
259 398 6980
305 223 9230
256 120 700
293 102 1380
88 223 5890
240 492 1620
214 101 6500
279 372 7960
55 248 6750
340 458 8370
311 85 400
22 381 2770
375 166 2490
400 22 4640
294 230 2580
272 17 620
411 204 380
461 144 5040
24 10 830
172 96 6440
328 443 6600
250 458 4750
421 248 1770
96 230 7340
493 353 3320
200 264 100
243 279 5410
329 352 730
446 156 7940
85 118 7780
73 159 4490
417 160 4690
374 244 7820
438 327 5120
22 468 2390
195 371 8560
168 489 4950
40 298 5630
279 357 6150
59 277 4610
254 448 8840
393 314 7020
279 133 3450
243 256 4170
29 32 7320
219 425 1210
348 308 4860
424 470 3860
322 397 8170
143 282 8270
361 125 5490
151 165 330
486 386 6650
358 358 8990
16 256 2200
191 45 4150
283 8 6580
175 120 2860
12 438 5460
16 387 6290
398 56 5190
14 354 1250
488 466 7170
297 131 2840
37 85 4230
472 465 7680
250 92 8360
354 334 6310
153 112 2770
292 185 9770
399 486 3240
201 1 4310
20 2 9040
121 276 9780
148 42 8340
376 424 8810
462 148 1790
100 411 3440
169 458 8480
430 282 1910
191 173 3380
465 57 9020
24 119 2960
48 386 6170
308 5 370
430 310 1180
271 446 8940
397 87 570
187 295 8640
276 244 6530
35 8 520
433 461 5110
41 290 3650
182 471 700
405 302 5020
16 47 30
126 379 8200
464 243 8620
178 249 570
312 11 7770
146 168 3130
9 28 2820
76 60 1020
83 246 8660
68 59 8290
317 130 6530
197 273 7520
88 40 3340
149 435 4240
197 67 1400
80 363 7840
450 70 7970
135 180 7120
270 499 1570
396 472 7430
469 112 340
195 378 1960
78 178 8870
395 423 8770
472 455 7670
286 176 2060
207 472 6050
362 298 7750
437 183 9540
274 410 4580
468 168 7510
479 10 8430
239 45 1440
246 217 5000
295 367 9800
85 389 420
492 336 7520
101 489 5620
148 428 6170
474 468 4790
90 256 3200
92 147 5780
348 15 2290
495 233 7930
180 421 800
161 323 3850
362 459 2770
319 273 4370
405 245 4180
499 200 3800
222 241 340
401 359 2610
406 106 600
404 342 1390
356 52 2340
260 113 520
181 287 450
137 496 7680
243 495 1530
331 64 8890
22 328 8320
94 472 40
445 124 720
280 1 4870
391 55 1140
230 320 3170
162 144 3250
287 162 8910
201 154 1530
323 168 5610
113 213 3900
425 422 1890
116 313 7350
262 179 9010
148 419 7240
401 275 1070
86 50 630
174 247 540
140 127 2920
37 12 6510
470 4 1570
352 147 1100
306 15 9920
499 150 1740
232 49 6130
39 493 4410
266 247 4450
403 261 4990
297 258 7750
273 486 4650
230 351 8220
69 4 200
313 336 6600
103 42 2830
381 493 7000
292 257 8790
151 294 2130
136 45 4540
85 484 1120
140 408 6560
129 229 7170
471 52 4250
251 439 2730
420 453 1660
63 236 4450
225 450 3760
223 184 6730
61 196 2920
373 72 8680
464 154 5030
271 89 4860
302 471 9770
82 333 60
492 69 9990
326 157 5090
191 409 7590
202 34 7510
61 184 2570
253 308 780
24 434 5080
100 83 2400
203 255 380
84 432 6560
494 264 2440
69 310 5940
3 195 6570
239 406 710
414 331 1710
459 268 6280
250 380 4210
405 397 5750
40 167 3390
348 235 3230
53 248 8440
357 386 2040
118 412 5480
341 387 1750
104 139 4060
149 2 1240
411 240 4060
241 298 7230
409 495 8800
194 340 9260
93 113 6660
433 10 8510
442 145 4740
406 104 750
17 397 2480
457 67 6730
277 25 3170
209 3 9520
490 18 5690
379 19 1070
415 300 540
291 481 2100
311 436 930
179 16 4310
97 10 5640
180 471 3830
457 346 2150
12 272 4410
83 447 590
280 496 9630
421 171 8970
315 261 9900
429 122 910
170 63 3870
342 470 6790
367 164 390
498 306 2280
73 416 6420
177 95 9560
22 202 4950
489 230 4160
38 349 4450
304 471 6740
473 98 4670
452 189 2850
493 393 1960
55 71 8230
17 71 7200
350 384 9300
471 329 1550
327 221 3760
429 357 4370
370 497 9130
408 94 5570
14 54 5520
168 386 6080
292 79 5220
56 271 6020
147 495 5690
263 391 6200
373 500 5330
191 494 5410
255 348 2430
367 311 8790
311 295 130
374 203 2920
76 120 1040
65 6 5420
484 394 9000
211 323 3090
373 394 9030
180 422 6900
285 328 4130
131 64 6410
243 149 6580
410 451 5200
498 145 5150
351 164 3940
423 80 6230
287 381 3700
292 388 9860
321 8 390
230 69 8230
56 430 6810
9 106 8410
60 216 2860
388 100 600
193 15 2030
94 497 1240
418 367 4600
125 42 4930
425 500 290
86 426 3400
439 208 5870
55 324 2380
225 302 2890
263 149 380
98 269 6520
471 175 5690
370 388 5800
114 231 3150
350 470 7200
302 216 6610
315 260 4570
479 264 2570
495 410 8780
132 320 9810
211 214 5650
285 92 5730
66 159 2060
278 273 7360
56 246 2440
467 422 9500
486 491 2210
55 409 140
70 110 6800
248 270 8900
446 146 5010
4 1 5050
42 164 9320
111 369 450
11 297 4520
444 320 9490
468 259 4160
413 245 3020
144 54 3980
373 416 6990
493 67 6610
200 319 1700
419 446 4700
341 265 280
221 329 4420
419 26 1890
346 454 9880
56 85 990
156 183 5850
355 22 4100
348 287 2860
109 228 7070
100 318 500
242 242 1960
44 220 1870
315 190 2060
492 331 1040
92 126 8650
139 452 5840
324 411 2480
292 309 6660
478 15 9440
333 33 8220
226 128 2320
138 254 1590
53 309 340
275 74 8420
74 233 6050
120 122 4260
273 109 5700
248 51 2850
299 140 3960
157 350 5780
389 203 9930
356 150 110
164 346 6330
67 382 8030
402 370 690
129 228 7400
17 472 5340
68 321 5020
301 95 4110
103 70 7590
222 187 6030
59 484 3120
24 439 4490
11 292 9040
271 70 290
149 213 8510
234 400 3560
398 294 2790
221 61 330
48 474 2630
71 249 7120
58 377 3850
203 299 390
36 373 8780
232 435 9200
345 188 6570
397 256 8280
367 329 5910
308 304 6260
13 318 5740
462 204 520
88 312 7610
447 455 6680
374 22 8060
82 189 7430
364 142 7320
49 239 3280
195 91 1200
356 290 7430
46 469 2780
302 480 8800
368 116 9580
437 82 1410
326 223 5780
15 159 7270
15 420 9440
418 343 1550
463 383 5300
311 403 6200
326 146 7190
95 168 770
175 97 4830
370 263 7320
29 33 8390
377 277 1750
423 273 7330
62 378 6130
52 106 6910
208 434 6920
451 409 3340
392 248 2760
20 79 6080
31 15 3410
37 27 750
345 485 9350
385 428 6550
401 389 9180
77 242 6870
316 490 1690
113 199 7840
31 401 9500
220 85 6250
448 185 5120
446 252 3110
132 368 4930
399 334 9690
325 12 7520
422 253 9060
69 138 4850
253 247 3220
94 49 4370
431 363 5850
461 361 2930
14 203 7300
199 233 3710
225 203 3530
475 268 3430
121 370 40
56 272 980
423 272 5030
219 381 9720
375 182 9680
121 493 6560
171 155 7450
213 172 8940
139 481 5200
404 463 1110
245 462 6190
91 359 9220
178 356 5190
141 364 6220
21 55 9100
291 108 8370
352 292 8930
429 225 830
337 287 80
99 70 5380
35 405 4940
289 241 5720
420 39 4060
78 278 8750
219 126 5510
206 12 1640
168 28 8220
494 88 7950
418 361 7990
356 214 8220
195 444 6070
17 427 7000
83 244 6110
332 261 4360
179 105 4190
54 283 1470
397 256 7010
320 221 2310
189 473 3590
255 472 2940
413 78 2430
297 315 910
256 444 280
288 334 7230
146 193 4660
434 484 5460
129 16 1870
175 165 5360
337 377 750
37 124 4430
234 3 70
46 283 8560
244 315 520
470 220 5670
16 129 750
334 282 1360
447 254 6810
121 223 7350
436 450 6440
38 120 9040
244 176 8750
117 146 1100
56 162 8010
308 352 8550
394 137 1190
106 498 7700
237 3 5270
252 396 3970
34 27 6260
40 251 7910
116 58 8380
442 405 740
259 132 5270
49 228 3500
164 423 4740
289 368 4900
469 6 1590
85 356 6280
214 291 8190
8 265 6330
202 290 8020
167 411 5250
27 160 320
93 174 7300
299 229 4340
157 459 4430
38 475 5600
269 363 270
403 277 3200
162 370 6630
79 162 5250
96 46 1410
360 293 5340
234 353 830
500 117 6470
447 85 8720
275 458 7270
199 141 3210
208 338 6840
265 46 6090
61 182 7290
57 31 4580
317 38 5890
101 158 7220
460 375 7980
34 142 9380
162 170 8200
56 335 5950
143 83 6180
460 370 3820
127 439 5300
407 51 1680
108 146 3480
312 124 3380
301 494 5710
274 478 1460
228 103 3210
365 98 2330
134 131 5250
351 429 2630
438 259 2110
8 399 390
388 429 2110
339 276 2290
140 396 7410
436 39 4220
284 419 3750
317 118 2660
77 278 2820
31 358 3860
401 460 5130
461 129 3710
10 196 8870
377 143 6800
473 143 310
93 111 6830
183 449 6240
482 260 4870
387 186 1900
217 431 6160
171 254 2570
399 297 1520
288 370 5550
277 110 6310
348 224 6260
71 311 9670
336 219 8790
38 3 7940
318 182 2860
338 410 3000
274 252 6460
89 87 5140
283 176 2410
187 17 5320
97 236 7070
99 40 970
465 210 8550
427 292 6330
240 30 7280
93 383 60
284 334 2670
125 325 3410
318 195 4010
119 111 9720
172 333 8670
229 304 2340
90 204 6000
323 344 3490
477 415 7090
470 39 2050
422 199 9750
62 172 3320
63 385 8770
222 291 1070
185 349 6470
311 474 9690
348 467 1920
140 24 5800
107 24 9770
249 124 670
112 500 7900
43 303 3350
245 95 6200
30 134 4000
55 417 4370
78 184 3890
387 301 2900
376 388 8750
225 495 6240
389 84 510
267 264 9690
240 261 5120
14 25 8050
104 223 6400
158 346 4990
435 29 4090
96 147 3280
70 360 2240
490 154 7480
232 126 680
273 242 9010
431 196 8760
295 160 8330
45 393 7260
338 384 6710
223 391 2470
381 488 750
492 119 5820
168 482 2390
321 327 4190
284 76 6500
182 288 600
413 380 1880
177 315 3560
157 19 1550
261 66 4960
252 287 9660
413 120 4350
383 63 4970
330 193 8980
320 54 1840
481 269 8390
336 286 8730
8 77 6610
18 415 6630
196 244 8170
312 192 7280
19 492 3770
86 479 8170
85 293 820
318 26 9430
301 427 1410
388 319 1900
146 204 8670
480 250 6860
285 250 9820
24 196 2240
174 17 4000
5 255 6210
92 469 3200
498 39 6030
14 288 8040
235 15 4500
30 15 5720
280 432 7210
160 119 7100
440 484 9740
408 73 3290
255 5 1380
275 304 750
158 191 1360
287 144 7040
153 226 660
338 82 9900
487 111 7310
440 100 7810
178 233 2470
226 87 4810
371 490 7700
392 175 2780
207 462 7730
184 217 5690
40 458 6690
50 409 8220
17 445 7000
248 295 1200
395 375 7220
65 220 4910
155 308 5080
322 470 2220
259 466 5860
173 392 4870
164 75 7600
223 485 1370
20 463 6920
397 390 1070
32 59 5270
142 20 730
343 51 8220
134 41 3800
329 202 4000
99 471 2890
226 80 2760
237 253 330
139 391 1880
70 144 3220
332 109 3510
367 47 6540
10 371 6010
123 457 3200
118 471 780
492 328 2150
280 15 5270
3 377 7760
439 185 4220
39 430 3190
243 334 7050
224 458 1550
404 167 3950
333 99 8430
273 241 8890
394 438 1940
413 291 7840
84 201 8420
122 188 8280
51 4 8940
396 15 4610
302 72 8670
243 450 6280
498 455 4460
437 383 4540
144 51 820
119 425 3430
171 115 6370
51 351 2550
333 353 8260
198 468 8610
266 457 4820
53 500 550
407 79 5140
164 385 4150
419 68 1030
33 345 8640
170 268 9950
385 348 2990
405 152 1190
121 48 7180
365 44 7910
27 116 6120
411 442 700
317 487 4230
198 4 8340
428 60 1240
90 489 6300
309 249 5470
466 154 5970
464 142 5640
206 436 6310
315 242 6040
179 289 7630
248 85 9400
329 496 1620
111 246 6410
180 378 8210
155 135 6960
128 486 2580
38 351 6730
395 95 2330
260 414 7860
490 406 9470
400 354 6810
471 301 490
420 495 170
244 144 6720
290 297 1110
191 384 1280
359 460 1990
481 56 3410
12 486 870
166 500 3530
216 332 9720
496 250 5420
389 421 7930
435 373 4630
178 367 3560
87 74 6690
360 214 7200
245 455 4150
411 363 3660
495 384 9820
424 194 7350
374 340 4050
136 231 2720
463 346 8790
77 4 1710
25 495 9390
350 206 3300
461 95 8650
41 155 4000
403 452 6020
261 226 550
283 258 210
197 95 5850
255 266 3980
194 85 3720
333 413 9510
259 490 5650
235 135 8270
297 139 2290
47 232 5190
358 42 740
118 241 710
38 440 4770
21 147 8280
319 280 7540
485 464 9290
89 303 1240
40 28 2780
47 409 6660
140 254 4130
319 444 2720
326 456 6600
66 397 2350
150 94 1090
258 445 3180
455 340 5860
366 127 8480
498 67 7290
500 427 2560
10 207 7560
357 64 5690
4 217 4860
147 440 1480
163 165 8330
335 497 6360
246 470 1570
32 204 920
19 114 9430
5 63 7380
395 49 80
51 461 2810
145 459 530
225 358 2390
437 408 9620
106 309 9570
376 153 7600
253 104 8230
449 353 6390
234 47 3550
80 68 2550
424 409 2630
157 145 1630
178 139 9610
212 269 4540
279 352 2460
180 490 8900
220 75 6660
87 448 5970
329 184 4910
461 458 4370
281 1 6270
467 349 8000
229 104 5780
7 2 6420
369 130 9380
125 160 3480
277 186 2200
221 355 3710
114 65 4260
241 491 7250
289 129 9090
178 226 2900
233 291 1390
47 146 6710
499 182 1610
377 334 40
413 225 3850
305 47 7480
282 159 7820
95 440 1990
195 320 3660
315 293 2220
112 141 9020
91 169 6860
109 369 7550
263 446 2330
295 38 6810
55 38 4720
387 255 7950
367 272 5570
138 345 9330
311 225 2610
256 44 7350
376 301 4500
345 31 930
388 242 280
388 410 6910
138 158 3510
56 140 2370
245 310 5420
253 43 2630
36 298 4560
67 283 1230
6 337 9950
211 286 4750
247 337 4330
387 358 4310
232 51 1180
338 387 8740
403 365 7840
441 437 6790
354 443 4200
61 380 8660
328 187 6330
305 383 4940
26 309 4610
365 216 6130
195 120 9420
44 410 2170
279 318 2770
380 409 740
28 47 4360
284 383 280
487 120 3540
367 87 130
133 104 7310
339 324 430
284 189 8050
172 433 590
151 461 4580
276 188 1030
171 166 6220
395 180 1360
43 296 3700
490 91 1850
213 120 1510
112 388 8540
469 209 7240
417 336 6580
333 283 1850
139 407 6780
116 401 4330
211 156 8250
322 400 3150
429 24 9550
181 115 7670
267 266 4620
338 498 4170
334 428 1380
323 431 6080
149 400 2940
268 479 4320
80 252 7610
32 139 5360
81 172 6370
467 91 8220
441 75 360
485 58 2530
290 191 6240
498 419 3420
197 391 860
87 248 1150
111 10 7510
143 202 190
118 180 2150
4 254 7810
404 99 6730
51 386 4830
318 331 7310
161 69 2580
436 165 4650
54 451 380
460 312 1920
242 207 8420
20 263 8010
258 172 1030
404 89 1240
410 325 7330
332 270 7460
187 109 9370
35 417 5680
63 26 3310
430 416 1220
354 243 7690
126 285 80
66 50 4830
161 188 6450
265 283 7240
188 367 5160
31 217 1990
222 65 2990
496 325 2040
446 15 2080
346 86 5940
303 139 6300
92 141 5900
133 412 3120
262 448 810
351 328 9260
182 17 4250
473 136 4510
500 361 770
111 496 4910
304 172 4600
327 43 9470
430 94 7340
239 429 4510
85 437 2020
97 449 2500
28 449 4690
402 230 8030
27 466 8570
122 259 7890
434 62 2940
400 343 6710
284 400 8190
412 300 8530
45 413 2360
476 8 9470
438 32 720
199 236 3100
222 395 3320
104 106 7940
408 121 1640
412 76 2510
306 421 9950
168 459 7020
241 153 6490
285 408 8810
261 163 7390
69 277 520
184 462 1120
476 115 2490
388 157 5510
432 84 3920
33 256 1920
148 456 6230
182 129 4120
186 52 8830
390 196 2360
131 21 6070
27 500 7370
454 328 6040
96 333 4660
380 194 3230
57 201 7540
270 42 6830
216 311 8200
92 378 2300
109 492 760
300 311 4580
80 375 8290
450 369 4140
357 164 9930
352 202 1030
29 344 1970
92 381 4300
320 84 2490
90 205 4460
99 351 9620
50 366 150
48 191 3050
490 420 9190
49 244 3810
484 369 2530
454 167 3800
205 281 8370
230 211 9240
215 319 330
349 137 7550
122 258 4750
426 268 310
132 257 8550
373 376 1330
32 103 6350
427 423 5070
227 124 3330
153 115 500
445 351 6610
224 408 7110
79 388 9580
125 188 6170
227 376 1040
324 39 9150
298 367 9630
93 354 1010
325 465 4820
318 348 4800
495 280 3540
219 289 1100
23 464 8580
465 294 7480
38 146 4470
269 333 4030
241 208 1690
183 454 7740
413 285 4790
54 229 5880
60 45 5140
424 238 3010
201 316 1350
137 202 2210
256 398 8670
107 295 6160
238 150 480
10 355 760
250 441 8990
337 393 1750
213 120 6240
46 483 5950
25 85 8760
297 193 1360
41 489 7520
188 31 8000
170 87 8290
343 449 2010
483 245 2360
432 51 1540
330 236 4570
396 309 3950
136 160 210
308 131 1650
494 175 4480
430 488 6780
491 274 5520
174 396 7380
146 70 2020
405 253 5340
436 43 8350
269 316 5310
447 433 1240
180 234 9200
164 43 260
102 165 8470
241 50 9660
14 235 2250
91 232 6280
358 101 8150
294 81 9150
434 345 1180
24 411 6410
160 492 8840
306 34 3630
337 237 4390
405 130 2150
117 187 8930
364 427 5950
348 226 5110
130 433 6480
232 101 2260
116 81 8170
52 222 5260
37 447 8160
372 88 8260
98 127 2420
368 382 8780
285 438 3460
113 195 930
222 409 1870
450 375 6100
484 110 1220
408 36 8920
133 105 3830
105 292 3340
42 12 9430
149 124 2470
175 20 9450
390 372 2930
344 74 4280
312 158 4280
420 115 7150
115 327 4380
476 395 4700
22 336 4880
279 468 9230
158 183 6690
356 46 8390
460 451 4930
363 480 3760
89 185 6230
243 275 7590
200 107 9700
381 292 6180
234 404 6590
228 106 5210
170 24 3370
499 463 7800
448 371 9260
429 491 4840
39 56 3270
185 107 590
465 121 6520
246 242 250
7 125 6810
210 320 270
345 200 460
160 149 2660
38 438 6140
102 338 2420
143 306 4580
156 286 6740
247 455 8210
454 486 8510
67 331 6900
17 131 8360
260 217 570
130 128 1250
492 244 5790
337 265 110
490 255 5250
41 432 1620
357 335 2670
213 26 2680
398 428 6200
265 391 1810
60 492 7850
249 142 3050
438 181 7640
436 176 1230
125 297 8540
61 451 2640
5 308 3800
442 20 5170
13 365 140
168 484 1260
327 456 2390
86 442 8000
82 442 5110
222 292 5140
380 219 7170
11 262 5600
345 459 5630
194 17 9790
11 302 7260
291 486 3860
265 297 8820
232 345 1070
103 347 3170
241 238 3000
483 203 6240
48 100 40
206 161 2430
95 74 9600
479 384 1260
311 359 130
234 184 9830
355 122 910
306 442 990
145 99 7270
390 188 70
213 110 8390
144 446 1460
458 499 6210
167 292 2680
98 484 270
70 49 7500
455 172 8950
357 32 2300
493 434 4720
41 195 1420
317 196 3460
136 341 9070
337 278 8690
231 72 6520
134 454 3510
432 393 7060
400 262 9010
472 107 4760
334 423 2900
382 443 760
189 493 5460
187 413 9620
448 155 9830
337 364 2260
39 293 7920
324 232 8380
192 360 9750
473 252 4500
183 458 2010
417 32 9950
471 58 7390
215 55 7900
209 462 210
38 47 7380
24 479 1350
282 353 860
453 308 8180
25 187 6230
69 429 6930
311 491 6510
481 362 8180
483 334 3020
414 28 5620
121 434 1100
459 95 4040
202 209 9740
158 326 1830
312 305 1510
316 311 4930
243 91 3840
172 418 320
31 231 2150
246 67 7270
79 298 4550
252 325 70
335 194 3840
210 81 6960
299 476 9920
392 27 2760
229 264 9830
227 100 6290
498 358 760
288 143 6820
79 173 6680
369 280 2700
130 279 230
300 403 230
208 347 80
1 280 8900
184 364 960
229 167 7720
131 103 8250
420 393 6370
211 427 3060
370 369 1050
498 385 8290
202 151 6650
321 252 9810
457 397 2640
430 496 2770
147 482 7730
419 23 9750
226 47 6230
83 444 6990
380 112 4740
44 351 6670
435 291 200
379 110 9550
263 31 7260
349 407 1340
333 275 1750
467 113 1300
409 472 7580
322 339 1410
166 12 2890
124 320 240
212 462 7070
32 263 8430
458 441 1430
404 137 2820
433 163 50
264 232 3330
415 88 2740
486 270 4040
2 296 7380
64 240 4260
419 215 550
286 341 1510
337 111 4200
318 403 3260
229 474 7690
42 310 1320
70 474 8690
132 122 690
110 189 9920
174 325 5660
253 253 1810
382 138 8660
229 25 8610
376 209 5060
174 338 9490
459 13 7560
317 431 750
5 448 110
97 227 2390
323 213 1980
182 367 6800
470 154 650
325 261 9670
145 65 4970
303 434 9960
434 93 2410
134 199 6880
398 17 2060
361 183 2310
268 28 3670
239 440 9490
421 232 8820
181 476 6340
351 205 7340
78 365 6980
83 186 8660
182 401 2700
381 470 5880
333 340 4250
302 53 9390
71 391 7090
42 122 9360
224 96 90
308 291 230
123 286 2590
459 215 9270
241 297 4520
153 476 3100
30 238 5180
12 178 3250
104 243 9830
101 39 4560
421 446 3720
214 215 8310
365 279 2020
160 200 7340
271 381 7230
459 93 2900
185 103 2350
133 13 2840
61 232 5670
101 45 230
462 298 1130
202 57 8520
159 475 2070
414 138 8190
88 30 7980
173 445 6640
29 60 7210
156 85 3500
255 483 5990
139 427 3130
487 359 9850
26 93 50
347 219 8830
451 18 8110
364 125 8310
487 489 4440
80 306 3340
495 174 1980
41 349 1890
8 467 3530
190 128 1750
418 194 3280
478 26 2660
426 428 1890
62 470 780
54 124 7580
435 448 1050
245 23 9150
363 69 7040
428 85 8450
266 304 970
331 121 60
324 442 850
364 68 4650
237 452 2760
47 61 2240
473 451 2850
309 344 9820
492 376 4750
52 145 9460
224 157 660
142 299 3690
371 467 6700
65 2 470
369 180 4970
352 92 6090
457 379 880
47 24 6040
129 364 7100
85 180 7740
301 337 9100
366 239 9510
58 212 2560
203 378 4280
452 425 6570
155 100 8320
214 139 7760
96 240 2250
498 466 5610
158 277 6800
139 267 9210
159 169 8670
485 257 5230
32 192 2810
296 48 7410
404 308 8020
185 56 4840
171 149 3430
283 197 9830
374 366 2880
301 307 2700
231 24 7360
199 470 150
98 169 7410
368 252 2570
202 123 4140
237 11 3090
469 359 4950
166 176 4280
450 444 2860
146 72 7120
67 262 3490
145 184 6470
310 175 5530
357 54 9400
45 111 5750
452 500 2320
429 421 2840
190 445 9950
344 398 2430
295 427 1550
165 256 2270
179 343 4760
114 270 330
486 237 4440
7 323 1400
173 393 9700
357 20 8990
151 355 6190
62 339 1500
16 66 9910
418 316 2510
193 357 2370
333 477 9060
208 380 1530
83 484 5160
255 413 8780
81 236 5380
88 223 5400
172 235 2540
12 433 1440
236 8 6950
207 131 4890
119 384 1840
289 289 5040
414 212 1730
181 439 2060
202 232 7900
95 144 660
247 463 8940
430 395 9500
144 390 3770
296 489 5890
337 371 2750
346 422 7250
495 465 7250
293 181 3440
281 215 2030
66 353 6780
297 139 7440
170 328 6030
345 321 1980
114 81 6680
152 319 7440
415 63 8960
472 144 4710
351 195 6990
465 136 2320
442 317 3060
447 129 9270
257 302 1810
245 206 3710
272 355 4150
171 107 3680
212 347 2010
462 205 4940
334 464 7270
106 49 4000
72 380 2930
92 401 3000
5 292 6230
90 182 8430
442 350 3680
130 457 6400
102 475 2080
343 39 6210
198 102 7890
421 399 340
188 314 5990
109 199 4180
410 409 7830
340 297 2800
158 370 5050
499 48 6150
465 492 6380
453 320 8440
218 6 1610
241 46 2740
299 78 3930
397 460 8800
473 491 9540
147 99 1700
275 211 9840
389 329
