500 5000
1 500 10
1 499 13
2 498 13
3 4 14
4 5 21
5 6 14
6 7 32
7 8 18
8 9 1
9 10 26
10 11 11
11 12 31
12 13 11
13 14 16
14 15 20
15 16 20
16 17 21
17 18 21
18 19 16
19 20 18
20 21 7
21 22 29
22 23 31
23 24 3
24 25 12
25 26 17
26 27 13
27 28 14
28 29 21
29 30 25
30 31 4
31 32 24
32 33 32
33 34 32
34 35 6
35 36 15
36 37 19
37 38 31
38 39 18
39 40 24
40 41 18
41 42 21
42 43 2
43 44 21
44 45 5
45 46 30
46 47 7
47 48 26
48 49 19
49 50 14
50 51 14
51 52 6
52 53 13
53 54 26
54 55 30
55 56 14
56 57 16
57 58 5
58 59 2
59 60 14
60 61 25
61 62 1
62 63 11
63 64 4
64 65 12
65 66 28
66 67 3
67 68 20
68 69 28
69 70 6
70 71 5
71 72 16
72 73 10
73 74 16
74 75 4
75 76 4
76 77 12
77 78 29
78 79 2
79 80 15
80 81 6
81 82 5
82 83 10
83 84 20
84 85 23
85 86 6
86 87 28
87 88 5
88 89 24
89 90 29
90 91 23
91 92 21
92 93 14
93 94 15
94 95 22
95 96 3
96 97 21
97 98 7
98 99 31
99 100 15
100 101 31
101 102 20
102 103 14
103 104 12
104 105 25
105 106 14
106 107 27
107 108 3
108 109 5
109 110 7
110 111 2
111 112 3
112 113 8
113 114 29
114 115 23
115 116 22
116 117 18
117 118 19
118 119 32
119 120 11
120 121 10
121 122 19
122 123 31
123 124 10
124 125 5
125 126 14
126 127 26
127 128 4
128 129 21
129 130 9
130 131 4
131 132 28
132 133 18
133 134 15
134 135 26
135 136 10
136 137 18
137 138 23
138 139 16
139 140 8
140 141 14
141 142 14
142 143 16
143 144 19
144 145 23
145 146 5
146 147 26
147 148 12
148 149 16
149 150 28
150 151 17
151 152 3
152 153 14
153 154 18
154 155 19
155 156 28
156 157 8
157 158 27
158 159 11
159 160 2
160 161 21
161 162 17
162 163 30
163 164 10
164 165 32
165 166 1
166 167 29
167 168 31
168 169 20
169 170 30
170 171 27
171 172 33
172 173 15
173 174 23
174 175 22
175 176 25
176 177 32
177 178 33
178 179 32
179 180 7
180 181 28
181 182 25
182 183 10
183 184 11
184 185 23
185 186 4
186 187 3
187 188 28
188 189 27
189 190 30
190 191 23
191 192 4
192 193 23
193 194 23
194 195 27
195 196 19
196 197 22
197 198 29
198 199 12
199 200 17
200 201 19
201 202 17
202 203 5
203 204 10
204 205 11
205 206 24
206 207 9
207 208 31
208 209 22
209 210 20
210 211 26
211 212 17
212 213 11
213 214 17
214 215 29
215 216 5
216 217 20
217 218 6
218 219 30
219 220 18
220 221 23
221 222 22
222 223 27
223 224 31
224 225 23
225 226 12
226 227 31
227 228 17
228 229 20
229 230 16
230 231 9
231 232 22
232 233 14
233 234 32
234 235 14
235 236 20
236 237 19
237 238 23
238 239 10
239 240 20
240 241 16
241 242 31
242 243 25
243 244 23
244 245 3
245 246 31
246 247 16
247 248 32
248 249 7
249 250 20
250 251 11
251 252 30
252 253 21
253 254 19
254 255 5
255 256 16
256 257 29
257 258 16
258 259 13
259 260 9
260 261 13
261 262 31
262 263 4
263 264 4
264 265 22
265 266 18
266 267 12
267 268 14
268 269 27
269 270 7
270 271 31
271 272 14
272 273 19
273 274 3
274 275 26
275 276 8
276 277 31
277 278 16
278 279 31
279 280 25
280 281 15
281 282 7
282 283 33
283 284 26
284 285 32
285 286 10
286 287 3
287 288 26
288 289 24
289 290 26
290 291 1
291 292 24
292 293 4
293 294 30
294 295 19
295 296 22
296 297 1
297 298 30
298 299 9
299 300 23
300 301 31
301 302 26
302 303 8
303 304 26
304 305 16
305 306 25
306 307 4
307 308 9
308 309 25
309 310 23
310 311 1
311 312 33
312 313 33
313 314 30
314 315 20
315 316 33
316 317 19
317 318 23
318 319 21
319 320 25
320 321 27
321 322 18
322 323 5
323 324 26
324 325 3
325 326 10
326 327 5
327 328 7
328 329 29
329 330 5
330 331 15
331 332 24
332 333 33
333 334 20
334 335 27
335 336 7
336 337 13
337 338 5
338 339 22
339 340 26
340 341 32
341 342 12
342 343 13
343 344 20
344 345 7
345 346 33
346 347 14
347 348 11
348 349 16
349 350 1
350 351 24
351 352 2
352 353 28
353 354 24
354 355 8
355 356 22
356 357 8
357 358 1
358 359 9
359 360 12
360 361 25
361 362 33
362 363 12
363 364 18
364 365 29
365 366 19
366 367 24
367 368 30
368 369 28
369 370 8
370 371 4
371 372 22
372 373 22
373 374 7
374 375 9
375 376 14
376 377 33
377 378 7
378 379 13
379 380 7
380 381 4
381 382 10
382 383 26
383 384 1
384 385 1
385 386 8
386 387 4
387 388 8
388 389 16
389 390 5
390 391 31
391 392 31
392 393 30
393 394 22
394 395 12
395 396 18
396 397 20
397 398 22
398 399 31
399 400 7
400 401 32
401 402 8
402 403 14
403 404 16
404 405 22
405 406 16
406 407 9
407 408 28
408 409 15
409 410 1
410 411 9
411 412 33
412 413 14
413 414 7
414 415 26
415 416 2
416 417 29
417 418 22
418 419 32
419 420 6
420 421 33
421 422 9
422 423 20
423 424 27
424 425 4
425 426 7
426 427 22
427 428 20
428 429 18
429 430 9
430 431 4
431 432 24
432 433 26
433 434 15
434 435 9
435 436 5
436 437 13
437 438 6
438 439 26
439 440 15
440 441 30
441 442 32
442 443 20
443 444 12
444 445 17
445 446 23
446 447 15
447 448 31
448 449 20
449 450 22
450 451 5
451 452 18
452 453 8
453 454 28
454 455 5
455 456 1
456 457 13
457 458 27
458 459 15
459 460 22
460 461 6
461 462 14
462 463 30
463 464 15
464 465 32
465 466 12
466 467 20
467 468 33
468 469 6
469 470 20
470 471 26
471 472 27
472 473 31
473 474 21
474 475 32
475 476 5
476 477 28
477 478 15
478 479 32
479 480 16
480 481 6
481 482 16
482 483 11
483 484 23
484 485 11
485 486 4
486 487 14
487 488 11
488 489 26
489 490 28
490 491 13
491 492 33
492 493 19
493 494 32
494 495 25
495 496 6
496 497 30
497 498 12
498 499 21
499 500 14
500 3 25
3 4 12
4 5 23
5 6 11
6 7 7
7 8 33
8 9 9
9 10 17
10 11 23
11 12 22
12 13 23
13 14 8
14 15 25
15 16 28
16 17 11
17 18 3
18 19 7
19 20 30
20 21 3
21 22 23
22 23 24
23 24 27
24 25 12
25 26 22
26 27 10
27 28 24
28 29 3
29 30 27
30 31 3
31 32 18
32 33 13
33 34 31
34 35 19
35 36 10
36 37 24
37 38 13
38 39 3
39 40 25
40 41 12
41 42 10
42 43 6
43 44 30
44 45 28
45 46 32
46 47 23
47 48 25
48 49 32
49 50 12
50 51 7
51 52 3
52 53 25
53 54 8
54 55 33
55 56 9
56 57 25
57 58 21
58 59 16
59 60 27
60 61 16
61 62 15
62 63 12
63 64 10
64 65 22
65 66 16
66 67 5
67 68 18
68 69 30
69 70 18
70 71 18
71 72 6
72 73 31
73 74 31
74 75 28
75 76 9
76 77 21
77 78 19
78 79 21
79 80 16
80 81 22
81 82 28
82 83 17
83 84 24
84 85 18
85 86 29
86 87 10
87 88 18
88 89 12
89 90 20
90 91 3
91 92 22
92 93 31
93 94 12
94 95 5
95 96 8
96 97 26
97 98 21
98 99 24
99 100 7
100 101 17
101 102 18
102 103 14
103 104 28
104 105 14
105 106 6
106 107 14
107 108 4
108 109 9
109 110 4
110 111 23
111 112 18
112 113 5
113 114 3
114 115 30
115 116 6
116 117 12
117 118 29
118 119 9
119 120 11
120 121 8
121 122 22
122 123 14
123 124 20
124 125 14
125 126 6
126 127 8
127 128 22
128 129 6
129 130 5
130 131 26
131 132 20
132 133 4
133 134 4
134 135 33
135 136 31
136 137 19
137 138 9
138 139 2
139 140 30
140 141 7
141 142 29
142 143 32
143 144 15
144 145 2
145 146 10
146 147 14
147 148 31
148 149 8
149 150 24
150 151 30
151 152 1
152 153 18
153 154 7
154 155 18
155 156 32
156 157 2
157 158 26
158 159 19
159 160 32
160 161 13
161 162 14
162 163 32
163 164 6
164 165 26
165 166 19
166 167 21
167 168 23
168 169 6
169 170 1
170 171 4
171 172 5
172 173 25
173 174 18
174 175 18
175 176 17
176 177 9
177 178 29
178 179 5
179 180 30
180 181 28
181 182 23
182 183 8
183 184 2
184 185 1
185 186 11
186 187 5
187 188 13
188 189 26
189 190 11
190 191 9
191 192 32
192 193 18
193 194 19
194 195 5
195 196 11
196 197 7
197 198 1
198 199 16
199 200 26
200 201 21
201 202 26
202 203 2
203 204 4
204 205 12
205 206 6
206 207 11
207 208 16
208 209 16
209 210 15
210 211 11
211 212 30
212 213 25
213 214 13
214 215 9
215 216 4
216 217 25
217 218 22
218 219 15
219 220 15
220 221 21
221 222 8
222 223 31
223 224 9
224 225 28
225 226 30
226 227 2
227 228 5
228 229 26
229 230 8
230 231 12
231 232 20
232 233 14
233 234 30
234 235 33
235 236 9
236 237 12
237 238 10
238 239 7
239 240 14
240 241 11
241 242 24
242 243 3
243 244 16
244 245 6
245 246 16
246 247 26
247 248 21
248 249 22
249 250 11
250 251 16
251 252 23
252 253 14
253 254 30
254 255 13
255 256 19
256 257 17
257 258 20
258 259 18
259 260 31
260 261 16
261 262 21
262 263 24
263 264 24
264 265 32
265 266 1
266 267 3
267 268 15
268 269 28
269 270 10
270 271 20
271 272 26
272 273 6
273 274 10
274 275 25
275 276 21
276 277 15
277 278 27
278 279 15
279 280 4
280 281 1
281 282 33
282 283 6
283 284 23
284 285 12
285 286 26
286 287 31
287 288 26
288 289 4
289 290 8
290 291 4
291 292 32
292 293 9
293 294 20
294 295 1
295 296 27
296 297 27
297 298 26
298 299 20
299 300 1
300 301 24
301 302 23
302 303 8
303 304 2
304 305 13
305 306 11
306 307 20
307 308 1
308 309 11
309 310 3
310 311 11
311 312 28
312 313 15
313 314 31
314 315 13
315 316 18
316 317 23
317 318 12
318 319 14
319 320 4
320 321 25
321 322 5
322 323 15
323 324 18
324 325 33
325 326 14
326 327 6
327 328 10
328 329 15
329 330 12
330 331 24
331 332 14
332 333 26
333 334 30
334 335 23
335 336 25
336 337 9
337 338 11
338 339 31
339 340 21
340 341 25
341 342 1
342 343 17
343 344 26
344 345 11
345 346 26
346 347 30
347 348 19
348 349 21
349 350 10
350 351 26
351 352 1
352 353 22
353 354 11
354 355 33
355 356 15
356 357 10
357 358 4
358 359 23
359 360 2
360 361 18
361 362 27
362 363 23
363 364 1
364 365 25
365 366 30
366 367 22
367 368 12
368 369 32
369 370 21
370 371 27
371 372 9
372 373 2
373 374 24
374 375 6
375 376 10
376 377 10
377 378 21
378 379 10
379 380 11
380 381 17
381 382 3
382 383 25
383 384 5
384 385 11
385 386 16
386 387 19
387 388 15
388 389 33
389 390 3
390 391 20
391 392 23
392 393 12
393 394 26
394 395 12
395 396 17
396 397 6
397 398 29
398 399 25
399 400 23
400 401 2
401 402 9
402 403 20
403 404 4
404 405 24
405 406 24
406 407 6
407 408 14
408 409 31
409 410 27
410 411 9
411 412 3
412 413 22
413 414 10
414 415 2
415 416 5
416 417 32
417 418 11
418 419 7
419 420 6
420 421 5
421 422 32
422 423 18
423 424 13
424 425 24
425 426 33
426 427 6
427 428 4
428 429 28
429 430 32
430 431 7
431 432 18
432 433 1
433 434 7
434 435 18
435 436 14
436 437 24
437 438 10
438 439 17
439 440 20
440 441 21
441 442 10
442 443 15
443 444 15
444 445 32
445 446 14
446 447 4
447 448 23
448 449 31
449 450 15
450 451 21
451 452 7
452 453 13
453 454 9
454 455 6
455 456 32
456 457 6
457 458 13
458 459 18
459 460 5
460 461 14
461 462 1
462 463 16
463 464 8
464 465 31
465 466 1
466 467 12
467 468 18
468 469 12
469 470 2
470 471 22
471 472 6
472 473 11
473 474 3
474 475 19
475 476 11
476 477 5
477 478 22
478 479 30
479 480 20
480 481 28
481 482 16
482 483 20
483 484 17
484 485 29
485 486 33
486 487 12
487 488 20
488 489 24
489 490 2
490 491 1
491 492 7
492 493 7
493 494 3
494 495 24
495 496 10
496 497 6
497 498 27
498 499 8
499 500 11
500 3 3
3 4 19
4 5 33
5 6 21
6 7 28
7 8 11
8 9 12
9 10 18
10 11 11
11 12 25
12 13 15
13 14 24
14 15 11
15 16 20
16 17 17
17 18 18
18 19 27
19 20 5
20 21 27
21 22 31
22 23 11
23 24 11
24 25 1
25 26 7
26 27 29
27 28 21
28 29 2
29 30 20
30 31 22
31 32 24
32 33 26
33 34 9
34 35 1
35 36 28
36 37 9
37 38 21
38 39 19
39 40 10
40 41 8
41 42 10
42 43 31
43 44 28
44 45 23
45 46 22
46 47 16
47 48 11
48 49 18
49 50 8
50 51 8
51 52 21
52 53 24
53 54 20
54 55 6
55 56 31
56 57 11
57 58 19
58 59 26
59 60 11
60 61 20
61 62 32
62 63 24
63 64 31
64 65 6
65 66 10
66 67 33
67 68 28
68 69 22
69 70 16
70 71 27
71 72 21
72 73 4
73 74 32
74 75 24
75 76 5
76 77 31
77 78 25
78 79 16
79 80 2
80 81 23
81 82 20
82 83 29
83 84 11
84 85 18
85 86 5
86 87 12
87 88 15
88 89 3
89 90 16
90 91 28
91 92 18
92 93 17
93 94 2
94 95 15
95 96 14
96 97 5
97 98 19
98 99 26
99 100 28
100 101 1
101 102 3
102 103 14
103 104 18
104 105 4
105 106 17
106 107 5
107 108 1
108 109 3
109 110 18
110 111 12
111 112 3
112 113 33
113 114 4
114 115 14
115 116 14
116 117 8
117 118 1
118 119 32
119 120 30
120 121 15
121 122 13
122 123 11
123 124 25
124 125 9
125 126 19
126 127 3
127 128 2
128 129 27
129 130 17
130 131 20
131 132 30
132 133 20
133 134 15
134 135 2
135 136 30
136 137 17
137 138 32
138 139 4
139 140 10
140 141 32
141 142 2
142 143 22
143 144 3
144 145 14
145 146 8
146 147 32
147 148 18
148 149 16
149 150 7
150 151 31
151 152 13
152 153 27
153 154 1
154 155 14
155 156 27
156 157 22
157 158 6
158 159 24
159 160 26
160 161 6
161 162 3
162 163 2
163 164 21
164 165 10
165 166 32
166 167 12
167 168 10
168 169 9
169 170 21
170 171 17
171 172 20
172 173 24
173 174 21
174 175 12
175 176 8
176 177 12
177 178 25
178 179 2
179 180 2
180 181 9
181 182 25
182 183 19
183 184 23
184 185 13
185 186 15
186 187 13
187 188 15
188 189 11
189 190 22
190 191 7
191 192 6
192 193 26
193 194 28
194 195 6
195 196 32
196 197 30
197 198 21
198 199 19
199 200 20
200 201 18
201 202 23
202 203 16
203 204 13
204 205 15
205 206 7
206 207 9
207 208 16
208 209 23
209 210 30
210 211 27
211 212 29
212 213 24
213 214 13
214 215 29
215 216 29
216 217 18
217 218 19
218 219 32
219 220 23
220 221 21
221 222 4
222 223 1
223 224 23
224 225 30
225 226 18
226 227 11
227 228 32
228 229 17
229 230 25
230 231 2
231 232 24
232 233 9
233 234 2
234 235 16
235 236 21
236 237 31
237 238 4
238 239 10
239 240 10
240 241 23
241 242 30
242 243 9
243 244 23
244 245 15
245 246 15
246 247 23
247 248 20
248 249 7
249 250 24
250 251 26
251 252 2
252 253 8
253 254 11
254 255 21
255 256 23
256 257 25
257 258 28
258 259 23
259 260 29
260 261 5
261 262 19
262 263 28
263 264 7
264 265 11
265 266 18
266 267 7
267 268 13
268 269 24
269 270 14
270 271 28
271 272 9
272 273 25
273 274 5
274 275 33
275 276 9
276 277 6
277 278 14
278 279 5
279 280 3
280 281 9
281 282 12
282 283 4
283 284 17
284 285 24
285 286 14
286 287 25
287 288 2
288 289 12
289 290 9
290 291 27
291 292 24
292 293 27
293 294 33
294 295 26
295 296 10
296 297 17
297 298 9
298 299 1
299 300 11
300 301 19
301 302 16
302 303 28
303 304 21
304 305 26
305 306 17
306 307 1
307 308 6
308 309 14
309 310 23
310 311 31
311 312 4
312 313 20
313 314 12
314 315 12
315 316 13
316 317 3
317 318 11
318 319 30
319 320 24
320 321 7
321 322 13
322 323 21
323 324 13
324 325 30
325 326 7
326 327 13
327 328 16
328 329 23
329 330 9
330 331 7
331 332 5
332 333 28
333 334 13
334 335 17
335 336 12
336 337 17
337 338 7
338 339 4
339 340 6
340 341 26
341 342 23
342 343 8
343 344 32
344 345 19
345 346 21
346 347 17
347 348 28
348 349 6
349 350 21
350 351 33
351 352 10
352 353 24
353 354 32
354 355 17
355 356 27
356 357 19
357 358 29
358 359 16
359 360 22
360 361 22
361 362 33
362 363 6
363 364 14
364 365 18
365 366 14
366 367 9
367 368 5
368 369 20
369 370 33
370 371 30
371 372 32
372 373 30
373 374 30
374 375 4
375 376 20
376 377 22
377 378 16
378 379 11
379 380 31
380 381 17
381 382 19
382 383 1
383 384 2
384 385 17
385 386 29
386 387 16
387 388 6
388 389 1
389 390 5
390 391 4
391 392 17
392 393 2
393 394 5
394 395 18
395 396 16
396 397 25
397 398 7
398 399 14
399 400 1
400 401 16
401 402 1
402 403 2
403 404 26
404 405 2
405 406 23
406 407 24
407 408 3
408 409 2
409 410 5
410 411 25
411 412 8
412 413 10
413 414 12
414 415 16
415 416 16
416 417 14
417 418 16
418 419 20
419 420 27
420 421 31
421 422 11
422 423 10
423 424 12
424 425 3
425 426 14
426 427 27
427 428 11
428 429 33
429 430 13
430 431 18
431 432 21
432 433 20
433 434 26
434 435 1
435 436 22
436 437 5
437 438 21
438 439 30
439 440 27
440 441 32
441 442 27
442 443 31
443 444 23
444 445 9
445 446 33
446 447 27
447 448 1
448 449 16
449 450 14
450 451 19
451 452 10
452 453 29
453 454 15
454 455 1
455 456 31
456 457 14
457 458 27
458 459 19
459 460 19
460 461 3
461 462 21
462 463 2
463 464 3
464 465 18
465 466 13
466 467 3
467 468 2
468 469 20
469 470 23
470 471 6
471 472 32
472 473 23
473 474 15
474 475 3
475 476 28
476 477 2
477 478 18
478 479 24
479 480 32
480 481 4
481 482 31
482 483 18
483 484 3
484 485 21
485 486 15
486 487 14
487 488 30
488 489 9
489 490 5
490 491 28
491 492 26
492 493 8
493 494 18
494 495 28
495 496 16
496 497 7
497 498 2
498 499 10
499 500 32
500 3 9
3 4 32
4 5 4
5 6 4
6 7 3
7 8 1
8 9 14
9 10 1
10 11 13
11 12 18
12 13 18
13 14 9
14 15 27
15 16 24
16 17 15
17 18 21
18 19 4
19 20 3
20 21 18
21 22 22
22 23 18
23 24 18
24 25 18
25 26 13
26 27 11
27 28 17
28 29 21
29 30 11
30 31 4
31 32 20
32 33 10
33 34 7
34 35 14
35 36 32
36 37 33
37 38 6
38 39 6
39 40 14
40 41 30
41 42 19
42 43 9
43 44 5
44 45 16
45 46 2
46 47 4
47 48 33
48 49 32
49 50 32
50 51 20
51 52 5
52 53 25
53 54 1
54 55 5
55 56 14
56 57 32
57 58 31
58 59 1
59 60 32
60 61 29
61 62 14
62 63 8
63 64 25
64 65 23
65 66 21
66 67 3
67 68 8
68 69 3
69 70 30
70 71 7
71 72 17
72 73 3
73 74 15
74 75 5
75 76 9
76 77 18
77 78 26
78 79 29
79 80 25
80 81 11
81 82 26
82 83 13
83 84 19
84 85 5
85 86 1
86 87 14
87 88 4
88 89 13
89 90 18
90 91 5
91 92 32
92 93 26
93 94 7
94 95 15
95 96 26
96 97 14
97 98 31
98 99 20
99 100 18
100 101 2
101 102 14
102 103 18
103 104 3
104 105 22
105 106 32
106 107 2
107 108 11
108 109 14
109 110 14
110 111 16
111 112 7
112 113 7
113 114 18
114 115 16
115 116 29
116 117 23
117 118 12
118 119 19
119 120 32
120 121 4
121 122 7
122 123 24
123 124 10
124 125 30
125 126 18
126 127 20
127 128 30
128 129 28
129 130 22
130 131 18
131 132 23
132 133 19
133 134 23
134 135 20
135 136 9
136 137 30
137 138 6
138 139 29
139 140 25
140 141 25
141 142 22
142 143 22
143 144 20
144 145 10
145 146 14
146 147 4
147 148 19
148 149 10
149 150 33
150 151 3
151 152 4
152 153 24
153 154 7
154 155 9
155 156 6
156 157 23
157 158 26
158 159 20
159 160 28
160 161 10
161 162 29
162 163 13
163 164 15
164 165 18
165 166 11
166 167 15
167 168 7
168 169 14
169 170 9
170 171 12
171 172 26
172 173 4
173 174 5
174 175 2
175 176 9
176 177 11
177 178 9
178 179 20
179 180 13
180 181 31
181 182 18
182 183 15
183 184 31
184 185 11
185 186 10
186 187 2
187 188 7
188 189 7
189 190 33
190 191 30
191 192 27
192 193 21
193 194 6
194 195 33
195 196 3
196 197 22
197 198 6
198 199 26
199 200 28
200 201 27
201 202 18
202 203 5
203 204 33
204 205 16
205 206 20
206 207 31
207 208 1
208 209 21
209 210 11
210 211 27
211 212 5
212 213 18
213 214 11
214 215 8
215 216 33
216 217 22
217 218 24
218 219 7
219 220 19
220 221 25
221 222 7
222 223 20
223 224 31
224 225 18
225 226 16
226 227 22
227 228 26
228 229 10
229 230 30
230 231 21
231 232 12
232 233 15
233 234 30
234 235 14
235 236 6
236 237 5
237 238 28
238 239 30
239 240 20
240 241 10
241 242 17
242 243 22
243 244 32
244 245 33
245 246 6
246 247 25
247 248 1
248 249 21
249 250 33
250 251 7
251 252 1
252 253 22
253 254 30
254 255 21
255 256 17
256 257 9
257 258 12
258 259 22
259 260 24
260 261 30
261 262 17
262 263 31
263 264 22
264 265 6
265 266 2
266 267 14
267 268 1
268 269 17
269 270 19
270 271 13
271 272 30
272 273 16
273 274 32
274 275 27
275 276 21
276 277 18
277 278 26
278 279 9
279 280 10
280 281 19
281 282 16
282 283 15
283 284 16
284 285 18
285 286 16
286 287 18
287 288 3
288 289 17
289 290 26
290 291 31
291 292 17
292 293 5
293 294 12
294 295 1
295 296 22
296 297 20
297 298 30
298 299 2
299 300 28
300 301 17
301 302 5
302 303 4
303 304 21
304 305 17
305 306 8
306 307 31
307 308 12
308 309 18
309 310 32
310 311 11
311 312 10
312 313 22
313 314 21
314 315 6
315 316 30
316 317 17
317 318 33
318 319 6
319 320 16
320 321 29
321 322 19
322 323 10
323 324 4
324 325 14
325 326 14
326 327 13
327 328 33
328 329 13
329 330 13
330 331 3
331 332 6
332 333 26
333 334 26
334 335 16
335 336 16
336 337 16
337 338 27
338 339 19
339 340 4
340 341 9
341 342 29
342 343 10
343 344 20
344 345 4
345 346 19
346 347 33
347 348 12
348 349 2
349 350 8
350 351 20
351 352 23
352 353 13
353 354 25
354 355 17
355 356 27
356 357 3
357 358 29
358 359 9
359 360 5
360 361 9
361 362 23
362 363 1
363 364 20
364 365 21
365 366 6
366 367 25
367 368 21
368 369 26
369 370 25
370 371 20
371 372 5
372 373 26
373 374 17
374 375 19
375 376 31
376 377 13
377 378 16
378 379 27
379 380 15
380 381 8
381 382 18
382 383 10
383 384 33
384 385 33
385 386 21
386 387 24
387 388 8
388 389 5
389 390 16
390 391 20
391 392 25
392 393 22
393 394 16
394 395 14
395 396 21
396 397 22
397 398 26
398 399 14
399 400 3
400 401 13
401 402 3
402 403 12
403 404 7
404 405 21
405 406 16
406 407 18
407 408 29
408 409 7
409 410 20
410 411 13
411 412 5
412 413 6
413 414 21
414 415 2
415 416 1
416 417 19
417 418 24
418 419 5
419 420 21
420 421 19
421 422 26
422 423 2
423 424 16
424 425 3
425 426 17
426 427 18
427 428 29
428 429 26
429 430 12
430 431 21
431 432 27
432 433 33
433 434 4
434 435 25
435 436 29
436 437 26
437 438 24
438 439 29
439 440 29
440 441 30
441 442 3
442 443 10
443 444 28
444 445 15
445 446 30
446 447 30
447 448 8
448 449 21
449 450 27
450 451 21
451 452 3
452 453 33
453 454 7
454 455 14
455 456 7
456 457 9
457 458 2
458 459 10
459 460 16
460 461 18
461 462 16
462 463 16
463 464 7
464 465 20
465 466 27
466 467 8
467 468 22
468 469 19
469 470 8
470 471 16
471 472 27
472 473 23
473 474 28
474 475 28
475 476 1
476 477 24
477 478 3
478 479 10
479 480 16
480 481 25
481 482 16
482 483 27
483 484 17
484 485 8
485 486 23
486 487 24
487 488 29
488 489 26
489 490 2
490 491 23
491 492 25
492 493 25
493 494 3
494 495 8
495 496 31
496 497 11
497 498 12
498 499 25
499 500 23
500 3 15
3 4 32
4 5 4
5 6 32
6 7 23
7 8 21
8 9 7
9 10 13
10 11 22
11 12 25
12 13 32
13 14 25
14 15 28
15 16 31
16 17 14
17 18 8
18 19 5
19 20 32
20 21 30
21 22 16
22 23 5
23 24 14
24 25 24
25 26 31
26 27 21
27 28 21
28 29 30
29 30 1
30 31 33
31 32 17
32 33 29
33 34 2
34 35 33
35 36 13
36 37 10
37 38 31
38 39 25
39 40 30
40 41 16
41 42 15
42 43 17
43 44 22
44 45 33
45 46 27
46 47 21
47 48 7
48 49 25
49 50 4
50 51 28
51 52 29
52 53 3
53 54 11
54 55 8
55 56 3
56 57 16
57 58 29
58 59 26
59 60 10
60 61 10
61 62 13
62 63 21
63 64 24
64 65 13
65 66 8
66 67 10
67 68 6
68 69 25
69 70 7
70 71 25
71 72 23
72 73 16
73 74 6
74 75 32
75 76 30
76 77 28
77 78 6
78 79 16
79 80 3
80 81 13
81 82 1
82 83 9
83 84 8
84 85 20
85 86 15
86 87 22
87 88 20
88 89 1
89 90 16
90 91 28
91 92 18
92 93 18
93 94 6
94 95 18
95 96 5
96 97 14
97 98 32
98 99 5
99 100 2
100 101 9
101 102 1
102 103 19
103 104 31
104 105 12
105 106 5
106 107 33
107 108 33
108 109 18
109 110 9
110 111 14
111 112 29
112 113 10
113 114 6
114 115 20
115 116 5
116 117 28
117 118 18
118 119 29
119 120 19
120 121 3
121 122 23
122 123 32
123 124 3
124 125 7
125 126 15
126 127 16
127 128 9
128 129 27
129 130 25
130 131 24
131 132 33
132 133 6
133 134 5
134 135 33
135 136 5
136 137 27
137 138 32
138 139 27
139 140 21
140 141 24
141 142 26
142 143 15
143 144 25
144 145 29
145 146 2
146 147 32
147 148 1
148 149 12
149 150 28
150 151 21
151 152 33
152 153 6
153 154 22
154 155 27
155 156 30
156 157 25
157 158 2
158 159 17
159 160 28
160 161 19
161 162 8
162 163 17
163 164 28
164 165 18
165 166 1
166 167 1
167 168 31
168 169 5
169 170 22
170 171 15
171 172 13
172 173 33
173 174 29
174 175 22
175 176 33
176 177 20
177 178 12
178 179 6
179 180 2
180 181 15
181 182 6
182 183 5
183 184 28
184 185 23
185 186 1
186 187 2
187 188 24
188 189 28
189 190 18
190 191 18
191 192 11
192 193 27
193 194 32
194 195 22
195 196 20
196 197 24
197 198 2
198 199 32
199 200 32
200 201 9
201 202 23
202 203 30
203 204 25
204 205 25
205 206 28
206 207 6
207 208 17
208 209 1
209 210 29
210 211 18
211 212 20
212 213 21
213 214 23
214 215 4
215 216 1
216 217 5
217 218 6
218 219 24
219 220 26
220 221 28
221 222 6
222 223 15
223 224 4
224 225 9
225 226 2
226 227 7
227 228 23
228 229 14
229 230 8
230 231 26
231 232 20
232 233 6
233 234 24
234 235 28
235 236 33
236 237 33
237 238 11
238 239 29
239 240 33
240 241 33
241 242 10
242 243 13
243 244 24
244 245 31
245 246 21
246 247 21
247 248 33
248 249 17
249 250 9
250 251 23
251 252 18
252 253 26
253 254 13
254 255 19
255 256 24
256 257 20
257 258 15
258 259 33
259 260 25
260 261 2
261 262 30
262 263 3
263 264 10
264 265 15
265 266 26
266 267 11
267 268 9
268 269 10
269 270 3
270 271 2
271 272 1
272 273 27
273 274 21
274 275 26
275 276 30
276 277 31
277 278 4
278 279 32
279 280 32
280 281 16
281 282 17
282 283 15
283 284 21
284 285 28
285 286 7
286 287 24
287 288 30
288 289 31
289 290 10
290 291 7
291 292 16
292 293 33
293 294 20
294 295 23
295 296 6
296 297 2
297 298 17
298 299 26
299 300 21
300 301 22
301 302 22
302 303 10
303 304 20
304 305 3
305 306 19
306 307 11
307 308 4
308 309 29
309 310 14
310 311 10
311 312 22
312 313 5
313 314 5
314 315 13
315 316 8
316 317 1
317 318 13
318 319 15
319 320 10
320 321 7
321 322 28
322 323 17
323 324 1
324 325 12
325 326 11
326 327 25
327 328 13
328 329 6
329 330 33
330 331 23
331 332 12
332 333 8
333 334 6
334 335 9
335 336 16
336 337 14
337 338 16
338 339 25
339 340 9
340 341 15
341 342 4
342 343 19
343 344 16
344 345 22
345 346 33
346 347 6
347 348 23
348 349 31
349 350 16
350 351 8
351 352 1
352 353 25
353 354 13
354 355 22
355 356 8
356 357 2
357 358 7
358 359 21
359 360 15
360 361 32
361 362 33
362 363 30
363 364 22
364 365 3
365 366 5
366 367 11
367 368 30
368 369 10
369 370 15
370 371 10
371 372 21
372 373 29
373 374 13
374 375 30
375 376 12
376 377 18
377 378 28
378 379 3
379 380 4
380 381 32
381 382 25
382 383 13
383 384 20
384 385 17
385 386 24
386 387 23
387 388 6
388 389 27
389 390 16
390 391 3
391 392 19
392 393 28
393 394 7
394 395 31
395 396 26
396 397 15
397 398 7
398 399 8
399 400 7
400 401 7
401 402 25
402 403 20
403 404 24
404 405 5
405 406 13
406 407 33
407 408 20
408 409 20
409 410 6
410 411 18
411 412 5
412 413 18
413 414 25
414 415 29
415 416 21
416 417 28
417 418 21
418 419 21
419 420 10
420 421 17
421 422 25
422 423 18
423 424 9
424 425 1
425 426 19
426 427 23
427 428 32
428 429 2
429 430 24
430 431 2
431 432 11
432 433 27
433 434 22
434 435 13
435 436 19
436 437 10
437 438 26
438 439 21
439 440 3
440 441 14
441 442 18
442 443 14
443 444 18
444 445 4
445 446 30
446 447 1
447 448 30
448 449 1
449 450 14
450 451 7
451 452 9
452 453 32
453 454 21
454 455 29
455 456 31
456 457 5
457 458 5
458 459 18
459 460 17
460 461 19
461 462 8
462 463 28
463 464 32
464 465 15
465 466 11
466 467 32
467 468 27
468 469 8
469 470 9
470 471 27
471 472 17
472 473 19
473 474 8
474 475 9
475 476 32
476 477 1
477 478 27
478 479 30
479 480 27
480 481 17
481 482 29
482 483 26
483 484 18
484 485 5
485 486 9
486 487 32
487 488 16
488 489 6
489 490 14
490 491 13
491 492 2
492 493 28
493 494 12
494 495 24
495 496 11
496 497 17
497 498 8
498 499 8
499 500 11
500 3 24
3 4 17
4 5 27
5 6 8
6 7 3
7 8 10
8 9 5
9 10 19
10 11 15
11 12 11
12 13 16
13 14 3
14 15 3
15 16 8
16 17 27
17 18 29
18 19 10
19 20 33
20 21 23
21 22 10
22 23 4
23 24 11
24 25 31
25 26 10
26 27 27
27 28 29
28 29 27
29 30 24
30 31 1
31 32 5
32 33 6
33 34 13
34 35 10
35 36 20
36 37 4
37 38 21
38 39 1
39 40 12
40 41 14
41 42 22
42 43 18
43 44 33
44 45 23
45 46 3
46 47 24
47 48 32
48 49 15
49 50 33
50 51 25
51 52 16
52 53 14
53 54 17
54 55 27
55 56 11
56 57 10
57 58 9
58 59 33
59 60 27
60 61 12
61 62 9
62 63 19
63 64 26
64 65 12
65 66 18
66 67 19
67 68 5
68 69 20
69 70 25
70 71 17
71 72 24
72 73 16
73 74 17
74 75 8
75 76 20
76 77 17
77 78 17
78 79 15
79 80 9
80 81 30
81 82 22
82 83 10
83 84 31
84 85 3
85 86 1
86 87 4
87 88 13
88 89 20
89 90 28
90 91 15
91 92 7
92 93 32
93 94 8
94 95 21
95 96 24
96 97 20
97 98 6
98 99 2
99 100 19
100 101 25
101 102 8
102 103 30
103 104 33
104 105 29
105 106 3
106 107 19
107 108 18
108 109 18
109 110 16
110 111 23
111 112 14
112 113 30
113 114 10
114 115 20
115 116 5
116 117 24
117 118 33
118 119 18
119 120 17
120 121 2
121 122 14
122 123 7
123 124 31
124 125 5
125 126 2
126 127 18
127 128 29
128 129 15
129 130 25
130 131 5
131 132 25
132 133 27
133 134 32
134 135 23
135 136 8
136 137 26
137 138 3
138 139 33
139 140 2
140 141 13
141 142 28
142 143 11
143 144 11
144 145 14
145 146 15
146 147 13
147 148 8
148 149 2
149 150 33
150 151 13
151 152 14
152 153 1
153 154 11
154 155 18
155 156 5
156 157 9
157 158 27
158 159 2
159 160 16
160 161 22
161 162 15
162 163 19
163 164 33
164 165 3
165 166 1
166 167 14
167 168 17
168 169 7
169 170 30
170 171 9
171 172 21
172 173 25
173 174 21
174 175 17
175 176 23
176 177 3
177 178 8
178 179 20
179 180 18
180 181 28
181 182 18
182 183 23
183 184 17
184 185 1
185 186 10
186 187 25
187 188 27
188 189 1
189 190 25
190 191 30
191 192 33
192 193 6
193 194 26
194 195 32
195 196 13
196 197 1
197 198 31
198 199 28
199 200 27
200 201 32
201 202 10
202 203 6
203 204 7
204 205 4
205 206 26
206 207 16
207 208 10
208 209 19
209 210 10
210 211 7
211 212 6
212 213 9
213 214 3
214 215 30
215 216 10
216 217 14
217 218 11
218 219 24
219 220 18
220 221 7
221 222 12
222 223 30
223 224 5
224 225 10
225 226 8
226 227 19
227 228 2
228 229 5
229 230 15
230 231 14
231 232 33
232 233 27
233 234 17
234 235 12
235 236 12
236 237 11
237 238 9
238 239 5
239 240 21
240 241 30
241 242 27
242 243 22
243 244 5
244 245 1
245 246 20
246 247 13
247 248 13
248 249 1
249 250 31
250 251 2
251 252 18
252 253 1
253 254 9
254 255 5
255 256 22
256 257 6
257 258 21
258 259 2
259 260 15
260 261 28
261 262 26
262 263 20
263 264 18
264 265 17
265 266 30
266 267 22
267 268 21
268 269 2
269 270 8
270 271 5
271 272 30
272 273 28
273 274 3
274 275 24
275 276 3
276 277 9
277 278 10
278 279 3
279 280 29
280 281 23
281 282 23
282 283 23
283 284 16
284 285 15
285 286 14
286 287 7
287 288 12
288 289 17
289 290 25
290 291 20
291 292 32
292 293 5
293 294 5
294 295 20
295 296 31
296 297 4
297 298 14
298 299 23
299 300 31
300 301 32
301 302 13
302 303 6
303 304 20
304 305 17
305 306 9
306 307 10
307 308 29
308 309 5
309 310 29
310 311 26
311 312 28
312 313 7
313 314 6
314 315 2
315 316 7
316 317 3
317 318 33
318 319 25
319 320 6
320 321 31
321 322 19
322 323 32
323 324 12
324 325 4
325 326 30
326 327 20
327 328 23
328 329 19
329 330 29
330 331 18
331 332 30
332 333 23
333 334 21
334 335 30
335 336 6
336 337 26
337 338 29
338 339 19
339 340 33
340 341 25
341 342 25
342 343 22
343 344 9
344 345 1
345 346 4
346 347 5
347 348 25
348 349 31
349 350 18
350 351 8
351 352 1
352 353 23
353 354 24
354 355 23
355 356 18
356 357 28
357 358 32
358 359 2
359 360 22
360 361 15
361 362 27
362 363 23
363 364 11
364 365 26
365 366 31
366 367 4
367 368 19
368 369 18
369 370 27
370 371 29
371 372 2
372 373 3
373 374 33
374 375 9
375 376 15
376 377 31
377 378 7
378 379 9
379 380 25
380 381 20
381 382 20
382 383 13
383 384 10
384 385 7
385 386 26
386 387 22
387 388 20
388 389 27
389 390 17
390 391 31
391 392 5
392 393 1
393 394 2
394 395 23
395 396 26
396 397 7
397 398 1
398 399 1
399 400 15
400 401 4
401 402 16
402 403 7
403 404 4
404 405 19
405 406 16
406 407 31
407 408 4
408 409 19
409 410 26
410 411 3
411 412 23
412 413 26
413 414 17
414 415 25
415 416 16
416 417 13
417 418 21
418 419 17
419 420 17
420 421 5
421 422 29
422 423 20
423 424 25
424 425 18
425 426 24
426 427 20
427 428 21
428 429 1
429 430 29
430 431 6
431 432 26
432 433 14
433 434 16
434 435 32
435 436 9
436 437 20
437 438 23
438 439 8
439 440 18
440 441 9
441 442 20
442 443 28
443 444 4
444 445 9
445 446 30
446 447 6
447 448 7
448 449 9
449 450 18
450 451 7
451 452 22
452 453 11
453 454 5
454 455 10
455 456 9
456 457 5
457 458 18
458 459 26
459 460 23
460 461 1
461 462 23
462 463 9
463 464 29
464 465 17
465 466 12
466 467 32
467 468 16
468 469 29
469 470 3
470 471 18
471 472 24
472 473 5
473 474 8
474 475 30
475 476 27
476 477 12
477 478 2
478 479 12
479 480 20
480 481 8
481 482 10
482 483 14
483 484 26
484 485 26
485 486 1
486 487 25
487 488 10
488 489 3
489 490 26
490 491 6
491 492 6
492 493 1
493 494 15
494 495 22
495 496 32
496 497 4
497 498 19
498 499 3
499 500 32
500 3 23
3 4 19
4 5 14
5 6 26
6 7 18
7 8 11
8 9 30
9 10 17
10 11 3
11 12 15
12 13 28
13 14 8
14 15 27
15 16 32
16 17 11
17 18 7
18 19 23
19 20 4
20 21 1
21 22 19
22 23 25
23 24 8
24 25 28
25 26 10
26 27 4
27 28 25
28 29 25
29 30 25
30 31 13
31 32 27
32 33 28
33 34 16
34 35 9
35 36 20
36 37 11
37 38 17
38 39 31
39 40 29
40 41 21
41 42 10
42 43 10
43 44 13
44 45 17
45 46 5
46 47 2
47 48 5
48 49 24
49 50 5
50 51 28
51 52 8
52 53 15
53 54 16
54 55 21
55 56 15
56 57 11
57 58 19
58 59 13
59 60 23
60 61 5
61 62 7
62 63 33
63 64 13
64 65 30
65 66 21
66 67 9
67 68 27
68 69 31
69 70 6
70 71 7
71 72 20
72 73 11
73 74 17
74 75 28
75 76 11
76 77 4
77 78 14
78 79 20
79 80 20
80 81 20
81 82 3
82 83 14
83 84 12
84 85 30
85 86 33
86 87 19
87 88 23
88 89 28
89 90 26
90 91 20
91 92 24
92 93 30
93 94 26
94 95 22
95 96 26
96 97 6
97 98 12
98 99 14
99 100 21
100 101 5
101 102 9
102 103 28
103 104 13
104 105 17
105 106 27
106 107 23
107 108 2
108 109 4
109 110 15
110 111 21
111 112 20
112 113 28
113 114 7
114 115 23
115 116 32
116 117 10
117 118 23
118 119 3
119 120 16
120 121 18
121 122 25
122 123 23
123 124 30
124 125 22
125 126 32
126 127 11
127 128 24
128 129 5
129 130 17
130 131 15
131 132 32
132 133 7
133 134 14
134 135 28
135 136 17
136 137 19
137 138 23
138 139 17
139 140 19
140 141 11
141 142 11
142 143 21
143 144 8
144 145 24
145 146 14
146 147 22
147 148 33
148 149 18
149 150 27
150 151 27
151 152 11
152 153 19
153 154 5
154 155 14
155 156 27
156 157 5
157 158 2
158 159 14
159 160 14
160 161 19
161 162 11
162 163 18
163 164 14
164 165 3
165 166 32
166 167 20
167 168 15
168 169 14
169 170 2
170 171 30
171 172 8
172 173 14
173 174 17
174 175 27
175 176 7
176 177 32
177 178 6
178 179 6
179 180 31
180 181 8
181 182 20
182 183 6
183 184 3
184 185 23
185 186 6
186 187 28
187 188 3
188 189 16
189 190 25
190 191 31
191 192 22
192 193 30
193 194 3
194 195 17
195 196 12
196 197 30
197 198 21
198 199 25
199 200 31
200 201 5
201 202 13
202 203 6
203 204 6
204 205 28
205 206 9
206 207 27
207 208 26
208 209 24
209 210 7
210 211 4
211 212 18
212 213 21
213 214 32
214 215 11
215 216 13
216 217 3
217 218 15
218 219 14
219 220 26
220 221 19
221 222 3
222 223 25
223 224 6
224 225 3
225 226 29
226 227 20
227 228 28
228 229 1
229 230 33
230 231 30
231 232 6
232 233 29
233 234 18
234 235 20
235 236 15
236 237 20
237 238 10
238 239 14
239 240 26
240 241 6
241 242 27
242 243 10
243 244 1
244 245 1
245 246 29
246 247 3
247 248 32
248 249 30
249 250 17
250 251 16
251 252 11
252 253 18
253 254 14
254 255 26
255 256 14
256 257 18
257 258 4
258 259 25
259 260 6
260 261 26
261 262 14
262 263 21
263 264 28
264 265 13
265 266 32
266 267 9
267 268 5
268 269 26
269 270 25
270 271 29
271 272 30
272 273 2
273 274 15
274 275 18
275 276 12
276 277 33
277 278 26
278 279 10
279 280 32
280 281 25
281 282 13
282 283 31
283 284 10
284 285 17
285 286 5
286 287 2
287 288 30
288 289 2
289 290 23
290 291 13
291 292 9
292 293 27
293 294 6
294 295 3
295 296 31
296 297 17
297 298 29
298 299 32
299 300 26
300 301 3
301 302 6
302 303 31
303 304 27
304 305 17
305 306 16
306 307 14
307 308 15
308 309 30
309 310 4
310 311 14
311 312 9
312 313 26
313 314 27
314 315 13
315 316 11
316 317 31
317 318 24
318 319 10
319 320 18
320 321 16
321 322 8
322 323 8
323 324 11
324 325 27
325 326 14
326 327 31
327 328 1
328 329 12
329 330 24
330 331 19
331 332 10
332 333 27
333 334 17
334 335 33
335 336 17
336 337 5
337 338 8
338 339 32
339 340 25
340 341 7
341 342 28
342 343 27
343 344 31
344 345 13
345 346 3
346 347 25
347 348 31
348 349 17
349 350 10
350 351 2
351 352 7
352 353 19
353 354 14
354 355 9
355 356 32
356 357 27
357 358 20
358 359 29
359 360 4
360 361 23
361 362 33
362 363 19
363 364 26
364 365 14
365 366 22
366 367 14
367 368 14
368 369 26
369 370 4
370 371 8
371 372 9
372 373 12
373 374 18
374 375 28
375 376 2
376 377 28
377 378 25
378 379 7
379 380 5
380 381 14
381 382 23
382 383 14
383 384 21
384 385 24
385 386 2
386 387 17
387 388 21
388 389 27
389 390 20
390 391 28
391 392 30
392 393 13
393 394 2
394 395 21
395 396 8
396 397 32
397 398 27
398 399 20
399 400 11
400 401 17
401 402 33
402 403 20
403 404 33
404 405 29
405 406 10
406 407 20
407 408 15
408 409 23
409 410 26
410 411 15
411 412 4
412 413 8
413 414 15
414 415 30
415 416 5
416 417 27
417 418 24
418 419 10
419 420 21
420 421 3
421 422 4
422 423 24
423 424 8
424 425 18
425 426 33
426 427 30
427 428 21
428 429 10
429 430 9
430 431 11
431 432 19
432 433 20
433 434 2
434 435 12
435 436 11
436 437 18
437 438 9
438 439 16
439 440 21
440 441 24
441 442 22
442 443 13
443 444 27
444 445 13
445 446 29
446 447 19
447 448 23
448 449 25
449 450 11
450 451 26
451 452 20
452 453 29
453 454 13
454 455 25
455 456 6
456 457 6
457 458 21
458 459 11
459 460 16
460 461 8
461 462 17
462 463 6
463 464 33
464 465 20
465 466 26
466 467 8
467 468 15
468 469 11
469 470 8
470 471 25
471 472 6
472 473 20
473 474 24
474 475 33
475 476 28
476 477 21
477 478 20
478 479 17
479 480 29
480 481 18
481 482 20
482 483 11
483 484 2
484 485 15
485 486 2
486 487 4
487 488 5
488 489 2
489 490 5
490 491 18
491 492 31
492 493 29
493 494 3
494 495 22
495 496 23
496 497 26
497 498 4
498 499 31
499 500 30
500 3 19
3 4 22
4 5 5
5 6 1
6 7 9
7 8 29
8 9 22
9 10 14
10 11 24
11 12 32
12 13 5
13 14 23
14 15 11
15 16 9
16 17 12
17 18 13
18 19 12
19 20 1
20 21 9
21 22 5
22 23 15
23 24 21
24 25 13
25 26 18
26 27 31
27 28 22
28 29 24
29 30 23
30 31 5
31 32 5
32 33 4
33 34 20
34 35 11
35 36 26
36 37 15
37 38 4
38 39 22
39 40 31
40 41 22
41 42 29
42 43 24
43 44 12
44 45 3
45 46 8
46 47 6
47 48 1
48 49 9
49 50 19
50 51 20
51 52 30
52 53 23
53 54 24
54 55 28
55 56 8
56 57 1
57 58 22
58 59 11
59 60 24
60 61 9
61 62 10
62 63 19
63 64 3
64 65 18
65 66 2
66 67 10
67 68 26
68 69 25
69 70 10
70 71 20
71 72 17
72 73 10
73 74 18
74 75 30
75 76 3
76 77 14
77 78 18
78 79 28
79 80 29
80 81 7
81 82 29
82 83 33
83 84 32
84 85 25
85 86 19
86 87 14
87 88 5
88 89 21
89 90 19
90 91 15
91 92 11
92 93 32
93 94 25
94 95 2
95 96 2
96 97 10
97 98 11
98 99 33
99 100 31
100 101 18
101 102 23
102 103 25
103 104 10
104 105 3
105 106 4
106 107 29
107 108 14
108 109 4
109 110 32
110 111 13
111 112 22
112 113 11
113 114 18
114 115 8
115 116 7
116 117 32
117 118 30
118 119 32
119 120 32
120 121 12
121 122 11
122 123 10
123 124 24
124 125 18
125 126 14
126 127 7
127 128 32
128 129 7
129 130 29
130 131 25
131 132 19
132 133 1
133 134 32
134 135 14
135 136 22
136 137 26
137 138 10
138 139 8
139 140 17
140 141 4
141 142 1
142 143 12
143 144 29
144 145 15
145 146 28
146 147 33
147 148 31
148 149 18
149 150 10
150 151 9
151 152 24
152 153 23
153 154 28
154 155 28
155 156 13
156 157 29
157 158 31
158 159 26
159 160 3
160 161 22
161 162 9
162 163 7
163 164 19
164 165 17
165 166 32
166 167 10
167 168 6
168 169 6
169 170 23
170 171 16
171 172 18
172 173 21
173 174 7
174 175 33
175 176 22
176 177 33
177 178 22
178 179 31
179 180 23
180 181 29
181 182 19
182 183 21
183 184 7
184 185 11
185 186 29
186 187 22
187 188 3
188 189 26
189 190 6
190 191 15
191 192 17
192 193 29
193 194 26
194 195 9
195 196 5
196 197 7
197 198 23
198 199 6
199 200 26
200 201 28
201 202 29
202 203 29
203 204 5
204 205 16
205 206 19
206 207 10
207 208 21
208 209 14
209 210 22
210 211 19
211 212 12
212 213 4
213 214 14
214 215 8
215 216 26
216 217 23
217 218 21
218 219 3
219 220 20
220 221 19
221 222 33
222 223 29
223 224 7
224 225 15
225 226 33
226 227 15
227 228 10
228 229 33
229 230 9
230 231 29
231 232 13
232 233 9
233 234 27
234 235 25
235 236 16
236 237 21
237 238 30
238 239 30
239 240 23
240 241 4
241 242 7
242 243 11
243 244 25
244 245 10
245 246 22
246 247 3
247 248 31
248 249 33
249 250 9
250 251 20
251 252 31
252 253 23
253 254 1
254 255 24
255 256 10
256 257 19
257 258 6
258 259 15
259 260 18
260 261 3
261 262 6
262 263 24
263 264 28
264 265 30
265 266 26
266 267 7
267 268 31
268 269 13
269 270 1
270 271 21
271 272 33
272 273 28
273 274 27
274 275 9
275 276 7
276 277 15
277 278 1
278 279 27
279 280 31
280 281 8
281 282 4
282 283 8
283 284 23
284 285 22
285 286 5
286 287 10
287 288 8
288 289 25
289 290 3
290 291 23
291 292 12
292 293 18
293 294 20
294 295 22
295 296 15
296 297 6
297 298 9
298 299 7
299 300 18
300 301 15
301 302 28
302 303 7
303 304 20
304 305 31
305 306 15
306 307 30
307 308 17
308 309 31
309 310 20
310 311 33
311 312 20
312 313 32
313 314 1
314 315 28
315 316 7
316 317 19
317 318 4
318 319 30
319 320 24
320 321 6
321 322 21
322 323 10
323 324 19
324 325 1
325 326 31
326 327 20
327 328 26
328 329 24
329 330 15
330 331 29
331 332 30
332 333 14
333 334 2
334 335 26
335 336 15
336 337 29
337 338 8
338 339 23
339 340 33
340 341 28
341 342 19
342 343 9
343 344 21
344 345 24
345 346 10
346 347 4
347 348 7
348 349 24
349 350 20
350 351 20
351 352 20
352 353 4
353 354 33
354 355 18
355 356 4
356 357 18
357 358 20
358 359 10
359 360 11
360 361 22
361 362 24
362 363 20
363 364 6
364 365 30
365 366 9
366 367 16
367 368 16
368 369 9
369 370 1
370 371 31
371 372 8
372 373 17
373 374 14
374 375 9
375 376 22
376 377 21
377 378 30
378 379 26
379 380 3
380 381 6
381 382 5
382 383 8
383 384 22
384 385 13
385 386 8
386 387 21
387 388 16
388 389 3
389 390 4
390 391 2
391 392 3
392 393 32
393 394 27
394 395 6
395 396 23
396 397 18
397 398 5
398 399 12
399 400 20
400 401 20
401 402 7
402 403 17
403 404 31
404 405 1
405 406 32
406 407 25
407 408 3
408 409 4
409 410 21
410 411 6
411 412 13
412 413 9
413 414 14
414 415 13
415 416 15
416 417 20
417 418 32
418 419 13
419 420 3
420 421 31
421 422 30
422 423 28
423 424 18
424 425 18
425 426 28
426 427 15
427 428 21
428 429 3
429 430 30
430 431 23
431 432 17
432 433 22
433 434 25
434 435 27
435 436 1
436 437 4
437 438 14
438 439 22
439 440 8
440 441 19
441 442 14
442 443 32
443 444 24
444 445 26
445 446 15
446 447 3
447 448 14
448 449 11
449 450 13
450 451 5
451 452 26
452 453 13
453 454 6
454 455 22
455 456 24
456 457 31
457 458 8
458 459 21
459 460 3
460 461 9
461 462 31
462 463 28
463 464 22
464 465 25
465 466 19
466 467 20
467 468 17
468 469 20
469 470 3
470 471 19
471 472 12
472 473 17
473 474 32
474 475 5
475 476 11
476 477 24
477 478 21
478 479 11
479 480 33
480 481 2
481 482 20
482 483 12
483 484 20
484 485 33
485 486 8
486 487 1
487 488 17
488 489 1
489 490 13
490 491 27
491 492 5
492 493 23
493 494 1
494 495 29
495 496 7
496 497 12
497 498 14
498 499 21
499 500 30
500 3 24
3 4 4
4 5 33
5 6 27
6 7 8
7 8 3
8 9 23
9 10 18
10 11 21
11 12 3
12 13 7
13 14 32
14 15 8
15 16 16
16 17 6
17 18 25
18 19 22
19 20 26
20 21 26
21 22 18
22 23 29
23 24 29
24 25 9
25 26 5
26 27 11
27 28 23
28 29 1
29 30 17
30 31 12
31 32 23
32 33 22
33 34 17
34 35 11
35 36 22
36 37 28
37 38 9
38 39 11
39 40 2
40 41 24
41 42 7
42 43 22
43 44 29
44 45 10
45 46 1
46 47 22
47 48 20
48 49 30
49 50 30
50 51 8
51 52 6
52 53 6
53 54 8
54 55 3
55 56 9
56 57 33
57 58 9
58 59 6
59 60 12
60 61 25
61 62 8
62 63 5
63 64 3
64 65 17
65 66 7
66 67 31
67 68 32
68 69 27
69 70 18
70 71 23
71 72 6
72 73 30
73 74 12
74 75 2
75 76 11
76 77 21
77 78 26
78 79 25
79 80 18
80 81 13
81 82 2
82 83 28
83 84 32
84 85 10
85 86 14
86 87 26
87 88 27
88 89 16
89 90 12
90 91 14
91 92 24
92 93 27
93 94 4
94 95 6
95 96 14
96 97 7
97 98 13
98 99 10
99 100 25
100 101 23
101 102 21
102 103 15
103 104 32
104 105 22
105 106 24
106 107 26
107 108 12
108 109 12
109 110 6
110 111 29
111 112 7
112 113 33
113 114 24
114 115 11
115 116 23
116 117 12
117 118 24
118 119 3
119 120 8
120 121 28
121 122 28
122 123 15
123 124 21
124 125 30
125 126 7
126 127 13
127 128 6
128 129 19
129 130 10
130 131 12
131 132 23
132 133 33
133 134 3
134 135 21
135 136 18
136 137 3
137 138 23
138 139 18
139 140 25
140 141 30
141 142 6
142 143 3
143 144 16
144 145 19
145 146 17
146 147 21
147 148 12
148 149 6
149 150 17
150 151 13
151 152 24
152 153 18
153 154 32
154 155 9
155 156 26
156 157 16
157 158 13
158 159 5
159 160 12
160 161 4
161 162 4
162 163 9
163 164 19
164 165 33
165 166 29
166 167 3
167 168 3
168 169 29
169 170 2
170 171 23
171 172 30
172 173 30
173 174 2
174 175 2
175 176 7
176 177 12
177 178 27
178 179 9
179 180 32
180 181 13
181 182 22
182 183 5
183 184 10
184 185 5
185 186 13
186 187 14
187 188 12
188 189 8
189 190 29
190 191 23
191 192 5
192 193 6
193 194 19
194 195 16
195 196 18
196 197 9
197 198 31
198 199 4
199 200 32
200 201 6
201 202 32
202 203 2
203 204 17
204 205 22
205 206 27
206 207 21
207 208 3
208 209 12
209 210 29
210 211 26
211 212 30
212 213 8
213 214 21
214 215 25
215 216 12
216 217 30
217 218 8
218 219 11
219 220 29
220 221 20
221 222 7
222 223 24
223 224 14
224 225 32
225 226 14
226 227 5
227 228 12
228 229 3
229 230 23
230 231 8
231 232 22
232 233 31
233 234 12
234 235 1
235 236 15
236 237 29
237 238 12
238 239 20
239 240 30
240 241 20
241 242 21
242 243 33
243 244 31
244 245 30
245 246 4
246 247 28
247 248 17
248 249 20
249 250 25
250 251 28
251 252 33
252 253 29
253 254 13
254 255 4
255 256 17
256 257 5
257 258 26
258 259 27
259 260 20
260 261 3
261 262 26
262 263 17
263 264 8
264 265 2
265 266 25
266 267 20
267 268 1
268 269 16
269 270 33
270 271 26
271 272 12
272 273 31
273 274 2
274 275 27
275 276 7
276 277 9
277 278 1
278 279 2
279 280 21
280 281 30
281 282 33
282 283 31
283 284 15
284 285 3
285 286 28
286 287 23
287 288 6
288 289 10
289 290 12
290 291 17
291 292 3
292 293 3
293 294 9
294 295 16
295 296 17
296 297 2
297 298 13
298 299 17
299 300 23
300 301 1
301 302 15
302 303 1
303 304 13
304 305 27
305 306 15
306 307 7
307 308 9
308 309 12
309 310 21
310 311 11
311 312 23
312 313 5
313 314 4
314 315 21
315 316 26
316 317 26
317 318 24
318 319 12
319 320 29
320 321 14
321 322 24
322 323 24
323 324 19
324 325 1
325 326 14
326 327 24
327 328 13
328 329 26
329 330 27
330 331 6
331 332 14
332 333 21
333 334 24
334 335 20
335 336 24
336 337 17
337 338 10
338 339 7
339 340 1
340 341 32
341 342 4
342 343 8
343 344 21
344 345 20
345 346 15
346 347 24
347 348 31
348 349 12
349 350 27
350 351 4
351 352 5
352 353 1
353 354 28
354 355 24
355 356 9
356 357 17
357 358 21
358 359 19
359 360 24
360 361 32
361 362 9
362 363 17
363 364 17
364 365 14
365 366 12
366 367 30
367 368 12
368 369 11
369 370 33
370 371 9
371 372 5
372 373 4
373 374 2
374 375 16
375 376 21
376 377 33
377 378 13
378 379 22
379 380 25
380 381 24
381 382 10
382 383 17
383 384 23
384 385 31
385 386 12
386 387 10
387 388 29
388 389 16
389 390 8
390 391 28
391 392 5
392 393 13
393 394 14
394 395 4
395 396 32
396 397 9
397 398 5
398 399 16
399 400 33
400 401 9
401 402 30
402 403 3
403 404 14
404 405 17
405 406 16
406 407 12
407 408 17
408 409 14
409 410 21
410 411 13
411 412 3
412 413 28
413 414 6
414 415 19
415 416 11
416 417 3
417 418 24
418 419 2
419 420 20
420 421 12
421 422 18
422 423 14
423 424 6
424 425 20
425 426 5
426 427 13
427 428 5
428 429 8
429 430 6
430 431 21
431 432 31
432 433 17
433 434 12
434 435 20
435 436 20
436 437 22
437 438 25
438 439 30
439 440 11
440 441 19
441 442 31
442 443 4
443 444 28
444 445 27
445 446 21
446 447 33
447 448 15
448 449 25
449 450 24
450 451 26
451 452 18
452 453 3
453 454 29
454 455 14
455 456 29
456 457 26
457 458 16
458 459 7
459 460 20
460 461 3
461 462 22
462 463 16
463 464 11
464 465 33
465 466 29
466 467 3
467 468 3
468 469 3
469 470 16
470 471 18
471 472 2
472 473 15
473 474 21
474 475 11
475 476 20
476 477 6
477 478 16
478 479 16
479 480 16
480 481 29
481 482 3
482 483 10
483 484 22
484 485 13
485 486 29
486 487 8
487 488 12
488 489 27
489 490 30
490 491 18
491 492 7
492 493 6
493 494 28
494 495 26
495 496 8
496 497 25
497 498 13
498 499 31
499 500 15
500 3 8
3 4 15
4 5 28
5 6 3
6 7 5
7 8 2
8 9 26
9 10 25
10 11 22
11 12 10
12 13 4
13 14 15
14 15 8
15 16 21
16 17 21
17 18 9
18 19 32
19 20 7
20 21 7
21 22 21
22 23 10
23 24 26
24 25 8
25 26 13
26 27 22
27 28 16
28 29 5
29 30 10
30 31 5
31 32 9
32 33 1
33 34 5
34 35 1
35 36 11
36 37 9
37 38 25
38 39 17
39 40 15
40 41 6
41 42 4
42 43 16
43 44 1
44 45 2
45 46 21
46 47 25
47 48 24
48 49 30
49 50 11
50 51 27
51 52 29
52 53 13
53 54 10
54 55 8
55 56 11
56 57 1
57 58 9
58 59 25
59 60 10
60 61 22
61 62 21
62 63 5
63 64 7
64 65 16
65 66 19
66 67 8
67 68 27
68 69 1
69 70 10
70 71 22
71 72 21
72 73 8
73 74 32
74 75 16
75 76 27
76 77 33
77 78 16
78 79 7
79 80 25
80 81 24
81 82 33
82 83 20
83 84 1
84 85 2
85 86 14
86 87 15
87 88 10
88 89 30
89 90 31
90 91 19
91 92 8
92 93 7
93 94 3
94 95 32
95 96 24
96 97 19
97 98 31
98 99 18
99 100 27
100 101 1
101 102 24
102 103 27
103 104 21
104 105 32
105 106 6
106 107 1
107 108 31
108 109 28
109 110 20
110 111 16
111 112 31
112 113 30
113 114 3
114 115 2
115 116 19
116 117 15
117 118 14
118 119 14
119 120 1
120 121 33
121 122 1
122 123 27
123 124 30
124 125 25
125 126 5
126 127 8
127 128 7
128 129 12
129 130 24
130 131 4
131 132 19
132 133 29
133 134 22
134 135 14
135 136 14
136 137 11
137 138 31
138 139 22
139 140 17
140 141 31
141 142 32
142 143 9
143 144 20
144 145 2
145 146 15
146 147 1
147 148 11
148 149 8
149 150 1
150 151 17
151 152 13
152 153 1
153 154 29
154 155 4
155 156 9
156 157 9
157 158 6
158 159 10
159 160 18
160 161 25
161 162 24
162 163 17
163 164 9
164 165 29
165 166 5
166 167 19
167 168 18
168 169 5
169 170 24
170 171 27
171 172 9
172 173 20
173 174 22
174 175 24
175 176 23
176 177 22
177 178 1
178 179 30
179 180 3
180 181 31
181 182 29
182 183 16
183 184 21
184 185 21
185 186 7
186 187 4
187 188 32
188 189 6
189 190 12
190 191 32
191 192 30
192 193 22
193 194 13
194 195 33
195 196 32
196 197 21
197 198 4
198 199 14
199 200 27
200 201 1
201 202 27
202 203 2
203 204 3
204 205 21
205 206 11
206 207 6
207 208 30
208 209 15
209 210 15
210 211 18
211 212 20
212 213 18
213 214 14
214 215 5
215 216 29
216 217 21
217 218 19
218 219 8
219 220 29
220 221 4
221 222 18
222 223 3
223 224 4
224 225 14
225 226 10
226 227 3
227 228 4
228 229 11
229 230 20
230 231 11
231 232 1
232 233 27
233 234 10
234 235 31
235 236 12
236 237 27
237 238 32
238 239 7
239 240 32
240 241 29
241 242 6
242 243 29
243 244 24
244 245 33
245 246 16
246 247 11
247 248 31
248 249 12
249 250 23
250 251 32
251 252 12
252 253 9
253 254 18
254 255 28
255 256 33
256 257 2
257 258 31
258 259 30
259 260 32
260 261 18
261 262 12
262 263 27
263 264 32
264 265 25
265 266 10
266 267 17
267 268 10
268 269 21
269 270 30
270 271 30
271 272 28
272 273 19
273 274 6
274 275 33
275 276 14
276 277 21
277 278 23
278 279 8
279 280 28
280 281 20
281 282 17
282 283 18
283 284 4
284 285 4
285 286 18
286 287 18
287 288 9
288 289 28
289 290 16
290 291 19
291 292 14
292 293 18
293 294 2
294 295 9
295 296 10
296 297 20
297 298 19
298 299 33
299 300 2
300 301 27
301 302 4
302 303 3
303 304 33
304 305 4
305 306 3
306 307 13
307 308 4
308 309 3
309 310 12
310 311 14
311 312 28
312 313 14
313 314 8
314 315 22
315 316 22
316 317 19
317 318 18
318 319 26
319 320 23
320 321 24
321 322 22
322 323 28
323 324 33
324 325 11
325 326 10
326 327 11
327 328 7
328 329 22
329 330 23
330 331 25
331 332 17
332 333 29
333 334 10
334 335 27
335 336 25
336 337 11
337 338 15
338 339 26
339 340 10
340 341 23
341 342 32
342 343 19
343 344 25
344 345 25
345 346 28
346 347 22
347 348 11
348 349 27
349 350 31
350 351 23
351 352 6
352 353 8
353 354 8
354 355 2
355 356 27
356 357 17
357 358 14
358 359 22
359 360 27
360 361 23
361 362 1
362 363 21
363 364 4
364 365 8
365 366 2
366 367 22
367 368 28
368 369 22
369 370 9
370 371 3
371 372 18
372 373 10
373 374 32
374 375 32
375 376 31
376 377 17
377 378 8
378 379 14
379 380 22
380 381 27
381 382 33
382 383 16
383 384 27
384 385 24
385 386 2
386 387 21
387 388 2
388 389 14
389 390 18
390 391 13
391 392 20
392 393 20
393 394 1
394 395 20
395 396 28
396 397 11
397 398 25
398 399 25
399 400 32
400 401 11
401 402 20
402 403 32
403 404 6
404 405 28
405 406 8
406 407 25
407 408 27
408 409 13
409 410 16
410 411 13
411 412 4
412 413 2
413 414 7
414 415 10
415 416 13
416 417 33
417 418 33
418 419 2
419 420 21
420 421 26
421 422 2
422 423 14
423 424 6
424 425 7
425 426 17
426 427 33
427 428 32
428 429 7
429 430 22
430 431 5
431 432 10
432 433 26
433 434 22
434 435 22
435 436 18
436 437 1
437 438 25
438 439 27
439 440 15
440 441 18
441 442 17
442 443 33
443 444 6
444 445 17
445 446 27
446 447 17
447 448 6
448 449 21
449 450 24
450 451 19
451 452 5
452 453 32
453 454 3
454 455 29
455 456 5
456 457 2
457 458 12
458 459 7
459 460 9
460 461 17
461 462 30
462 463 25
463 464 24
464 465 25
465 466 21
466 467 7
467 468 16
468 469 13
469 470 9
470 471 5
471 472 18
472 473 29
473 474 25
474 475 12
475 476 4
476 477 11
477 478 10
478 479 1
479 480 16
480 481 10
481 482 18
482 483 13
483 484 27
484 485 6
485 486 19
486 487 26
487 488 20
488 489 19
489 490 23
490 491 4
491 492 13
492 493 9
493 494 29
494 495 2
495 496 10
496 497 32
497 498 5
498 499 6
499 500 29
500 3 15
3 4 4
4 5 15
5 6 13
6 7 28
7 8 11
8 9 33
9 10 1
10 11 9
11 12 6
12 13 29
13 14 2
14 15 25
15 16 30
16 17 13
17 18 32
18 19 31
19 20 32
1 2
