500 5000
148 409 9314
299 250 12169
226 29 10046
51 306 25770
130 406 6964
238 352 24654
84 21 12275
469 284 21097
431 8 22117
429 65 20666
479 93 23557
170 250 20572
356 295 9950
50 466 27050
112 206 24319
16 131 10777
129 210 29908
47 376 24578
356 221 9880
334 265 12968
450 24 11237
3 231 7527
500 34 3203
132 279 10363
469 347 14481
335 99 29104
316 322 8851
416 466 25572
267 211 1292
19 332 15696
360 451 19238
371 451 14904
84 335 22393
155 447 10392
50 265 11765
274 58 3739
128 348 1039
337 460 13783
178 57 2939
165 428 24719
456 346 6819
368 37 7467
150 180 23073
392 36 27958
23 294 2149
44 426 3256
367 362 2651
298 405 29982
126 392 1283
311 277 28545
291 421 18956
430 432 25643
92 189 29211
247 73 25812
347 204 9064
280 363 4694
193 303 25262
432 34 11715
465 187 12774
180 80 2277
386 266 23775
416 453 8757
163 318 6602
130 487 13
95 126 21670
81 86 19994
228 291 17392
421 419 11937
413 66 269
375 299 24743
129 66 11683
66 102 6977
164 416 6208
454 353 10768
491 96 24378
189 330 17207
462 72 23787
453 268 5901
3 316 7855
97 154 8593
468 448 8597
196 407 19591
335 99 75
451 494 28443
209 233 9768
287 470 22322
199 489 17808
23 208 11296
435 318 15687
161 273 8380
361 174 18555
181 292 12436
107 409 5529
286 280 14943
20 249 12264
349 488 25796
256 467 6432
329 494 7962
69 475 21439
346 229 20429
53 212 23686
249 425 2783
437 358 15731
89 442 27288
69 101 18748
370 497 15014
269 485 14600
302 394 25529
336 259 27452
138 360 14568
382 187 19150
494 345 15047
422 21 8246
379 224 3375
23 235 11732
83 449 9479
375 326 7798
10 419 14726
89 377 29396
173 423 21382
24 356 8829
258 55 19719
120 167 24804
116 150 28809
224 416 2496
104 248 3761
451 162 15676
126 18 9992
275 208 25183
253 7 3624
82 163 11384
320 394 20370
373 227 27042
84 25 22993
421 348 22779
186 279 23665
68 197 17126
153 213 21998
195 219 18834
133 309 6230
317 24 7450
437 455 3686
436 444 1222
359 388 11380
386 417 5842
143 190 17896
83 289 15390
429 366 7951
418 428 14910
30 47 539
374 456 14257
76 310 24763
175 296 1982
309 378 3695
301 276 8104
345 20 248
37 100 22342
322 175 29558
49 328 11759
352 84 3933
490 361 25646
310 467 8654
468 177 27675
25 393 24010
457 338 22807
233 420 20308
223 49 10989
351 139 22712
440 413 8245
191 3 20855
427 395 10148
252 478 8706
85 74 29804
165 188 2525
165 409 24226
350 139 3222
393 106 26219
367 279 13503
440 198 25481
2 382 24157
425 287 19436
186 118 17115
230 417 3287
119 369 9839
481 430 26657
254 497 25613
407 335 13003
395 90 1697
352 313 24452
367 264 21530
474 370 10903
205 142 12544
376 105 4764
58 225 27070
124 316 13730
58 275 4693
147 63 20168
272 62 29508
302 78 18991
115 243 19629
348 376 3224
224 126 18061
67 338 29574
390 124 28449
324 156 22258
112 76 5200
142 255 23786
415 400 9794
106 224 23430
37 469 2882
215 372 19408
232 206 19487
243 441 6421
45 26 21657
151 53 27850
230 294 23606
424 466 28587
381 425 18125
389 409 2019
454 368 24194
487 445 9927
143 99 23711
460 260 8965
151 90 24343
38 279 8697
155 141 5234
142 357 25933
431 158 16854
40 212 25032
8 39 5217
441 153 25888
48 8 8207
337 124 17406
341 99 7440
163 98 6116
442 288 7047
232 55 14272
47 21 671
9 6 10995
291 418 3913
323 67 744
236 249 1068
222 201 27538
464 118 6426
473 217 17633
400 299 11210
454 257 29784
374 474 21654
363 23 17723
334 432 21224
143 285 5640
375 181 4875
264 427 21588
32 146 14984
309 325 17273
448 273 11446
215 391 12825
363 80 11849
312 50 23639
69 233 16027
493 378 10025
472 70 1899
240 93 11248
262 46 10834
335 109 10349
486 195 156
207 454 26743
470 335 12177
9 97 17028
213 305 2739
479 39 12413
4 385 1989
474 99 10648
152 113 25437
472 50 13213
453 467 18551
476 230 1556
271 97 22661
276 23 11392
54 494 18167
45 136 8232
104 48 2248
9 480 2322
175 179 6962
15 229 23976
391 256 29072
393 241 2622
141 480 19558
277 110 11746
43 418 27964
115 124 19172
312 258 8835
122 449 4492
420 6 23865
122 320 15109
405 165 18489
153 198 5833
453 449 24719
138 408 6398
197 446 27614
366 145 23425
332 96 20051
335 80 10071
370 438 4024
121 446 4853
73 66 5710
170 260 22738
371 173 20534
370 385 23393
403 213 12744
74 450 5445
315 135 25921
95 255 18501
37 59 5877
273 235 8489
36 328 9777
79 358 23349
53 162 4544
157 37 7276
64 447 17979
230 268 19278
161 35 6973
231 285 17821
412 64 22997
299 97 4495
338 331 25271
327 355 17977
165 368 20747
485 171 1852
386 150 6984
340 191 17987
12 128 13224
21 102 8080
100 442 26096
431 209 1468
491 161 23617
461 399 14284
388 117 23949
219 151 5390
305 225 28140
33 377 25069
269 74 8034
125 234 15184
240 371 26287
24 242 11138
330 9 4139
166 20 18534
302 419 28734
304 363 7684
330 478 24810
112 92 28968
341 355 19605
210 364 8457
280 323 24609
34 214 17849
38 50 17325
153 287 2817
437 164 113
419 323 828
268 352 5776
407 225 624
284 346 10146
141 262 22391
466 202 24967
200 410 17330
192 275 19210
190 357 29569
261 81 27959
321 413 29086
88 287 14566
214 17 23413
253 185 18229
97 188 5225
69 239 14950
25 176 14320
449 373 29231
225 374 12966
29 199 16399
365 31 4820
483 60 25340
43 329 6676
9 204 18128
344 137 20902
385 328 20922
487 58 1537
69 178 8955
92 70 10484
271 188 1726
73 271 18957
155 255 12232
280 449 5105
482 11 20336
378 467 8582
495 343 24747
315 302 18454
277 314 4900
137 51 19231
258 410 22569
105 306 2815
363 173 27835
162 105 28624
267 101 4309
448 130 12022
129 183 18753
456 90 19219
229 399 19757
194 178 7030
104 8 13310
474 342 25029
36 191 19373
492 188 7677
253 181 27198
160 383 1742
353 220 27595
7 257 11747
397 439 2014
464 178 9991
296 7 10432
170 487 9925
107 17 7198
204 91 9137
154 487 15315
113 61 12722
112 433 19783
240 421 6380
218 206 28670
83 222 12992
325 428 21168
73 43 23557
424 45 24194
242 190 25107
267 354 17623
80 259 11480
119 95 22275
407 238 19399
261 419 18759
258 144 29131
400 378 18560
369 242 27962
404 336 15675
428 250 22591
99 302 7117
114 140 15405
449 32 8001
24 188 16013
102 291 1157
324 386 15643
368 203 16555
176 213 4512
331 222 21809
227 76 23337
455 150 25835
451 77 16294
327 376 2890
441 88 6061
1 404 18066
219 24 8889
7 255 17146
108 160 20789
154 330 28015
257 447 21801
296 260 6951
235 494 5821
235 488 5297
301 322 25455
440 310 9904
274 65 26694
391 165 28387
412 201 23760
463 135 17312
109 473 22232
88 115 12075
131 119 15133
323 106 21029
243 264 24271
72 182 7539
15 449 24344
475 63 1599
90 309 2197
78 83 11814
292 317 5010
146 246 8197
420 426 20857
140 267 10825
474 349 20085
290 70 8330
108 59 27970
34 401 27728
422 127 5200
264 70 2745
2 478 4599
472 124 15777
448 360 17174
452 18 8548
289 55 19797
314 386 12421
183 405 17571
127 296 977
426 313 8028
174 263 18873
81 400 18621
22 259 1808
291 77 25424
434 296 6847
4 382 16353
162 438 29854
337 159 8515
288 23 11693
18 408 13304
163 65 26550
172 165 16487
96 485 8655
112 306 20615
314 7 27050
97 101 25589
399 121 26449
193 315 26886
387 351 14851
278 107 1772
132 99 29906
340 495 18622
245 489 15382
320 267 25140
153 236 10882
409 419 24606
449 165 1537
178 63 7349
344 302 14156
221 282 14066
179 112 1622
437 160 20489
181 125 12542
191 168 25948
409 473 27683
116 361 13593
259 27 2925
356 384 14172
420 389 19681
300 154 10341
427 265 12442
427 347 11184
337 211 8488
3 443 29058
280 261 11535
70 165 19676
10 441 18167
306 142 23606
384 33 8082
285 174 9792
188 134 15515
435 465 1251
257 369 4329
346 307 16683
55 106 12318
62 342 1106
233 412 15853
413 302 10748
321 431 13315
249 56 14256
453 436 29255
39 393 398
197 323 20309
75 260 24134
395 232 22817
421 224 24697
183 133 10423
103 236 23259
419 149 1836
377 389 726
256 307 23940
480 305 19922
482 439 7854
144 87 27992
144 295 24729
89 484 25925
277 210 8504
234 38 19759
11 494 13691
286 67 23950
160 396 2191
185 413 28614
491 465 13224
383 468 10665
410 276 19321
196 157 1132
153 274 28156
174 248 9153
412 219 9309
242 224 13967
78 426 6122
417 426 11767
56 433 67
395 340 11242
384 3 7853
304 243 1992
214 138 24213
211 74 20539
130 227 25351
91 211 1415
309 202 3701
138 71 2371
178 300 3407
170 392 5405
112 396 2093
78 488 25455
207 496 27435
7 480 8572
22 75 1206
303 236 27651
194 118 18107
475 371 28630
209 173 16339
85 307 19887
319 25 20727
248 52 14739
130 80 21801
29 52 7931
348 104 24843
49 253 13910
56 42 5959
182 438 24349
206 144 27040
169 418 16598
360 384 2532
181 392 10496
43 233 7411
283 218 20053
450 466 12341
256 12 15867
261 378 7640
240 399 15520
363 418 7235
95 19 19683
47 231 26199
110 423 2899
137 309 5417
147 448 7021
124 374 23612
404 475 23948
242 43 4880
108 233 9357
39 273 8245
4 23 2628
424 396 19183
437 421 6860
422 126 617
473 257 28668
496 237 17279
367 414 17266
303 464 11670
22 353 17973
194 89 26607
32 239 13700
167 465 28000
61 125 938
359 324 6184
420 478 11271
79 102 4486
366 268 17285
330 408 3901
12 125 9790
314 338 22300
31 14 13502
54 226 9746
87 237 27455
74 224 27781
484 133 26484
45 169 4177
275 407 17851
474 374 15109
494 365 14477
451 248 18356
116 167 10099
127 428 23279
200 471 23889
114 169 472
448 110 9502
277 215 15325
326 221 8115
126 398 9861
114 78 13540
29 481 15270
376 272 1908
18 387 8153
94 458 25544
402 146 15771
219 494 12440
337 236 24153
268 195 15902
499 208 16921
102 455 15618
494 227 6692
191 285 28136
255 496 24190
264 372 3759
396 249 7136
334 143 4700
324 158 20958
421 482 8214
484 288 20818
395 340 24832
307 320 28619
66 397 28045
451 270 24061
424 341 4320
141 57 14727
85 139 13332
500 166 1049
84 16 14503
86 369 17134
391 186 29210
176 411 2246
59 293 15376
390 38 19624
338 458 14248
386 283 13587
180 469 25125
326 332 21968
341 323 24228
367 45 23162
15 301 15940
412 154 4908
237 314 29953
496 259 19602
263 155 3455
275 371 8011
59 389 25155
438 308 23901
440 69 24648
211 171 5881
498 159 8104
269 300 23880
449 265 6566
154 424 25680
477 169 8014
335 131 18014
262 220 15680
365 146 26448
377 427 4841
218 130 22852
69 72 5268
280 300 28165
75 495 18555
342 316 25726
371 224 15613
103 278 26051
81 88 21496
318 445 21996
111 181 19403
332 48 13050
194 261 24895
310 124 13526
83 221 22155
28 54 20978
211 360 8162
304 406 2618
455 186 15011
291 116 8307
360 85 27027
272 415 23131
392 259 14751
1 160 43
234 77 4141
379 157 17994
385 235 13371
21 276 22672
154 132 3208
484 303 9829
496 436 27059
185 185 14649
489 213 25271
320 376 28911
386 498 21924
14 351 20386
104 92 23218
360 350 20189
102 448 11311
236 101 23219
223 64 28124
499 361 18560
213 43 27059
290 203 10320
116 309 18503
317 290 19155
27 41 4537
158 29 9
159 84 11082
300 144 26815
253 120 18790
449 15 9467
426 79 19179
26 282 26509
60 373 26676
314 278 8282
94 377 12282
454 132 13888
159 347 17290
390 353 819
94 89 17924
69 200 22711
120 282 10557
88 173 27877
28 350 4445
270 288 3353
273 306 11315
173 500 5606
25 23 739
3 447 14114
190 456 3748
206 163 17137
327 15 16572
279 340 24551
322 46 18493
44 87 29922
15 321 24580
329 304 17553
35 13 12292
216 205 29220
413 451 2521
282 16 4367
400 486 27496
120 488 5723
340 93 11881
370 313 24311
195 486 26311
119 435 22779
490 427 26450
302 318 28380
236 232 2081
220 10 26188
368 191 11926
50 182 3462
264 218 17489
163 119 27025
299 169 15154
446 322 11394
229 295 7005
364 357 5479
204 435 29120
84 234 4575
453 155 28419
285 381 1159
401 296 7248
171 10 7336
281 217 5823
418 375 22849
369 499 18127
75 376 29816
428 52 23847
215 220 18177
498 407 29253
459 139 18538
399 104 20552
401 86 1151
3 450 15875
11 108 5411
432 86 13763
237 303 23060
278 319 18541
392 131 24385
86 64 23220
447 490 9693
112 444 20446
175 54 2475
190 366 28391
101 36 5330
300 475 3160
140 2 19347
7 53 9275
425 163 21503
329 78 6841
456 33 17239
92 364 5044
95 427 15979
400 490 28530
353 321 377
440 123 12883
210 124 24934
226 401 19610
73 158 639
159 239 6848
274 218 28786
136 369 11026
457 198 23687
8 81 4100
116 492 9669
139 76 12370
195 463 17269
290 73 23355
342 307 5994
260 375 28415
359 304 912
191 54 27903
483 415 7089
35 205 4189
481 67 23738
294 13 13019
193 448 18370
226 52 27190
60 424 14619
122 457 15125
418 295 5020
408 302 12844
9 364 16370
191 318 7553
109 232 29641
223 404 26766
165 41 13226
159 369 15231
196 274 6854
207 432 4967
129 249 8302
314 317 8159
108 349 5301
243 236 10552
313 447 25268
244 314 10997
317 23 25043
290 496 13046
209 370 15947
170 265 3633
457 132 15793
182 142 13903
2 391 23059
38 453 5048
216 292 8975
417 181 29321
296 418 24834
102 108 20346
334 385 4070
466 160 18945
325 254 5709
344 175 18277
131 259 7215
269 60 6542
174 440 24821
218 164 24101
153 485 27528
214 75 16269
113 261 1533
304 101 142
128 147 24129
500 353 25600
340 192 24687
112 194 3862
38 273 14316
433 379 23513
481 213 19828
381 490 10825
281 128 20879
319 339 50
377 15 16096
354 390 27357
459 222 24013
237 392 806
283 267 12024
122 49 15284
13 10 795
107 433 27486
234 248 6939
275 268 28563
19 386 22697
104 36 23089
472 228 22209
202 162 9168
81 198 29117
59 405 7817
420 170 4042
23 465 17060
404 133 12370
163 264 19324
367 389 17039
249 4 26605
234 449 7126
364 273 28385
92 477 5266
405 442 19259
485 158 4770
12 149 8562
327 393 25005
452 82 29879
12 391 10628
410 335 15995
63 278 963
9 94 21510
75 276 19555
61 127 22889
328 128 15094
446 173 10966
214 339 22833
25 371 5791
202 143 14820
106 272 5083
343 496 16861
421 392 17259
447 153 24809
482 161 4954
10 385 21599
248 493 7018
255 159 4075
338 196 13020
390 380 4236
306 460 6185
260 158 27581
377 299 15336
219 267 1053
130 154 5665
59 37 9103
178 296 8870
471 180 17946
483 373 7317
133 453 19535
248 357 1179
240 25 17585
66 313 13970
169 238 12384
184 435 7292
384 253 8663
239 72 1893
428 488 25652
22 191 16165
138 436 20223
161 258 16811
393 135 16841
22 61 26533
6 270 21519
392 418 2059
115 404 25289
228 209 19511
386 226 5378
124 80 24965
228 205 13557
278 249 12790
490 189 10544
323 377 15070
290 117 7088
77 250 18762
265 73 15962
198 310 25249
204 253 18860
48 156 6435
121 19 7472
44 352 24367
92 430 3246
317 367 4457
423 380 14888
111 208 7526
139 167 796
311 384 10120
318 370 14924
298 180 17521
37 185 13175
368 10 6670
81 337 22938
75 209 8593
290 203 24960
81 243 8764
307 270 13968
188 280 1062
253 430 26523
243 126 3436
405 262 11013
297 25 22947
424 304 19718
343 426 21399
437 278 26053
339 457 2173
118 136 25582
248 158 11035
31 221 26749
38 406 20420
280 450 791
266 87 4910
159 368 19317
88 366 27269
314 431 27058
465 454 26167
244 436 15519
191 53 10685
452 31 5225
206 328 29633
158 99 19269
211 132 7449
275 373 13233
11 76 29989
313 463 25796
398 189 4651
165 268 4727
476 89 6841
149 65 3851
175 120 809
50 248 22481
85 25 24038
489 163 18909
196 288 22720
468 147 8382
413 446 18093
314 127 2867
426 367 21649
71 408 9182
294 364 8021
151 447 3157
191 459 29924
328 397 24742
215 317 16473
413 426 11796
205 172 6552
322 134 12989
254 250 19483
113 306 12304
268 484 7939
128 495 3291
64 68 9688
39 174 19974
398 335 7320
424 29 7489
485 374 25351
83 116 18460
331 16 13969
78 199 25285
29 34 5051
33 233 3153
415 58 10811
113 445 28223
74 307 25353
287 235 19314
70 431 16508
26 118 23966
252 443 16338
54 471 431
101 3 15629
137 444 10096
129 246 7308
237 371 29765
268 337 17980
179 311 24154
410 237 12519
312 397 5567
178 1 5707
54 287 24145
8 175 24296
167 237 7914
129 238 14248
228 416 1210
468 317 18357
445 82 2659
222 419 746
431 449 13701
334 429 3702
116 483 15434
145 359 998
381 308 19373
200 178 6898
64 359 26204
163 190 3547
460 179 19907
285 162 8130
173 416 12319
491 116 27006
302 299 19484
7 461 3819
445 303 5538
324 486 24208
471 76 26630
175 223 18200
376 495 6004
451 259 24274
453 353 6064
1 404 13661
387 497 23630
487 63 1199
359 207 24731
306 439 17215
269 107 14860
378 155 15039
349 347 3789
379 204 7937
215 73 284
493 246 9307
406 252 25720
106 303 17704
112 132 26067
182 238 5659
213 355 23323
78 283 5107
449 36 29679
372 87 4466
24 179 24782
50 69 29837
249 277 7859
348 109 17377
37 465 6538
208 462 2438
124 375 22320
3 163 5452
392 456 3184
360 253 1722
134 204 6144
492 298 13962
58 128 21098
269 39 29733
268 448 1334
305 42 22461
4 284 44
484 40 1571
10 430 25501
442 175 26210
129 38 14431
144 272 24937
35 150 3157
465 401 2554
126 374 13492
360 98 11744
250 14 24554
353 26 23340
1 44 27060
386 278 11618
495 365 2596
190 299 1984
153 244 1193
461 296 24664
343 20 25714
352 276 11253
14 89 25329
267 321 8317
80 196 12258
490 109 15394
379 56 10247
121 332 20617
50 266 9300
212 375 27666
193 189 13481
127 25 29786
190 479 26364
4 103 1894
167 475 16472
137 266 7410
206 350 12038
66 340 4128
243 433 5132
493 478 92
447 77 18927
339 197 18004
28 72 13055
161 455 1922
184 465 9932
142 446 4903
463 23 4105
480 252 27592
111 454 26312
458 352 7486
109 242 18573
368 400 13519
10 483 5507
34 84 2734
54 337 24649
480 326 21796
155 32 14173
84 124 28037
81 169 4406
403 497 29346
143 331 19431
4 266 1480
344 32 1028
125 411 2091
488 328 8757
148 382 14867
442 311 11502
119 194 1499
400 145 16515
316 293 25625
408 171 6481
36 191 18349
342 375 12590
260 173 11145
216 425 6542
84 55 16060
44 200 6080
100 73 6671
105 387 1569
348 462 13411
309 421 4536
214 246 25327
65 112 17458
375 227 14025
32 133 16702
245 102 16388
16 70 11885
23 179 17436
40 408 24230
26 236 25353
307 408 8339
159 321 24090
408 433 5339
331 96 6964
286 99 15147
441 410 14135
98 240 10887
497 496 9720
337 391 3710
41 190 7322
361 224 821
79 280 18008
377 87 17661
267 198 18878
463 322 26481
318 94 5433
457 331 12179
209 117 3698
439 321 1723
351 335 10441
224 176 20158
112 328 8671
200 389 23314
193 462 22830
113 365 19469
349 414 10529
416 74 18612
159 3 17253
300 348 23016
459 497 4014
280 107 25939
6 199 27281
31 207 20821
347 420 12749
314 489 20671
225 343 11149
86 278 10845
388 397 2628
58 469 7475
9 36 17759
272 384 2768
270 408 15083
86 132 26686
62 147 29046
444 211 6450
65 196 5067
405 456 285
49 453 2292
183 8 24285
126 399 16093
453 309 10429
87 9 13477
403 375 14175
25 432 12191
498 490 21041
322 453 20287
254 80 7328
412 384 14092
397 40 10391
265 59 838
343 422 2619
231 312 24526
270 170 20154
156 493 1732
391 319 16719
438 445 14939
309 298 23916
291 337 26532
97 402 16717
412 414 13495
8 275 5585
333 71 3261
84 30 9441
433 292 11707
297 44 15689
292 343 16983
442 269 29218
189 298 14520
114 69 11023
435 469 11115
488 496 13277
431 199 26224
145 30 10609
72 227 28513
16 415 11513
476 23 12005
20 366 28450
225 152 958
408 407 14844
443 350 2498
435 397 1036
377 142 23115
123 240 13857
165 68 6190
258 394 25072
56 326 14580
190 319 6993
406 88 1998
317 41 28409
201 257 21084
462 249 14956
92 165 21882
190 428 14626
317 145 13470
22 140 15589
414 75 10832
443 269 19248
116 418 526
242 181 20930
283 32 29064
389 214 3067
403 86 19264
132 153 15659
229 353 18787
54 233 5521
140 468 23751
225 172 23660
484 11 15369
182 162 18623
222 467 1073
405 67 6924
81 315 10246
218 147 9388
127 230 20531
156 446 28495
471 124 438
342 335 16232
231 130 19675
394 100 8698
235 81 16981
239 283 12327
199 137 8238
113 42 1345
138 20 22153
446 204 16349
2 281 28600
249 94 4165
355 280 22821
201 249 8628
202 22 28854
256 63 5146
371 338 4743
379 201 28127
323 477 22071
38 159 14035
134 237 20197
192 49 23262
195 66 12861
483 466 15699
201 474 18755
2 36 26982
326 282 19827
491 351 29568
222 72 8557
161 423 4133
468 399 19997
497 379 16888
240 253 2924
472 307 16521
148 67 8831
134 378 14980
418 194 24662
451 473 8690
101 360 16901
272 450 15264
394 10 27891
220 388 24849
125 476 21835
343 344 9214
155 217 24751
473 59 24933
39 410 1617
432 226 4015
362 71 21817
84 98 5263
14 41 22834
294 14 27098
265 266 8586
50 491 26776
211 207 24982
31 64 26304
414 150 7857
101 150 1297
248 460 19391
325 119 29871
19 199 25368
404 491 23799
174 329 18896
241 72 7983
449 142 13520
450 382 6165
225 23 11832
204 188 25084
452 236 1535
307 439 15365
290 161 1446
450 88 19684
339 332 11898
59 272 26567
119 205 19324
296 411 25878
473 487 20420
388 406 29116
434 435 28926
260 178 8285
48 1 14769
358 230 20872
238 402 2823
151 38 19638
251 392 3807
96 457 3852
233 425 14724
397 177 17745
39 443 17585
201 175 11676
393 337 14898
483 304 6019
383 68 25337
314 248 26761
338 298 15077
20 255 29324
453 393 6316
430 389 12737
319 112 6430
62 383 14344
345 55 25809
137 396 25059
222 128 21715
444 14 21173
80 348 26191
109 156 10284
112 419 10188
14 386 10391
223 478 10345
301 129 21973
17 55 11370
268 120 7295
103 310 12299
404 181 28698
202 413 11274
26 372 22538
228 109 7431
272 226 27116
377 109 12162
401 464 25884
129 422 12068
124 291 10575
361 230 14453
451 406 7292
484 336 29839
485 228 11234
373 191 6859
7 352 17049
494 20 19622
416 415 21153
238 173 8348
331 142 24189
113 38 7418
248 439 25326
421 199 3021
345 233 9891
361 82 22013
121 348 27127
426 47 6515
317 431 81
79 370 21760
295 203 14140
236 325 1
22 449 18978
84 96 17326
279 291 29831
60 150 15393
496 476 12773
339 449 2749
498 460 14046
327 498 2842
151 25 10180
367 318 4655
296 185 12793
448 428 19128
131 499 14065
250 452 26969
238 94 15279
15 489 23031
414 484 25885
196 452 5966
266 306 3673
232 273 11274
298 458 12144
277 112 18009
423 48 28561
483 164 6142
28 196 19589
57 224 29820
445 163 10568
80 491 13362
438 279 23368
472 129 18621
178 232 26100
361 406 16341
129 259 29861
430 370 6986
390 160 12701
410 420 20354
307 131 3415
236 483 14767
172 205 26959
340 184 17778
45 410 3682
70 28 27913
244 50 5472
145 199 22966
340 225 27807
364 152 1541
118 143 26798
317 277 2850
491 465 19158
64 34 12094
186 164 9899
497 204 16868
414 149 1825
369 241 20950
422 84 12005
74 164 17327
162 297 7618
176 126 9289
33 426 16420
288 134 28755
26 232 9770
90 11 21598
484 456 28180
481 59 22380
233 336 25066
464 58 22636
494 144 13082
297 253 9301
366 438 13625
79 319 20215
165 389 3017
240 107 13455
267 110 23034
187 112 13629
94 90 8098
138 287 12978
307 295 11082
270 463 25084
401 306 13543
155 243 6039
28 306 18786
488 22 28972
237 350 16778
174 487 4759
294 351 22942
427 432 21328
482 290 7741
430 194 8296
201 377 4916
359 306 29314
438 467 12840
458 333 13691
143 163 29893
380 63 18083
478 245 549
7 145 10581
19 165 18307
392 499 19851
204 358 24095
208 407 3346
245 320 8662
35 109 7538
328 323 24225
425 64 21823
293 64 8475
301 293 2806
78 14 12501
308 414 29141
176 494 7544
167 199 15851
86 145 13101
223 175 2794
353 214 15280
239 88 21785
330 482 18602
350 368 22541
215 20 21300
497 226 5949
315 296 12697
358 97 26232
391 223 26019
380 445 28011
316 126 332
196 422 12132
264 15 25442
47 119 22187
145 104 23219
168 129 3869
210 423 21892
301 446 18425
481 174 26201
79 366 1570
179 19 19878
280 38 6900
487 200 17434
362 198 305
388 156 3836
128 460 25667
25 42 12855
234 277 14405
6 174 21942
15 465 8812
399 355 12910
37 462 23776
335 88 27744
471 317 19936
228 437 27004
57 319 5781
122 435 8798
133 207 3337
110 110 18643
234 71 13792
264 65 9057
146 388 22712
425 250 11739
299 211 1011
280 301 19214
52 303 14739
202 170 6049
16 76 25642
69 485 16723
163 67 12370
137 223 17207
289 343 11022
69 95 24717
495 335 186
445 96 24335
86 7 11787
105 214 6543
14 166 11657
368 398 5676
187 49 24685
270 260 20122
30 153 5654
294 266 10249
433 96 10120
380 27 13879
223 210 27045
45 348 10965
273 39 18012
121 192 3427
397 496 23733
35 126 12196
5 162 19099
144 80 25750
194 145 19967
121 194 22252
265 488 10228
496 106 25098
116 26 3286
89 213 18739
420 154 9767
396 420 12297
332 444 29917
340 392 12264
163 273 16721
479 434 6720
372 266 10997
481 472 21466
206 340 14630
286 13 27614
440 126 29434
143 316 19826
134 380 18869
352 245 19019
185 446 4785
451 339 12239
67 169 23423
433 321 19976
414 179 20955
246 108 16804
420 455 10738
483 209 29272
359 254 29101
231 119 4814
189 271 15747
143 390 11417
199 388 15549
367 319 9404
282 16 2654
129 84 18079
217 491 22094
476 136 20834
74 130 10579
31 491 16702
43 71 13517
104 328 13865
472 322 11653
137 236 15516
110 136 14654
351 168 10208
398 397 12659
62 273 1665
21 221 16879
484 39 26510
239 399 8809
54 193 26665
212 316 1330
275 167 5849
414 376 5756
481 457 923
348 52 13724
150 367 18188
366 219 3429
144 224 26514
96 181 23120
317 247 2798
374 149 22795
161 62 4966
465 456 24444
222 498 13070
236 35 24126
313 458 24234
90 189 12149
256 473 11723
487 375 22879
356 160 6623
417 360 29837
299 433 11847
430 380 26774
435 26 16834
414 289 28198
288 411 16784
411 230 25171
354 158 26900
3 496 21090
129 314 29277
360 208 29329
89 239 12185
100 21 17132
400 477 17886
273 12 19655
46 118 199
210 72 21631
425 31 6127
425 209 23525
202 296 1426
193 15 21191
391 53 7296
217 398 14774
389 109 28900
429 349 20862
350 107 15473
209 264 23453
93 24 736
228 399 1154
50 393 637
492 362 11942
287 81 17335
456 133 29766
144 369 13393
200 64 11011
429 147 12493
499 108 20387
500 308 2264
63 243 26930
372 278 5121
265 159 18384
416 400 4019
50 388 18221
88 88 25797
98 112 10758
186 130 25008
259 476 8129
192 183 29878
69 393 5172
92 266 18972
354 32 16436
421 304 26373
243 35 20430
23 460 14297
447 472 11684
305 488 29318
163 235 28229
17 33 1175
476 394 2412
429 147 15849
383 190 13532
207 198 6652
241 162 3508
283 104 22711
45 129 28410
211 56 13027
388 218 11254
339 263 10408
87 17 1698
174 349 12558
243 190 8170
114 189 1722
318 83 4298
287 62 18971
58 496 26244
91 15 18814
210 428 27486
217 117 13710
311 266 4652
21 223 10629
376 86 19062
23 496 22423
359 20 25539
228 446 29818
348 57 29674
262 275 14636
362 177 18990
179 103 25911
369 441 29190
87 170 17084
8 96 15745
197 262 8933
65 421 10424
300 321 28688
207 451 23786
340 275 25214
452 500 15093
421 171 22617
44 412 22366
50 358 24584
407 476 24327
471 408 28422
409 177 4591
368 391 5690
308 304 23584
284 71 24713
329 64 7129
56 366 23641
199 95 19320
307 64 10335
185 483 13168
174 7 11712
466 135 2237
442 401 29520
88 230 12182
215 242 6315
116 438 9480
135 188 23989
332 171 27630
66 302 21963
385 462 25609
30 419 22453
474 16 21168
186 375 441
39 238 9691
131 328 15510
181 6 9456
494 335 25903
327 311 13360
51 148 11378
166 444 17179
111 236 15125
198 486 2190
30 240 25457
89 163 7364
210 332 19608
13 24 20219
49 209 4171
1 102 27573
353 57 3779
87 30 24977
495 229 21067
461 329 8090
332 500 10983
57 437 17848
424 421 10647
136 449 5678
137 31 16511
163 72 22120
143 272 22878
296 461 14010
314 379 4354
178 456 8569
414 190 8878
234 278 29362
97 61 1919
331 77 25911
227 420 15723
278 204 17663
319 221 24431
204 42 20972
226 181 25865
196 337 6492
233 23 8226
205 87 10918
466 485 4105
385 458 23130
6 401 29651
342 107 17392
328 265 2609
410 97 27243
267 73 3819
151 439 19897
46 3 1937
35 108 24299
213 359 14891
246 305 13268
395 251 13532
42 187 13311
413 474 7150
114 394 21588
265 481 16668
263 410 2
57 72 3555
351 244 18371
410 400 296
346 482 13980
48 468 16007
223 164 10382
341 429 27779
431 25 16025
430 64 19042
499 88 9911
423 219 9979
21 341 9073
293 164 6173
180 357 17866
371 165 19652
465 222 13996
411 437 5590
340 81 27515
469 33 7640
86 12 28774
497 471 29451
428 317 6236
453 410 8815
126 226 7147
76 439 28478
19 465 89
135 346 13247
292 185 20335
127 51 21065
101 376 3596
456 155 5568
313 228 22948
220 67 3633
139 312 24536
291 475 22990
63 203 1640
69 311 6440
256 13 1121
455 320 29972
393 50 2626
479 191 6578
12 257 16377
472 471 14963
475 432 21658
332 424 17351
386 415 2104
315 185 2230
70 469 17539
370 220 20784
182 141 22219
419 319 9219
254 286 17772
155 378 17455
213 447 12870
434 106 17420
275 189 22451
219 291 25382
239 58 24117
273 418 2209
316 405 19972
26 61 17188
264 32 5573
147 14 14629
97 479 15662
16 493 2247
409 311 15803
431 347 15590
334 494 11931
106 378 18046
227 427 2862
275 190 10442
239 462 6019
159 125 12470
424 271 20789
53 403 19404
336 314 18955
55 388 26236
90 416 14421
340 330 26811
9 62 26804
114 479 12194
177 142 22351
227 434 29642
335 336 2809
269 490 15705
57 403 5393
436 380 13311
338 105 16501
478 158 7832
156 137 15384
290 438 20176
490 40 13410
23 128 20540
251 412 16670
247 161 3750
334 78 16421
448 425 10652
161 54 129
306 457 9063
301 384 27409
17 25 26745
194 499 17058
235 272 27168
363 45 25226
200 83 746
300 266 7784
200 240 19235
326 417 13637
329 463 23398
70 57 27326
470 273 13217
164 218 20308
166 386 20368
267 106 7978
47 198 3556
444 53 15425
279 77 3172
270 45 6120
129 156 21893
497 185 26052
228 481 6652
401 170 28133
20 133 4253
136 8 9810
193 190 2240
217 107 7754
141 84 17668
316 292 18976
308 383 23694
29 20 4691
492 253 6725
302 380 23604
75 181 29555
468 109 11884
496 427 27979
479 185 29739
373 477 24026
88 293 26217
294 462 27730
115 396 26348
189 375 5501
110 73 25047
203 66 26107
486 4 22031
338 58 9452
26 218 8386
129 438 17943
394 308 20133
41 474 9915
421 25 4080
413 487 18413
251 240 28330
384 396 21259
486 41 833
148 489 28884
19 454 26297
276 11 29496
325 247 21411
190 152 5968
404 239 2544
176 333 19815
278 350 15884
170 192 14233
373 465 29007
468 344 14584
123 428 12230
443 153 545
122 368 19518
485 417 13527
118 315 9165
73 309 15510
317 135 25700
330 172 5301
2 237 3530
12 144 4988
495 339 11427
229 60 17182
161 327 12080
330 489 12135
190 446 4411
324 90 27091
334 283 15026
412 62 17963
420 184 1029
400 233 19667
311 45 26165
208 249 5863
351 248 27971
175 171 25616
248 499 21947
232 117 3079
30 389 21810
421 185 21050
308 351 9322
118 239 9589
242 96 5085
296 80 21034
487 417 9706
191 78 2376
149 185 24990
387 205 19055
103 213 13921
122 279 535
491 243 18274
114 219 1652
46 363 440
350 327 4208
284 494 13415
228 400 4892
14 447 26783
105 195 17805
35 289 8707
311 404 6952
93 48 21427
478 201 15478
145 31 12312
269 19 28479
153 393 21035
91 415 14323
290 488 17895
459 74 9996
163 71 15388
82 115 8269
194 63 26930
203 297 3029
149 493 9839
218 364 3139
335 210 26266
74 30 19202
148 323 22641
79 466 10832
234 325 17054
465 341 29013
140 277 11998
381 128 18112
141 56 18619
66 204 9496
51 303 5159
143 316 12960
14 90 8386
14 31 7506
56 254 19438
12 407 8970
326 136 6438
98 463 12838
38 339 2472
190 357 15738
386 397 10810
22 475 12895
176 210 26563
33 246 743
437 499 7103
360 441 8128
258 210 19474
30 163 15656
470 435 13528
469 470 14971
466 411 1485
455 48 7572
270 219 9956
233 401 480
450 184 6084
174 210 13113
373 81 27074
145 18 398
207 215 9126
140 367 892
219 137 19253
374 135 19874
332 448 18789
297 194 15283
418 102 22197
54 354 13544
394 91 6205
210 482 21990
156 263 23990
198 388 9189
270 461 24065
351 118 3364
424 1 5624
230 17 26706
424 34 28090
127 258 18943
341 332 14598
273 315 21598
228 203 3668
344 161 14197
500 28 22696
457 450 29694
56 402 17530
414 279 7920
363 11 16521
115 473 7349
497 326 1800
269 339 6264
382 347 26886
393 126 8797
165 148 15255
39 268 18868
119 274 20664
392 340 29918
213 228 24154
192 431 20056
298 355 6176
105 212 25118
266 462 22464
460 289 5573
313 422 20716
36 367 11535
145 13 28835
494 201 2824
361 161 6322
3 259 2302
325 318 15177
315 227 20092
494 263 7352
260 60 28085
274 372 9151
269 394 17695
495 218 20996
192 431 3610
350 429 20464
280 51 21560
125 452 9302
478 96 13390
149 367 18273
384 12 27172
399 116 18793
213 251 8395
260 110 14554
74 359 9378
182 484 1308
137 468 12855
24 113 15792
186 374 1004
27 25 17117
211 395 27936
44 37 2813
124 200 765
279 341 8941
451 160 26500
276 378 16126
375 460 18428
118 299 22943
491 8 20659
192 428 11599
391 184 2697
334 297 20304
43 358 11363
107 83 28820
25 28 4797
240 234 20458
488 48 26718
409 120 21995
343 369 8214
262 384 4606
492 188 13272
25 210 709
263 23 2573
379 487 5568
149 171 11968
118 49 25411
87 427 17104
193 9 7609
290 485 8004
106 110 29960
113 257 16694
48 141 7286
209 139 21299
232 149 21069
167 98 20959
233 225 23954
196 96 21804
37 231 12001
481 377 4330
438 436 5994
380 266 11354
216 147 15355
1 421 12612
246 164 6364
11 214 21298
446 239 7296
309 112 8992
88 155 18580
451 386 22620
431 264 23048
491 243 19945
175 126 11707
245 241 22763
1 49 11029
382 299 19038
100 157 20451
283 363 889
250 329 10433
276 16 14070
385 318 3959
196 182 779
304 268 24639
283 196 540
375 83 4415
220 124 18099
466 297 20269
153 374 21891
50 256 4019
440 77 16259
58 36 9240
21 72 14527
382 198 26448
399 231 22554
475 168 28659
141 485 23034
59 322 16408
217 452 23852
15 280 20913
296 77 28613
462 410 28330
473 472 18504
242 315 13771
216 191 21161
459 471 2853
234 314 18720
211 367 17875
437 397 22990
160 427 7152
238 496 15120
48 227 26442
189 428 19646
433 105 22722
365 168 12687
475 173 29522
484 189 795
92 82 21707
158 476 14827
17 142 22667
249 424 21641
298 93 362
263 72 19769
227 46 27345
433 294 22861
334 310 5753
313 297 11020
428 100 27948
160 182 24505
45 453 19285
377 215 21079
50 189 7728
136 239 26840
356 283 18144
237 279 25157
305 394 3526
111 242 8614
408 192 3256
375 38 29097
47 437 16608
356 10 692
477 197 29848
172 438 3222
288 434 14485
224 224 10545
460 293 14229
470 372 11331
480 450 26025
479 116 560
352 221 27831
225 266 21562
287 10 9737
225 155 10633
241 369 27181
162 122 3337
189 301 22537
381 426 13019
496 99 15818
428 52 22107
417 466 23872
259 77 24907
426 469 21808
371 469 21126
290 485 7515
456 295 21692
335 407 1928
214 227 6957
213 282 20895
370 428 11399
8 37 1098
493 114 12941
158 320 29305
291 463 8249
287 471 3190
288 249 2345
128 54 9822
134 220 10821
32 30 26777
349 44 405
190 264 7281
9 243 7778
380 436 6930
410 11 1982
312 389 12169
451 480 11633
340 198 1646
46 339 19054
349 133 7753
257 485 8528
392 494 9026
88 280 9765
166 204 1306
490 490 19471
365 6 8763
244 499 8236
486 227 11766
359 326 26034
33 268 9054
163 180 1876
193 426 23681
289 293 956
442 230 7530
333 313 10391
453 365 14766
121 212 21615
151 354 22290
322 187 18235
111 107 21935
20 492 1877
163 192 26637
3 254 19697
484 318 8143
290 215 25235
471 12 18607
496 171 23353
259 436 19876
398 320 19754
250 166 13889
238 403 20108
367 160 22649
176 119 12761
365 25 28227
176 461 16536
285 165 9337
255 1 20767
473 428 2901
205 409 2745
395 14 23693
426 294 17577
155 203 24365
135 447 1480
106 438 18904
266 387 11066
87 473 26673
48 478 22681
96 212 18505
451 348 26582
446 51 2736
54 202 25233
160 26 4525
337 373 12455
309 380 18046
97 393 25091
246 356 15181
16 63 20563
489 87 17943
49 154 16541
431 466 11988
140 104 2450
321 337 27017
478 68 10780
163 293 13603
484 110 8936
78 324 26742
115 270 23556
262 113 11277
309 448 28711
306 323 4944
125 126 1082
282 483 28227
213 46 28871
476 400 18174
468 282 10929
443 92 2803
300 267 17858
17 443 25615
209 19 12141
11 289 22758
113 93 18791
371 369 10579
300 443 26271
81 158 5509
391 456 28643
375 422 13208
462 171 8564
372 160 26686
357 198 16235
371 150 5483
428 313 16003
261 463 16851
350 268 19518
98 254 27101
416 154 16445
414 228 13707
250 371 20111
17 124 18357
366 76 10557
473 229 4653
260 425 564
364 10 23581
42 395 5770
419 310 22017
254 310 27313
342 399 6260
290 386 18976
329 327 20835
492 499 29801
499 295 24414
300 420 22191
379 313 6480
166 304 3723
447 220 22342
416 252 22877
66 264 17025
338 88 23873
209 373 2299
91 120 28184
262 49 22666
459 416 29570
122 42 27239
280 446 9787
316 72 22034
307 259 13102
324 434 23184
119 54 23571
55 453 22776
272 451 19192
486 261 17329
430 444 15861
171 105 21211
66 285 928
93 30 15473
157 283 25425
87 211 13431
58 199 5145
168 92 19870
16 404 27971
24 247 17678
43 158 27710
498 160 6097
219 232 27346
138 292 5342
396 469 26702
12 112 15016
297 167 15172
186 21 5431
188 376 18920
103 14 13461
142 90 28116
327 384 24847
446 396 12730
317 456 24696
41 294 29539
295 103 4323
388 27 17689
433 371 17275
67 231 9721
278 243 7342
72 28 18926
109 171 8383
346 135 16387
498 248 6919
35 140 21750
385 154 5247
334 175 14760
74 440 22555
112 206 9447
441 222 15725
353 426 23853
417 118 17226
257 323 24744
173 146 6656
279 79 23217
485 19 21735
314 210 22901
227 159 26061
377 420 1870
396 16 1299
301 185 21902
299 354 22807
436 254 18617
483 64 6678
417 197 2720
104 436 14806
437 47 498
30 31 19721
72 33 10107
58 35 4356
153 218 3551
35 164 20653
401 417 11905
332 393 6714
193 105 17645
474 81 1959
329 356 12321
77 377 25498
102 280 24578
177 290 21196
379 209 22149
218 385 26008
295 490 6158
33 372 2594
41 84 6403
377 335 25055
204 154 26505
375 81 24771
158 280 27331
71 74 3406
130 442 10278
36 255 9425
389 137 28283
479 126 14419
461 103 16039
156 27 13322
449 264 1389
199 377 29989
481 337 11493
487 494 23453
440 246 29529
26 374 2372
187 118 24809
33 69 22682
235 63 564
420 65 27982
89 5 23742
4 438 20735
461 61 29275
450 422 26793
154 124 21777
200 95 22876
298 469 20021
124 25 8377
127 75 18013
28 104 6113
399 39 20532
161 290 23229
136 220 15008
19 350 10278
393 67 24850
346 173 15446
68 354 6301
325 153 8820
16 113 20869
274 291 10344
364 450 12826
279 251 11662
94 423 5431
388 26 28136
477 245 14952
264 294 19961
176 141 27475
359 312 22241
390 105 24341
238 102 117
279 43 27181
459 430 28323
191 182 7377
375 70 21869
296 139 26592
232 239 27665
347 54 9350
454 225 22839
285 126 4680
357 442 25953
420 108 26142
191 73 19336
443 292 27321
269 46 16078
128 110 17616
388 489 803
211 91 10160
172 373 11049
242 477 14432
368 44 12716
96 250 29809
258 38 10602
461 427 7518
291 250 10301
381 383 6383
29 482 12603
17 294 6893
92 397 2905
64 202 17805
274 250 7849
398 422 4083
375 195 26362
461 70 23881
355 329 24335
195 177 29841
259 140 28202
48 232 5593
95 4 24618
202 238 26381
260 92 28046
233 209 2583
185 285 7330
37 462 10861
445 202 23033
380 456 19304
142 119 11471
149 231 24312
210 451 15613
30 4 17804
491 193 29549
243 326 27763
152 172 8562
397 445 12599
452 280 23179
230 488 4748
143 81 29559
317 237 20624
50 196 2219
483 454 26928
333 434 15165
488 421 16722
185 64 16049
262 385 17066
424 69 21545
437 487 22629
334 209 3088
334 228 1022
207 226 6793
286 238 14943
158 118 22121
404 165 28052
444 145 27179
12 124 5032
445 54 16569
128 453 26079
345 80 17194
23 151 21357
415 497 10247
82 54 16175
470 474 10693
494 91 2172
64 252 20750
199 109 7976
45 197 18028
36 350 4075
322 158 4032
313 405 15240
290 338 11479
384 459 29380
448 469 1277
44 139 8268
485 200 28840
437 296 12777
200 108 6665
446 378 17414
127 234 22510
91 271 5236
443 113 12117
384 267 9399
155 318 18918
428 317 653
484 211 2617
303 143 5634
341 374 20636
466 164 28174
45 103 13200
134 344 19300
78 458 21025
285 5 700
419 149 6214
222 126 25376
411 91 28746
475 271 17494
473 273 24923
281 232 5349
300 193 7001
484 378 26418
278 39 7084
15 273 25815
196 155 29815
41 407 8720
291 454 29542
162 210 17708
176 153 5247
500 335 26861
122 212 22488
330 355 10348
480 491 2821
33 32 23355
49 191 9432
158 421 22047
423 324 10077
246 383 16074
82 138 16513
412 301 16495
296 305 20536
419 2 23000
463 135 2223
284 343 11623
465 251 12953
180 154 16897
180 16 16146
280 61 15182
36 118 19197
70 96 7848
120 79 22811
194 295 8752
53 148 5587
61 197 29154
177 17 4231
308 4 29388
334 202 20048
223 322 19553
219 156 2250
83 472 15647
169 416 14921
366 53 22211
450 183 9280
204 342 22177
238 426 22759
97 13 18486
340 190 13507
7 14 4633
212 63 19984
361 109 11905
405 482 2187
407 87 4095
158 6 20714
169 196 25343
249 206 4103
96 104 7737
459 39 20624
325 243 11857
420 20 19791
382 46 29950
102 165 18185
104 248 17152
228 95 25622
186 95 5649
320 464 18111
441 235 9153
320 413 5332
326 334 24966
183 193 19373
344 326 27637
439 433 101
346 177 6070
359 274 27616
329 472 24406
378 304 25768
277 434 10310
414 418 19324
347 88 1968
322 463 13286
322 65 11419
105 270 2574
246 427 16186
352 50 25985
131 271 7989
287 84 26726
491 185 5880
21 224 24778
377 223 25927
148 66 902
438 423 19830
56 58 19861
65 334 15134
128 129 28571
127 45 9171
339 346 15035
42 121 12100
4 457 23116
148 177 10626
455 273 28218
366 317 17651
230 378 16704
290 427 23570
231 491 29263
278 19 6560
272 180 2309
282 124 1371
296 335 3653
168 297 13244
279 134 16238
72 266 24987
324 460 28182
35 286 5261
71 91 5999
228 25 14302
268 379 12224
88 443 13824
49 182 25846
138 292 20132
468 448 25652
223 246 8073
249 239 19868
338 353 17414
199 1 12038
282 253 27280
387 195 19933
417 436 17511
316 462 3197
88 61 12756
386 356 3367
58 465 5130
273 370 8692
392 327 18636
472 45 12675
429 13 22796
445 392 21381
494 141 18292
71 248 7188
219 46 13370
288 12 17598
412 168 576
362 28 3937
287 187 28573
495 236 18077
114 87 7606
459 89 22631
483 349 8982
444 230 13186
449 12 13344
319 486 17068
338 222 28465
350 487 13601
20 161 29646
115 130 12826
446 201 13546
157 199 14974
400 199 24029
412 338 18570
477 3 25623
343 171 2725
187 296 20863
134 307 5842
399 299 11565
411 206 10519
30 60 15211
411 25 19638
102 355 5601
500 45 13559
400 130 26036
47 256 9666
238 285 3018
135 48 15242
458 352 22989
449 347 29578
235 126 23599
302 446 3321
68 72 8497
1 241 19061
39 105 20296
114 91 29125
46 209 4384
478 218 11103
297 63 16088
497 304 10965
441 402 29714
230 476 24294
285 142 19510
434 480 10289
200 137 14116
494 324 17498
39 463 26803
424 305 26701
241 403 18261
297 367 21742
250 138 6175
454 6 15437
71 31 760
59 184 1665
126 110 7117
385 213 28374
188 16 28155
127 148 26372
37 395 5268
312 133 27187
170 226 2267
85 122 17038
384 489 781
35 346 4732
443 41 26572
314 436 26099
276 254 25660
458 178 8262
378 85 20871
416 141 382
196 286 23052
308 212 25556
452 350 20936
212 176 28013
479 358 18932
226 145 2571
376 107 27366
181 205 6452
59 161 24188
383 297 28681
194 154 15383
306 7 16487
41 199 12547
428 224 13153
469 76 4757
434 430 24544
298 313 27316
163 12 13874
343 279 6606
370 31 3156
415 438 27417
489 433 17007
323 239 1284
71 178 6912
430 316 20678
302 297 13599
327 488 19061
396 479 18772
427 16 19836
103 431 26786
106 10 12832
31 55 19052
193 246 24254
256 377 20655
303 330 29564
311 293 16939
252 41 27783
427 475 19376
38 213 24704
278 323 1885
221 80 762
363 180 22687
25 17 21257
477 116 19712
56 454 11614
308 39 1340
343 351 2773
63 208 15786
388 385 1019
462 406 23572
135 340 16938
468 176 25082
275 483 19111
33 91 1243
109 406 14008
468 126 6511
295 278 3696
34 256 21679
346 104 1787
127 87 6328
73 370 14925
119 19 18858
56 176 26382
230 303 22984
423 178 19435
380 315 5011
36 111 5449
410 58 3251
434 389 4379
126 224 21233
209 135 18143
350 310 16970
436 334 9348
331 91 23210
256 155 13502
7 493 5277
427 137 1650
12 358 15640
476 332 6471
481 4 4617
145 129 7885
485 214 6451
127 67 8297
245 17 16438
119 107 22334
6 225 19406
133 316 25502
92 367 19867
128 181 81
480 287 21197
163 275 19168
272 395 2231
149 51 10375
23 337 16605
218 94 23731
424 262 9763
497 203 3177
291 394 2840
483 409 2029
26 360 18341
451 109 29373
108 126 21635
325 119 10794
218 87 1600
339 167 22618
69 266 15209
444 426 28334
476 352 11253
140 236 28273
404 314 9669
314 316 3611
229 340 1982
294 232 2422
2 104 16963
168 273 3420
158 154 10729
52 397 21415
163 431 13976
414 127 11922
20 91 17734
302 462 9926
210 51 4847
482 81 24215
478 447 24166
443 52 22976
277 5 123
245 95 3186
36 351 18693
4 322 24908
171 334 23827
263 386 26340
306 257 22825
335 414 5772
350 390 27046
239 485 26857
461 362 22382
295 460 23085
185 45 14112
189 383 10562
348 321 19935
32 498 4448
293 265 5005
469 421 18041
359 281 548
35 261 23978
356 96 5029
398 218 8639
298 351 678
280 445 3030
456 282 10399
385 66 517
85 277 27578
421 191 13166
114 315 25790
46 299 28535
274 204 4037
91 124 26862
288 371 17476
455 333 29142
494 28 10801
9 421 8901
272 206 3131
284 147 9011
33 469 26535
218 26 18919
29 200 6899
214 120 21632
418 135 22648
393 225 3106
103 369 5818
128 276 23585
468 445 17837
292 430 10479
435 299 1198
215 82 19709
427 429 4696
47 168 16747
457 64 26038
244 106 13879
387 34 28225
110 351 16193
34 327 27093
394 434 9631
378 193 13589
312 74 29579
404 443 17661
137 400 12325
73 42 27964
82 277 13514
408 9 4701
331 280 22093
236 290 18829
51 267 24267
416 434 11373
245 244 14264
121 381 28524
332 176 6503
13 220 13594
430 484 1508
181 193 2444
450 106 24880
70 279 6691
436 49 9403
66 178 25688
460 293 24018
29 227 5766
492 59 14652
500 424 531
483 288 9765
288 230 849
425 84 22660
282 295 4535
453 226 22268
238 91 15445
201 97 18701
248 397 26673
30 445 28790
111 405 4559
77 50 14379
169 248 6290
259 278 21751
434 222 25797
19 228 28624
205 173 27237
149 12 14969
496 292 14646
131 174 29914
116 40 17061
14 101 28557
368 88 2502
481 105 23967
106 113 18536
8 381 10456
151 419 3567
330 340 28602
252 392 8440
427 110 10058
221 89 4197
402 429 15004
151 446 15871
475 337 26913
403 170 15788
446 249 22096
471 389 9984
317 184 14959
107 76 9807
482 497 28258
301 234 24457
356 274 20264
85 269 11051
223 113 12083
241 25 3572
312 151 17740
110 34 2739
328 291 11415
355 250 2209
296 188 9808
473 406 24512
220 380 27374
200 159 29634
199 46 27459
355 419 11961
375 83 17591
301 261 4410
338 460 11718
234 34 13749
64 485 20368
22 371 25259
437 157 10937
101 151 19946
213 89 8990
461 216 259
131 416 26915
423 311 22650
104 139 12893
75 236 24171
317 351 20314
373 261 7502
327 143 29927
403 340 21285
298 162 23311
500 206 2178
477 145 11417
350 491 28588
286 180 14991
125 202 15465
233 401 29238
145 136 11640
465 212 2429
381 253 8001
77 248 21645
185 114 2954
426 265 7929
430 306 13278
31 87 22048
136 292 10269
436 388 402
24 470 25009
431 14 12477
253 315 19535
84 473 26335
205 404 24438
356 260 20930
20 492 4952
33 7 23340
42 431 18702
482 240 9350
348 420 15915
165 359 6727
465 101 28822
238 113 6428
175 140 28219
91 344 7086
345 489 3445
275 399 16956
440 175 4338
78 403 14357
111 205 1885
372 313 26961
44 484 15150
101 383 11323
323 162 7610
54 112 11326
16 447 12944
335 19 7030
243 316 730
287 359 8106
238 148 23036
23 339 18080
50 177 25588
264 152 1300
205 336 28873
316 351 13280
14 67 27067
426 479 21239
425 70 2927
244 476 24600
23 160 16674
454 483 9364
178 188 3251
178 348 4932
8 27 27029
134 60 21570
498 347 23042
195 189 10587
435 491 10827
95 324 1866
336 23 8035
433 120 4035
147 250 27875
47 101 15546
27 486 14076
130 383 19824
474 316 21309
296 249 8606
272 362 4751
166 76 4171
141 494 21561
391 207 27622
489 64 26353
51 123 26174
158 204 4198
434 320 11800
20 460 5100
428 342 6138
456 87 15194
183 106 16423
280 287 8880
300 70 3950
200 480 14770
183 243 24420
85 451 23433
273 464 18009
319 448 8352
346 202 10262
10 462 10256
299 195 22654
401 190 20768
453 61 27909
249 394 1113
450 386 19564
258 271 17283
226 159 12044
79 373 21473
450 277 6109
76 244 2533
235 384 9272
164 228 2739
263 213 11103
167 363 25986
7 13 3552
32 62 581
193 182 25948
17 203 10013
353 134 7538
225 130 24256
72 258 26623
401 134 14150
49 320 19085
198 20 19226
214 422 19488
478 223 26660
121 341 19603
220 286 12935
467 365 21382
414 248 1987
120 331 18501
106 279 21078
315 496 11973
196 161 183
404 452 5442
269 61 9226
80 15 23831
414 428 21924
37 201 9606
191 414 2116
440 12 3200
444 332 10186
91 184 22702
36 76 20490
69 215 11922
56 420 17186
213 228 29938
267 452 12796
353 90 28508
114 426 2684
470 406 10665
227 200 16606
249 166 23791
168 108 27234
113 122 17920
300 182 12100
477 46 4160
330 74 21484
8 44 3586
370 432 17448
382 213 22819
3 290 102
116 309 23383
441 377 23448
386 359 17074
94 84 6452
43 28 23412
373 210 2245
125 79 27064
29 109 11582
276 264 7473
361 420 22495
453 419 8961
464 315 28644
376 265 11869
365 105 807
132 374 23068
242 140 21312
500 373 11924
351 335 6797
160 54 24806
259 228 2325
273 142 11926
319 438 6630
310 390 24043
18 133 5717
126 330 7716
213 227 7352
57 337 5750
302 70 13849
374 63 28639
453 294 11885
239 180 2432
490 410 17832
406 66 23094
425 126 12022
377 182 26329
189 238 7424
2 20 19362
418 443 14262
238 407 26834
463 426 24009
401 201 10980
98 238 10825
319 212 16101
88 280 27748
388 184 13338
261 175 25707
98 490 3323
352 474 27485
275 39 25743
200 100 13101
470 414 15635
79 65 29521
291 43 662
174 29 23029
460 16 11123
159 61 28832
4 87 19354
74 149 6555
395 76 6890
8 98 3833
38 56 10626
20 438 20374
360 444 2673
476 424 3283
480 104 6915
229 186 8177
384 495 7955
393 6 1421
455 352 19429
144 276 23585
424 87 8057
22 219 14928
35 189 1558
416 255 27035
345 485 12173
344 166 22810
216 448 17269
466 311 16434
216 371 3813
210 350 17793
358 389 18723
487 425 28941
363 144 11635
23 494 15327
91 8 24805
349 70 8722
255 382 16117
245 470 3788
325 352 29813
27 478 22996
413 425 15055
134 398 6981
109 125 29003
254 97 26263
173 193 8343
257 123 17525
239 496 15221
278 3 6
226 465 12
442 372 17228
113 144 18343
175 136 12743
39 463 2993
457 54 8027
465 223 26728
338 398 22774
314 218 9572
326 262 14610
237 6 27416
356 203 3442
338 332 18009
333 172 27294
481 155 19285
142 278 18274
150 350 3287
362 176 11263
279 128 10884
284 71 845
102 90 27457
375 165 25757
335 406 22163
223 285 21687
7 429 2562
436 60 24307
482 318 26820
473 168 2122
201 120 6583
323 273 24602
499 383 19481
258 314 2323
450 388 20403
390 420 24103
226 212 9429
17 369 28482
291 138 1245
463 226 4966
140 120 20109
395 132 21410
485 272 15540
201 210 19396
119 253 1128
438 202 6409
415 199 11727
436 322 24013
294 139 16945
354 414 1771
365 269 20917
184 371 9322
500 193 4018
302 458 10754
259 495 20919
91 177 17885
440 352 15566
321 182 9354
50 16 26573
239 27 12295
345 127 20723
126 210 29733
74 429 16879
362 120 11525
490 479 12257
112 146 26659
331 193 6878
111 336 21772
84 66 14603
59 231 1770
241 473 9759
183 253 15373
177 16 11412
124 462 28031
96 392 2159
203 3 8887
316 31 29343
354 327 4229
1 300 13122
427 156 28945
358 215 22312
71 380 26822
269 273 14696
401 441 1962
437 184 17922
108 71 24026
338 211 19622
382 264 1283
213 110 5281
490 315 4442
392 498 19094
440 92 2897
173 491 10948
295 447 104
22 330 1062
254 385 18271
356 67 7204
40 314 21266
367 444 27026
302 410 10428
16 411 24376
73 393 17787
299 86 22827
202 381 26843
354 368 6440
73 431 29440
359 206 26357
141 487 268
74 124 6599
377 258 25017
252 477 22698
411 9 26055
150 324 7090
496 10 17540
353 367 4637
241 350 12112
314 281 4905
290 163 454
301 112 4028
184 411 5031
389 422 22658
404 375 7116
358 67 26975
5 402 13533
228 293 11328
195 268 3456
374 41 13304
76 263 17789
155 499 9073
500 422 21113
285 337 8285
476 30 20734
389 150 27856
213 441 15939
228 354 22084
54 83 4944
114 453 17090
295 122 24163
464 222 19905
390 357 26193
425 264 21022
414 341 26106
424 75 13299
187 191 22274
59 482 24074
92 428 14752
329 188 20596
255 163 3170
394 357 5869
319 402 24048
459 328 1943
376 328 6180
368 352 15144
246 87 29260
252 301 1908
471 454 17092
66 363 19288
176 225 29231
65 287 20124
102 430 5997
360 200 13707
208 362 27889
39 199 7933
471 188 23822
111 377 12740
17 375 29847
143 411 6508
214 59 13207
63 370 1358
352 156 22443
77 335 29419
398 162 14789
194 128 24336
5 85 14047
375 450 20115
251 490 17504
391 271 27154
79 45 26005
140 4 12275
316 48 29000
478 481 309
50 369 3043
480 246 28516
283 454 19746
215 281 26275
207 218 4478
353 158 10430
446 96 1934
28 474 15848
216 34 26092
127 303 20382
298 36 1779
357 163 8043
139 317 10000
309 493 3092
441 477 21292
126 387 25321
405 108 7353
9 148 22419
107 235 3137
474 34 13325
313 194 16241
340 319 6358
181 300 29645
492 338 11857
320 164 14611
67 464 20679
292 169 4615
362 347 21316
434 65 25567
454 220 29217
112 274 23940
406 419 26314
218 59 29886
380 12 26245
175 452 8718
157 412 15687
485 73 28088
418 482 23922
108 28 1885
246 346 25620
430 76 21918
198 330 15284
327 208 16989
446 453 113
24 258 22572
500 311 10728
364 91 15214
421 164 20486
179 468 20514
143 216 13485
100 262 24203
281 185 23174
257 436 9237
373 334 17022
329 24 29825
219 461 22495
166 415 12786
60 488 24868
196 469 29443
107 432 2638
394 477 14423
165 370 10814
158 210 12791
57 129 571
443 384 21248
26 30 14964
269 212 4052
87 270 9104
287 496 27132
177 495 8609
203 303 6239
139 145 26812
64 395 3807
14 117 8377
48 49 26451
341 205 19040
353 446 27449
246 382 27653
36 326 8125
18 392 11715
27 196 25610
215 22 715
5 20 13848
82 382 7177
268 121 16830
271 420 2560
498 435 19859
66 10 18753
481 339 12780
18 400 14901
44 106 10799
170 322 18288
451 62 20275
395 123 26294
283 328 20825
351 267 18352
227 165 18015
139 462 1856
224 353 14671
61 196 8347
327 371 368
341 307 15557
50 323 19762
419 479 11224
498 200 8076
414 422 5554
14 140 27957
172 122 25044
373 430 13195
406 64 522
75 80 3031
481 449 11081
16 450 13137
246 231 22462
83 114 7478
143 2 7700
439 27 6140
106 2 18960
418 488 19743
11 441 6730
334 102 8020
205 85 5344
112 274 10458
13 383 16536
357 389 7548
491 279 4736
140 202 13784
244 183 23532
456 142 5293
289 226 11445
147 218 27470
299 356 21328
327 121 18272
95 408 680
38 344 2688
82 405 14250
243 364 261
339 9 15051
474 37 12267
480 481 29437
90 48 25092
65 350 5830
416 352 3408
413 408 29252
98 297 7811
107 266 14423
36 376 18473
389 244 13205
372 470 16001
429 387 27056
386 488 4948
324 159 6115
429 35 11150
488 439 13104
372 143 23163
10 48 26738
121 315 27381
27 273 5059
202 6 17877
233 423 18574
397 466 2408
401 499 25600
90 377 7310
186 233 2058
17 206 13042
102 171 4733
126 472 20717
418 424 24877
445 423 25115
330 151 17449
372 273 23109
223 127 4625
265 428 15140
38 366 9920
319 242 13200
454 37 15492
108 224 8565
22 309 19639
15 365 8179
412 129 18246
175 306 6971
263 264 12527
272 93 26407
61 12 20193
103 129 24035
334 361 27432
490 359 6630
450 325 9349
10 487 7637
305 172 6025
262 17 29784
355 228 4537
201 203 2903
247 217 13536
49 127 17022
269 132 635
134 127 18592
499 352 3314
342 166 5021
2 481 15690
380 77 26615
32 129 25669
348 359 7184
270 475 4107
421 486 22059
362 369 18976
361 453 6820
284 299 7653
262 126 18553
66 297 8495
113 367 5910
468 496 23471
464 431 11321
112 207 15893
15 311 528
68 293 5845
324 44 7759
312 263 9925
329 45 1540
36 289 5914
49 342 22891
351 174 26242
432 113 16651
183 34 11071
401 333 4540
456 73 21806
467 492 7406
261 178 13256
423 424 20555
403 91 26868
286 234 22239
200 468 2862
460 193 27950
190 231 24981
236 281 24155
407 13 12477
336 428 21287
304 251 19029
440 288 19149
123 354 12185
160 317 15148
167 429 28718
370 392 18950
476 4 5623
364 279 13047
453 169 12519
125 4 9183
481 242 23541
195 101 2622
95 61 14521
446 302 11545
383 86 19074
20 105 24444
420 113 4162
147 273 6094
332 473 6424
415 251 9301
3 16 24313
232 222 27229
40 316 12209
139 176 16284
405 409 10681
128 338 4479
168 222 16162
227 297 11533
150 253 2996
67 1 6660
333 296 5423
45 250 14981
355 35 5952
275 152 25539
229 56 4132
285 22 9939
102 158 25381
272 180 2554
19 134 7535
7 323 7859
242 491 2615
181 383 29714
224 43 27349
450 286 8144
454 180 7504
93 205 3264
24 433 12563
464 290 20311
493 453 8078
159 78 26196
455 373 17435
40 264 23386
218 255 12299
175 293 13230
145 311 5877
41 499 14849
73 211 4884
108 491 19317
349 24 8954
358 85 8992
361 500 9666
65 460 303
159 451 9725
344 233 2018
234 377 15459
404 54 1808
400 455 17128
3 383 18735
1 196 20900
249 195 9941
346 187 18139
33 76 3189
411 391 11232
333 11 24934
11 326 14928
456 250 13065
263 54 17499
220 307 26286
403 117 1210
178 200 15228
275 293 26129
43 212 15515
243 254 9538
459 94 27213
282 257 24352
76 409 114
281 249 8736
400 52 7042
453 284 24451
35 58 29801
476 103 8195
162 411 11176
372 282 7292
152 72 13656
414 175 13258
285 452 7990
388 68 3113
188 100 14243
472 295 23405
62 452 1566
347 13 25033
176 129 12302
368 284 2459
90 88 18183
367 476 28266
303 303 3123
343 165 27531
215 305 25342
498 123 15479
468 138 3169
379 495 20934
219 427 10647
202 363 26298
193 458 3069
427 335 6759
237 379 5421
227 244 26404
158 500 555
316 36 11356
490 30 25369
66 298 19200
292 253 14444
71 130 24435
80 299 28152
335 421 20516
444 232 18262
39 236 24991
177 268 25212
487 30 24316
305 2 9601
321 17 23787
92 199 12676
472 338 4886
376 400 18796
160 365 21608
333 449 23712
496 230 8458
381 27 18027
13 82 7
358 430 12152
236 335 4757
178 203 29437
224 495 8753
401 354 4743
433 26 16410
324 202 18351
278 29 1719
321 168 6865
437 199 1731
89 221 5197
285 399 10401
98 168 24058
411 307 23794
328 145 27228
446 224 21819
187 432 29207
3 243 16324
251 308 8631
387 471 14986
88 332 12716
431 316 24316
255 70 25108
361 257 17691
109 5 20533
60 156 4903
114 152 16550
463 192 22800
426 291 2362
159 24 21392
428 301 18867
102 41 796
152 267 19889
157 147 20989
382 486 13588
127 115 12775
294 150 22404
355 279 14136
470 432 1320
105 444 15632
42 425 24619
147 362 10949
484 456 12651
382 383 8629
16 239 29056
461 246 7738
166 152 17607
200 448 8084
190 160 2845
230 83 24045
81 145 2242
229 288 4399
343 84 16252
344 116 18207
359 218 8459
46 345 3130
9 168 27821
148 210 26875
102 256 663
180 348 19339
39 280 8437
193 110 11495
376 94 328
478 454 21932
496 123 24169
40 23 12180
310 444 7084
188 422 12203
230 275 25244
81 252 16987
488 236 12404
256 383 8308
112 30 25978
445 230 12023
401 313 29498
471 357 14890
42 58 18028
168 434 25379
396 45 10501
223 311 4563
430 495 16788
473 285 15354
136 67 9543
247 167 5479
27 254 18289
77 249 922
256 460 27814
369 307 6707
71 397 11443
124 1 29939
497 310 4197
380 234 623
353 125 17963
415 122 8038
226 227 2565
301 177 9046
422 468 19824
267 435 18673
387 13 24357
422 55 7334
294 477 1590
451 206 2323
52 306 22501
118 345 28148
129 275 12455
268 57 10259
347 130 10290
74 8 14131
487 475 10357
460 72 5915
181 446 16298
192 266 16180
379 117 7980
289 199 24267
312 372 3951
39 154 21569
479 358 28017
210 170 7240
408 414 1808
361 365 23621
458 318 12520
227 290 20572
402 139 8187
293 73 22142
53 72 18682
113 79 5136
51 374 21200
18 11 11359
93 435 20905
321 363 23159
233 107 12809
259 223 19557
331 295 26488
32 37 17342
159 432 2978
117 25 2149
70 366 19780
408 357 28306
270 468 7542
382 342 27389
164 382 7144
242 245 23378
253 329 859
76 213 1456
143 365 22580
338 185 27146
203 336 11851
116 370 17109
300 205 21341
47 464 21784
96 296 29538
93 436 17667
216 469 16393
48 92 22596
364 294 1636
317 407 25484
335 407 10056
57 382 21747
492 59 7329
367 204 1688
306 325 684
289 295 10670
163 113 2809
42 206 1358
445 55 21708
117 271 29090
124 9 15668
219 312 5899
297 424 27903
5 402 16160
66 117 21743
247 189 21798
398 210 21211
394 420 26651
414 19 5508
130 497 22502
461 245 5970
380 108 2696
96 210 22597
403 3 7629
345 391 890
119 350 9022
420 426 576
176 131 11230
271 302 12621
30 182 17176
376 50 11515
12 100 18329
401 454 3265
490 313 11676
263 158 17510
373 447 26441
493 98 11647
355 226 28582
187 396 17695
28 352 16314
497 373 25732
225 70 14457
85 32 2875
429 290 23582
55 483 20994
53 218 1157
75 93 1349
186 196 584
19 428 17099
273 447 19458
38 194 27041
401 406 5027
204 427 12747
278 343 21964
475 223 18514
240 313 29751
229 301 26003
184 181 3264
304 225 14957
258 259 25290
435 185 24983
465 93 2823
376 414 12765
101 335 14448
460 78 21208
134 40 13567
147 399 3776
351 379 25624
215 381 5504
309 158 6618
12 300 13777
389 81 29096
104 153 13765
103 226 20173
498 97 27370
290 240 7976
471 494 17439
397 94 27978
84 137 22782
382 332 3066
368 43 1066
214 58 369
67 380 17725
222 177 8330
376 244 26727
495 273 8344
18 80 4892
380 131 21197
325 110 2749
227 441 18661
488 215 23190
27 322 19422
402 398 21475
500 116 25389
249 115 18294
473 116 3710
232 182 8504
185 111 911
497 360 23622
406 81 12834
168 466 13180
41 104 26839
38 141 329
210 383 25471
143 90 17730
222 165 12815
141 403 2397
384 137 451
55 317 9845
232 72 8651
324 218 20439
178 385 14658
291 105 21087
27 369 22792
15 459 5291
218 490 15305
114 194 20949
97 287 7572
99 464 9992
491 356 779
263 280 13906
458 247 19214
35 21 6250
211 18 11793
248 136 4313
133 298 28071
322 110 18980
181 266 12073
442 207 11488
317 459 2041
236 473 20
430 82 15261
181 306 24822
40 82 23655
363 216 9596
491 320 12297
248 166 6268
284 448 28802
110 250 21663
333 153 10971
200 231 25035
108 456 22541
471 32 26679
85 466 26869
143 198 16860
500 378 14985
466 161 2941
300 470 22442
189 439 17665
252 282 7726
287 31 25042
155 458 8400
430 65 18976
315 350 8765
327 369 5580
75 241 19165
433 8 9931
211 445 1412
371 83 13670
440 431 11594
324 134 28216
181 397 10134
359 20 21403
106 356 13690
215 21 19793
401 118 23817
277 295 6793
145 20 17527
311 154 4739
212 264 24399
324 39 29347
298 152 18095
182 426 4057
423 305 16364
148 1 21835
275 3 7300
287 448 29800
396 467 20047
74 70 9346
172 189 9821
2 304 28349
227 165 29231
346 418 4243
367 479 15062
473 5 4180
462 133 997
69 85 3093
425 78 26892
298 37 18982
435 122 13293
114 445 9179
131 75 10420
119 483 8464
403 125 13213
429 135 11678
404 322 2501
363 393 26676
318 248 26420
268 126 10101
1 186 208
482 114 5222
160 440 25711
20 273 98
478 196 28975
158 8 12169
428 436 14174
421 274 24205
87 246 19644
93 21 23041
456 400 15922
63 121 8646
322 164 1119
90 279 23694
393 349 4856
237 235 14759
36 30 12859
296 433 12454
290 112 19439
282 98 11171
106 315 18924
69 160 16339
357 149 28944
217 331 20290
298 482 22793
77 314 3723
89 221 24142
82 303 217
86 342 19665
354 369 3274
86 13 2906
19 435 671
299 89 480
168 398 26513
7 431 8691
258 57 29029
113 42 19357
172 495 28854
227 426 27372
303 224 59
22 266 13692
439 119 1434
396 322 5396
228 99 448
32 355 3604
120 17 23610
222 255 19709
114 71 26726
487 291 14976
59 466 23455
417 436 7466
310 438 12665
499 431 7804
352 228 21091
380 106 938
290 106 9757
150 259 9049
454 225 17205
316 149 20630
23 360 1864
201 227 26748
46 59 16603
103 464 17053
407 423 12624
197 70 19576
35 143 24131
358 329 19131
415 97 1728
481 142 23581
145 320 7813
273 107 24703
252 455 13632
244 453 5326
211 486 11550
410 265 16098
434 143 29829
370 170 8139
393 338 7227
287 312 11247
328 490 3249
457 16 25696
182 14 13561
185 386 8293
318 238 20893
29 99 4668
140 7 26548
259 331 19189
388 358 8301
61 330 25617
16 353 3841
143 256 5230
26 497 16929
87 232 28912
432 240 2907
369 158 14992
5 267 13047
263 41 19826
5 278 10311
46 356 22672
191 200 14245
397 143 14580
387 332 26963
371 71 22253
171 293 17131
85 17 16522
303 404 21680
168 140 10506
117 242 7336
195 461 19181
345 223 2894
263 457 9267
424 32 20400
99 26 10395
342 276 15865
166 376 14981
289 231 19643
156 190 19245
304 176 239
101 418 10959
11 406 24611
65 442 15021
36 375 20279
102 270 5337
436 252 1193
371 56 14909
137 350 7640
483 162 5192
82 122 21999
481 484 14651
261 22 24004
128 368 24795
106 276 13105
219 388 23880
85 290 18443
180 167 23454
408 295 731
38 490 15351
117 192 11832
315 242 5935
281 236 8982
152 27 24781
40 318 28175
426 135 15912
144 217 27222
478 213 15538
474 237 180
155 454 433
29 252 23172
381 270 29861
102 327 3909
363 221 10848
107 291 15348
365 161 15878
293 5 14888
204 303 13191
171 17 15904
470 345 17086
420 491 5481
149 49 28467
101 119 22506
250 453 8566
239 379 10886
390 354 10826
498 335 5297
342 414 21604
314 371 8608
208 1 19081
258 240 22573
260 223 5976
62 212 3733
477 250 14548
4 318 6251
179 109 26584
180 433 29860
154 297 5669
424 37 25725
75 41 18689
270 173 23037
178 300 7398
161 238 16206
243 98 13434
172 469 13524
356 349 10805
67 283 5138
324 373 12898
78 498 7755
435 348 15876
216 37 17781
90 190 21385
171 432 20323
169 399 7975
221 364 20562
382 69 27179
138 146 3346
345 435 5936
28 491 28282
198 456 6465
27 164 28032
315 438 17254
458 138 28771
73 388 28653
56 362 828
251 225 13350
432 32 16094
500 396 9827
95 42 3953
427 405 15366
395 463 10888
283 41 18504
182 151 17690
483 226 28466
131 226 13938
322 132 5473
36 23 9270
240 172 20121
227 379 26578
472 285 26884
184 148 684
257 284 25321
127 404 9009
226 126 27341
414 103 5283
449 303 19218
297 443 15131
103 27 27196
411 406 495
230 365 15136
176 456 29988
263 440 5772
65 172 21511
214 100 13434
195 222 3407
464 476 9737
24 80 18284
215 109 4192
280 274 10933
130 22 3341
252 283 25674
326 426 24178
385 444 659
411 319 4733
416 23 4106
48 178 6076
204 356 2031
235 21 10085
98 325 5548
29 315 5430
369 301 234
2 425 24737
418 288 7200
110 371 18295
31 66 7243
160 134 18083
305 100 22690
497 357 20041
378 416 28145
52 89 16411
271 35 28161
10 31 23284
243 46 18813
47 492 15426
146 313 28056
468 367 20428
97 454 28528
82 301 1671
398 343 22983
421 231 13766
337 290 8656
372 66 19553
248 459 9469
34 337 13623
416 402 5955
180 46 18219
441 433 28972
75 235 12502
467 370 26616
138 112 29968
147 123 20980
86 164 10709
221 499 4638
271 139 9449
90 288 22545
410 251 26415
126 321 15607
467 142 20333
135 182 4100
420 167 634
210 320 14507
285 89 23715
188 193 18893
376 453 25082
350 179 3623
103 430 29924
376 419 900
492 378 8387
239 21 14154
241 494 2993
119 168 23528
399 298 3609
458 180 12622
319 52 24481
313 37 8997
334 120 27559
205 239 661
228 467 900
479 312 15699
495 108 9870
325 111 14295
228 448 6417
352 82 18408
128 358 7283
455 148 6294
299 96 20103
20 60 23682
51 450 16138
178 318 22694
8 20 14406
325 272 20279
429 344 13529
231 168 12084
270 432 9093
389 334 21957
248 284 25074
437 373 23750
21 270 12356
241 235 17490
52 29 24803
141 336 28271
419 9 18336
137 109 10241
153 402 20100
73 394 11658
351 450 27739
313 146 7139
113 268 22194
165 331 11631
104 397 5806
12 384 4409
463 140 146
4 23 12136
240 264 29315
266 279 24891
221 300 13814
190 150 9674
273 284 11880
36 54 29291
400 376 8768
26 58 2565
433 87 24214
430 458 11219
335 9 23603
79 451 21716
388 91 13621
361 198 23338
268 309 7649
267 248 29000
429 219 14405
110 421 9497
268 472 14516
270 42 26836
259 119 28427
407 262 15159
168 20 14467
178 233 10059
139 174 22535
242 81 5991
358 279 16076
405 32 28689
273 219 17062
279 156 1949
363 309 25139
52 151 7677
447 495 7146
325 206 11707
286 145 6315
488 135 27216
40 11 6053
472 258 9772
304 321 20450
77 394 4750
183 105 27259
138 492 26125
51 291 28077
84 137 7212
437 113 9472
346 314 5740
309 447 27038
421 26 29646
498 185 26346
236 50 2808
108 120 29705
37 5 3773
67 417 20087
393 258 22043
402 9 22775
341 351 27589
143 84 15667
231 301 26871
158 162 97
227 172 4628
114 390 9887
279 430 11880
304 225 16506
334 144 18924
163 267 26980
348 269 14352
92 309 8138
358 459 19332
114 406 29989
173 200 7242
86 460 2175
310 30 4248
487 281 14639
269 288 13427
92 325 26515
271 167 15344
127 111 19911
346 2 8584
468 248 27318
301 30 6427
433 266 7054
253 111 27528
395 141 19897
296 319 20974
312 317 16228
67 272 26369
290 108 15937
203 253 9483
111 487 27530
41 428 20317
204 431 27491
132 57 5205
419 433 10593
267 293 4486
122 130 5742
40 250 4353
239 404 24487
36 288 12542
261 466 29978
255 202 14398
174 417 27149
488 447 15536
43 348 19775
274 22 21525
363 270 21045
278 427 768
74 255 20825
363 463 25861
82 270 29298
121 369 8013
70 397 22408
131 186 554
483 259 3990
180 6 27983
300 463 11961
351 304 28302
130 54 15858
410 13 5335
245 442 19708
470 296 6442
81 132 2113
66 249 16081
287 108 3841
313 472 29151
394 445 6587
254 123 6766
380 398 4190
176 320 12908
68 423 23929
474 496
