500 499
1 2 2
2 3 998
3 4 6
4 5 994
5 6 10
6 7 990
7 8 14
8 9 986
9 10 18
10 11 982
11 12 22
12 13 978
13 14 26
14 15 974
15 16 30
16 17 970
17 18 34
18 19 966
19 20 38
20 21 962
21 22 42
22 23 958
23 24 46
24 25 954
25 26 50
26 27 950
27 28 54
28 29 946
29 30 58
30 31 942
31 32 62
32 33 938
33 34 66
34 35 934
35 36 70
36 37 930
37 38 74
38 39 926
39 40 78
40 41 922
41 42 82
42 43 918
43 44 86
44 45 914
45 46 90
46 47 910
47 48 94
48 49 906
49 50 98
50 51 902
51 52 102
52 53 898
53 54 106
54 55 894
55 56 110
56 57 890
57 58 114
58 59 886
59 60 118
60 61 882
61 62 122
62 63 878
63 64 126
64 65 874
65 66 130
66 67 870
67 68 134
68 69 866
69 70 138
70 71 862
71 72 142
72 73 858
73 74 146
74 75 854
75 76 150
76 77 850
77 78 154
78 79 846
79 80 158
80 81 842
81 82 162
82 83 838
83 84 166
84 85 834
85 86 170
86 87 830
87 88 174
88 89 826
89 90 178
90 91 822
91 92 182
92 93 818
93 94 186
94 95 814
95 96 190
96 97 810
97 98 194
98 99 806
99 100 198
100 101 802
101 102 202
102 103 798
103 104 206
104 105 794
105 106 210
106 107 790
107 108 214
108 109 786
109 110 218
110 111 782
111 112 222
112 113 778
113 114 226
114 115 774
115 116 230
116 117 770
117 118 234
118 119 766
119 120 238
120 121 762
121 122 242
122 123 758
123 124 246
124 125 754
125 126 250
126 127 750
127 128 254
128 129 746
129 130 258
130 131 742
131 132 262
132 133 738
133 134 266
134 135 734
135 136 270
136 137 730
137 138 274
138 139 726
139 140 278
140 141 722
141 142 282
142 143 718
143 144 286
144 145 714
145 146 290
146 147 710
147 148 294
148 149 706
149 150 298
150 151 702
151 152 302
152 153 698
153 154 306
154 155 694
155 156 310
156 157 690
157 158 314
158 159 686
159 160 318
160 161 682
161 162 322
162 163 678
163 164 326
164 165 674
165 166 330
166 167 670
167 168 334
168 169 666
169 170 338
170 171 662
171 172 342
172 173 658
173 174 346
174 175 654
175 176 350
176 177 650
177 178 354
178 179 646
179 180 358
180 181 642
181 182 362
182 183 638
183 184 366
184 185 634
185 186 370
186 187 630
187 188 374
188 189 626
189 190 378
190 191 622
191 192 382
192 193 618
193 194 386
194 195 614
195 196 390
196 197 610
197 198 394
198 199 606
199 200 398
200 201 602
201 202 402
202 203 598
203 204 406
204 205 594
205 206 410
206 207 590
207 208 414
208 209 586
209 210 418
210 211 582
211 212 422
212 213 578
213 214 426
214 215 574
215 216 430
216 217 570
217 218 434
218 219 566
219 220 438
220 221 562
221 222 442
222 223 558
223 224 446
224 225 554
225 226 450
226 227 550
227 228 454
228 229 546
229 230 458
230 231 542
231 232 462
232 233 538
233 234 466
234 235 534
235 236 470
236 237 530
237 238 474
238 239 526
239 240 478
240 241 522
241 242 482
242 243 518
243 244 486
244 245 514
245 246 490
246 247 510
247 248 494
248 249 506
249 250 498
250 251 502
251 252 502
252 253 498
253 254 506
254 255 494
255 256 510
256 257 490
257 258 514
258 259 486
259 260 518
260 261 482
261 262 522
262 263 478
263 264 526
264 265 474
265 266 530
266 267 470
267 268 534
268 269 466
269 270 538
270 271 462
271 272 542
272 273 458
273 274 546
274 275 454
275 276 550
276 277 450
277 278 554
278 279 446
279 280 558
280 281 442
281 282 562
282 283 438
283 284 566
284 285 434
285 286 570
286 287 430
287 288 574
288 289 426
289 290 578
290 291 422
291 292 582
292 293 418
293 294 586
294 295 414
295 296 590
296 297 410
297 298 594
298 299 406
299 300 598
300 301 402
301 302 602
302 303 398
303 304 606
304 305 394
305 306 610
306 307 390
307 308 614
308 309 386
309 310 618
310 311 382
311 312 622
312 313 378
313 314 626
314 315 374
315 316 630
316 317 370
317 318 634
318 319 366
319 320 638
320 321 362
321 322 642
322 323 358
323 324 646
324 325 354
325 326 650
326 327 350
327 328 654
328 329 346
329 330 658
330 331 342
331 332 662
332 333 338
333 334 666
334 335 334
335 336 670
336 337 330
337 338 674
338 339 326
339 340 678
340 341 322
341 342 682
342 343 318
343 344 686
344 345 314
345 346 690
346 347 310
347 348 694
348 349 306
349 350 698
350 351 302
351 352 702
352 353 298
353 354 706
354 355 294
355 356 710
356 357 290
357 358 714
358 359 286
359 360 718
360 361 282
361 362 722
362 363 278
363 364 726
364 365 274
365 366 730
366 367 270
367 368 734
368 369 266
369 370 738
370 371 262
371 372 742
372 373 258
373 374 746
374 375 254
375 376 750
376 377 250
377 378 754
378 379 246
379 380 758
380 381 242
381 382 762
382 383 238
383 384 766
384 385 234
385 386 770
386 387 230
387 388 774
388 389 226
389 390 778
390 391 222
391 392 782
392 393 218
393 394 786
394 395 214
395 396 790
396 397 210
397 398 794
398 399 206
399 400 798
400 401 202
401 402 802
402 403 198
403 404 806
404 405 194
405 406 810
406 407 190
407 408 814
408 409 186
409 410 818
410 411 182
411 412 822
412 413 178
413 414 826
414 415 174
415 416 830
416 417 170
417 418 834
418 419 166
419 420 838
420 421 162
421 422 842
422 423 158
423 424 846
424 425 154
425 426 850
426 427 150
427 428 854
428 429 146
429 430 858
430 431 142
431 432 862
432 433 138
433 434 866
434 435 134
435 436 870
436 437 130
437 438 874
438 439 126
439 440 878
440 441 122
441 442 882
442 443 118
443 444 886
444 445 114
445 446 890
446 447 110
447 448 894
448 449 106
449 450 898
450 451 102
451 452 902
452 453 98
453 454 906
454 455 94
455 456 910
456 457 90
457 458 914
458 459 86
459 460 918
460 461 82
461 462 922
462 463 78
463 464 926
464 465 74
465 466 930
466 467 70
467 468 934
468 469 66
469 470 938
470 471 62
471 472 942
472 473 58
473 474 946
474 475 54
475 476 950
476 477 50
477 478 954
478 479 46
479 480 958
480 481 42
481 482 962
482 483 38
483 484 966
484 485 34
485 486 970
486 487 30
487 488 974
488 489 26
489 490 978
490 491 22
491 492 982
492 493 18
493 494 986
494 495 14
495 496 990
496 497 10
497 498 994
498 499 6
499 500 998
250 253
