500 5000
139 207 759
384 103 12650
184 251 5566
261 461 1518
421 409 7590
470 301 9361
95 118 25047
13 225 22011
237 282 5566
368 82 11638
412 1 9867
352 403 21758
155 62 9108
213 81 22517
452 210 25047
141 393 2783
424 427 3289
210 387 14674
177 157 3036
306 54 19987
491 372 7843
71 433 17710
346 120 18722
432 103 3036
103 2 21758
30 186 5313
38 429 17963
23 284 3289
8 299 8602
383 16 24541
146 436 16951
196 276 20999
371 2 12397
163 244 24288
11 228 15180
239 396 7084
177 404 3542
189 18 11891
31 210 21758
77 296 15686
5 485 5819
322 262 4807
188 258 3542
287 479 7843
168 405 15180
414 81 20746
61 312 15939
472 68 22011
359 31 2277
55 138 11385
16 384 10626
403 416 1518
72 285 19987
332 129 19734
407 65 23276
463 229 3542
154 229 18722
471 116 3036
220 289 18975
60 50 19734
27 418 6578
315 102 14674
234 167 11891
299 18 18975
187 199 18469
258 352 24794
398 408 506
330 4 8096
253 230 15686
358 98 8855
240 391 20493
398 296 3542
442 144 24288
472 384 24794
257 144 21252
280 160 23782
484 391 13409
396 425 15686
353 64 3542
380 232 13915
102 430 14674
115 9 24035
18 362 14168
400 291 15939
318 42 21758
385 50 20493
82 332 20999
139 136 13156
475 205 2277
491 65 10879
468 172 25047
60 354 253
467 45 7843
181 459 22517
30 205 25047
441 456 18469
326 41 19987
344 116 13915
172 484 1012
500 431 19734
413 272 5566
192 430 506
54 377 16951
51 421 13156
105 112 14421
275 51 506
346 355 2277
347 337 19987
472 423 19228
312 198 6072
90 341 22264
397 356 24541
95 402 25047
445 83 1265
374 102 6831
174 378 14927
264 373 11132
134 40 9108
128 267 14168
260 134 12144
457 444 16445
53 157 13156
495 214 11132
75 262 14927
90 53 21505
453 257 17710
347 177 4807
500 301 24794
185 90 23023
105 263 2277
136 33 1012
286 173 18722
210 359 21252
40 66 2530
405 396 7843
309 347 16445
466 314 23276
448 156 8096
407 219 19734
324 2 22770
39 97 23023
200 400 20746
387 278 21758
500 141 6831
446 45 23276
105 480 1518
249 497 2530
171 223 14168
233 456 23276
121 110 16445
402 224 7843
320 10 1012
404 29 22770
377 305 15939
243 187 10373
475 440 8096
197 12 5313
485 75 24035
350 473 13662
301 491 506
330 228 14421
230 60 8855
68 15 6325
295 80 20999
488 265 21758
381 222 22770
328 180 17204
141 224 4048
412 243 14674
464 381 21758
119 198 4301
367 246 7843
130 204 12650
482 444 15433
209 267 14927
113 11 20746
426 276 4554
167 362 18216
287 322 10626
409 226 16192
336 412 3795
16 432 13662
366 67 7590
10 28 23529
34 115 253
441 210 23023
381 492 13915
452 158 506
128 186 15686
13 411 18722
55 239 3795
114 189 14927
489 158 9867
419 311 13662
225 270 17963
205 352 4048
376 209 2530
329 279 8855
457 470 20999
208 178 10626
244 464 20493
56 198 12144
391 385 19987
452 265 2277
231 233 1012
458 158 759
374 457 5313
103 120 7337
470 333 18975
206 428 4301
106 236 11638
475 139 11891
474 308 10626
126 344 13409
80 165 21758
215 428 17710
480 426 20746
480 363 9867
304 166 21758
17 286 12650
264 36 8855
157 173 6831
332 377 16698
156 288 18975
53 404 6325
377 361 5313
339 25 7590
265 40 9614
296 356 20493
131 281 253
32 18 22517
369 313 15433
175 111 14927
212 367 22517
353 8 14421
376 354 8349
365 364 24035
317 283 15180
51 256 10120
284 347 14421
177 276 22011
310 417 22517
301 280 6072
29 63 5313
337 156 12397
387 348 19228
208 397 10879
17 427 16192
287 257 23782
487 45 24794
131 375 15939
1 296 15433
22 215 13662
419 185 22770
399 50 8349
88 403 19987
78 310 5060
320 93 8349
119 386 17963
291 48 16192
456 317 18975
166 437 2530
389 78 1265
177 209 16698
334 389 14674
181 437 18216
367 426 17963
256 411 3289
96 476 16951
125 476 759
261 329 11638
414 296 21252
311 482 23529
69 107 20746
447 378 16192
297 453 12903
405 415 13915
371 108 506
15 150 11891
191 219 20240
418 473 15686
215 323 13156
211 422 12903
58 260 5566
360 75 8602
183 185 3795
328 177 24288
14 379 6831
286 38 12650
468 430 6072
251 345 12397
172 131 15939
357 147 2024
446 119 11638
471 418 14674
382 423 6325
263 73 4301
467 247 12144
17 132 19734
30 436 15180
25 142 13662
335 306 2783
375 100 6072
197 301 14421
299 150 14168
86 316 6325
90 338 8855
79 115 14421
445 488 6831
281 456 17710
366 316 13662
209 474 759
245 9 21505
172 56 17457
118 241 11385
159 353 4807
275 162 20999
219 326 16698
43 435 24035
488 286 506
61 74 15939
53 333 17204
397 275 24541
369 396 13409
285 347 10879
116 365 14927
318 308 20999
427 489 20999
420 9 10879
333 425 14168
116 252 15939
454 27 22264
294 131 22011
281 258 20746
118 250 4301
283 419 11385
231 301 14674
469 398 21252
258 349 22264
243 206 2277
14 224 18975
453 384 22770
230 297 7590
238 337 22264
58 370 7843
125 391 2530
154 397 18722
98 353 10373
302 215 1012
176 173 5313
317 258 7337
6 421 3289
450 221 6325
311 303 19987
196 432 9361
408 300 1265
317 363 22517
454 374 15939
75 30 6072
452 416 16445
175 113 3795
301 386 6578
204 42 12650
107 389 3036
83 406 23276
180 229 7337
64 217 6578
265 436 11891
364 273 25047
335 250 17204
451 484 15433
229 234 6578
460 415 14168
355 50 7843
176 4 11385
140 433 18722
60 134 9614
99 265 5819
345 91 506
487 137 19987
17 173 23782
89 206 18216
276 339 13156
9 308 24035
166 105 6072
487 379 2277
263 455 17204
390 152 10373
319 86 506
369 12 8602
487 373 7843
292 190 17204
312 370 20493
148 337 18975
46 394 22517
388 324 11891
112 125 22770
131 32 18216
141 197 2783
184 364 21758
118 227 1012
308 304 6325
149 197 17457
47 61 20999
416 301 17963
91 276 6831
375 353 20240
472 360 18216
367 446 4048
376 401 11385
445 154 5566
260 184 6325
33 165 12903
372 319 7084
399 129 18975
387 196 3542
86 170 16951
336 140 11891
189 366 19228
485 116 8602
446 353 19734
406 307 3542
401 132 15686
477 274 17204
31 337 15433
412 272 3036
134 332 17204
14 238 2783
138 144 25047
119 392 13409
126 146 22264
25 441 3795
74 142 3795
19 36 9867
306 328 3795
276 398 1012
308 66 16951
395 49 19228
100 270 5819
488 196 17963
10 23 10626
497 315 1265
436 53 15686
171 76 18216
3 20 15686
327 320 1771
14 336 18216
471 62 14168
251 183 20746
118 204 6831
44 68 6831
433 202 2783
141 446 15939
240 453 2024
264 111 21758
232 109 4301
444 142 11132
386 475 8096
187 13 1771
24 138 6072
459 12 7843
7 449 6072
150 275 8602
218 132 2277
482 320 23529
110 456 8855
354 97 19987
66 309 16192
350 341 9108
134 17 10373
224 187 17204
134 493 9108
434 151 16951
259 310 4048
23 384 20999
293 495 4048
119 260 3289
133 432 11385
302 427 17710
39 110 9361
365 228 4554
101 228 3795
372 351 17710
43 275 11638
138 93 12144
181 307 21505
127 123 19228
477 109 10626
78 481 22264
123 19 5313
151 225 13915
279 132 2024
411 474 23276
45 259 12903
195 55 19734
140 128 18469
253 382 6325
228 116 19228
202 108 8096
139 209 23276
42 199 4048
308 495 12397
223 45 5060
55 279 2277
498 189 3036
220 478 21252
141 380 19734
21 226 13409
111 101 20999
357 291 22770
295 125 14168
316 269 253
296 213 10879
64 406 5313
195 384 10120
197 52 17710
459 465 16698
169 389 20240
142 486 3542
330 168 12903
374 121 6578
432 265 13156
198 391 25047
456 430 20746
371 471 21758
364 289 3795
92 213 3542
110 348 9614
463 268 3289
28 106 16951
234 347 5060
284 364 16698
178 162 22517
51 461 22770
175 293 22264
89 62 2024
475 63 16192
192 200 1265
450 402 18469
70 154 20493
251 458 12144
446 447 1771
378 411 18722
469 195 3795
78 363 11638
289 475 23023
11 220 12903
346 99 15686
414 182 24794
280 384 22517
60 29 22517
101 155 6072
187 400 13915
382 365 22770
225 66 14421
57 345 18722
253 136 2783
477 422 3036
28 235 21758
397 435 15180
351 240 19987
174 57 12397
312 185 18975
364 393 4807
337 195 21252
128 58 4807
258 386 23276
271 324 7084
51 271 21252
247 147 14674
336 449 6831
475 267 506
347 437 19481
230 365 17710
285 27 6831
113 271 18975
408 224 9108
70 209 3542
295 294 506
11 336 13662
104 306 17963
220 142 19228
237 86 506
297 415 4807
287 226 12144
297 259 21758
359 438 19481
401 288 2024
10 303 15180
282 454 12397
37 364 1265
211 262 6072
321 380 17963
337 135 759
274 373 3542
309 265 7590
390 209 18975
439 90 13409
253 290 14927
328 23 10373
329 382 1518
214 278 4554
414 148 8096
90 154 3795
248 344 9867
423 424 17963
103 468 18216
308 107 1012
145 165 10626
207 419 3289
497 426 18469
283 34 7337
418 346 14168
331 177 16445
129 2 13662
120 272 17963
356 78 11132
261 175 21252
450 327 11132
129 275 2783
135 496 5566
58 96 12650
9 103 7590
209 426 9614
442 90 13156
195 50 12144
433 46 8096
121 302 8855
495 61 19987
14 30 19481
41 476 6072
187 96 24035
323 34 6831
182 343 11385
23 262 3036
92 5 6072
340 176 23782
120 414 4301
272 490 7590
58 39 12397
316 372 3795
7 459 13409
46 317 7590
325 313 5060
35 256 17204
84 164 11638
293 125 15686
467 23 23276
492 4 13915
115 132 3289
77 187 18469
201 422 3036
160 437 20240
468 472 13409
182 209 21505
494 251 10373
445 93 1771
437 48 11385
82 223 2783
372 177 4807
100 51 15433
19 11 9614
105 424 6831
467 454 4048
463 435 5060
494 378 22264
229 186 6072
476 112 8602
50 128 24794
300 45 6072
81 106 18722
312 130 21505
109 354 6325
286 220 10120
346 52 4807
369 149 3795
422 435 17457
86 447 18216
389 316 11638
430 444 17710
206 123 15686
458 437 23023
45 104 3542
398 447 10373
156 44 3795
56 121 2024
147 200 12397
114 288 24035
226 431 10373
256 414 22770
488 304 3289
206 414 4807
441 427 7843
250 331 11385
32 122 5313
484 486 759
92 366 6578
254 211 22517
325 447 14927
59 369 12650
343 89 1012
325 435 6831
172 87 10120
467 167 3795
378 437 15433
367 132 3542
278 97 17204
217 366 12903
334 228 17204
76 29 15939
178 441 8855
299 288 17710
423 125 4554
147 186 7843
384 297 11638
322 170 7590
232 428 253
251 495 20240
346 350 15180
61 315 23276
346 468 19987
356 473 5819
395 72 21252
333 390 5819
45 381 10879
138 452 18722
8 64 15433
247 58 8602
467 175 14674
323 457 18975
332 207 10120
477 271 20240
225 144 14674
439 120 18469
38 462 4301
363 168 16698
139 270 8855
83 163 14674
200 302 23023
242 141 4554
318 424 4048
424 82 25047
21 374 16445
55 283 8096
483 268 10879
296 265 6831
354 117 21758
395 10 3542
38 396 1771
363 462 12397
74 192 3036
274 335 11638
28 387 17457
445 89 4807
23 194 13915
38 331 17963
228 50 24288
244 3 16192
320 255 3795
463 11 16192
259 283 24541
318 22 15939
494 257 5566
187 415 8855
237 73 1265
270 48 5819
24 16 13409
286 374 23529
74 322 19734
272 324 23529
444 400 21252
387 3 13915
209 259 2277
135 437 7337
384 497 20746
378 133 18469
139 383 7843
278 347 16951
437 51 19987
358 491 6325
262 452 24794
87 302 2277
476 17 14674
136 78 506
161 191 18975
242 164 23276
71 219 9108
174 317 14168
92 18 9614
266 272 4807
358 205 13915
33 164 6325
55 178 24288
116 98 14927
286 25 23782
466 499 5819
464 352 19987
327 83 13156
326 295 14674
466 254 19734
28 381 10626
282 160 19987
323 7 5819
166 331 14421
129 413 23276
346 93 14927
330 201 9614
141 22 22264
59 371 11385
223 397 7084
346 215 2024
275 237 759
131 293 9361
498 210 16445
49 372 2277
477 3 6831
297 205 21505
474 142 24794
212 79 5313
165 280 5313
30 312 14421
30 215 1012
114 433 15939
53 312 5819
354 422 19987
351 169 15180
406 69 19481
412 323 14674
26 151 4301
4 1 12903
492 100 23782
82 4 7084
10 58 24288
466 258 3542
123 121 17710
163 357 16951
492 12 13662
327 212 16698
28 382 23529
413 106 12397
325 201 4301
19 167 18469
18 359 20746
27 474 20999
411 313 19481
57 295 10373
143 64 8349
70 293 5060
153 73 1518
374 3 8096
97 89 22011
3 500 14927
226 406 23023
500 451 13156
180 466 7337
316 226 10626
69 145 9614
416 7 12397
279 81 6831
442 288 13409
85 336 11385
77 493 5566
421 491 21252
254 45 19734
194 281 9108
188 245 9361
108 123 17457
31 165 19987
498 128 6831
480 119 22011
246 447 4048
460 21 506
431 414 12650
311 198 14674
116 366 12650
317 28 1771
408 100 18216
104 81 17710
456 156 14421
135 357 506
109 260 15939
183 266 6072
352 446 24288
255 112 4554
151 218 5060
267 261 14421
252 338 12397
307 154 10879
29 48 9361
459 173 25047
60 385 7337
295 398 6325
339 469 22264
203 165 20746
366 286 2530
51 26 22264
417 299 17963
319 284 6325
18 277 11385
496 187 10879
140 275 22517
340 305 6578
354 309 20493
240 378 17710
288 122 4807
4 321 6578
32 253 22264
169 329 3795
465 439 16698
366 3 1265
42 469 16192
337 333 5566
209 50 1771
151 491 11638
81 231 22517
53 101 23782
64 113 17710
60 94 19987
124 92 7084
211 321 16192
474 403 2277
389 18 19228
125 439 1012
29 257 22517
29 306 16698
424 35 16445
427 60 1771
483 323 12144
181 184 9108
235 80 23529
71 230 2277
352 212 14168
196 417 16951
78 422 12144
324 389 18469
408 266 14168
220 6 16698
259 156 2024
383 168 2277
426 406 12650
465 309 759
449 413 1771
302 84 24541
286 84 14421
162 50 759
34 277 2530
364 406 23529
104 305 10120
15 401 3795
238 59 10626
194 278 19734
404 429 4554
61 51 14674
370 180 7337
82 333 759
22 70 16698
431 299 23276
164 36 3795
61 147 18216
10 35 17457
151 326 20493
324 374 24794
459 11 13156
463 376 17204
236 460 7590
492 289 20999
229 117 21252
316 248 8855
464 318 2024
495 112 6578
13 393 13915
252 392 14674
333 384 4554
345 77 13409
493 338 13915
38 200 2530
341 183 9867
99 260 15939
258 318 4301
182 412 13662
343 335 17710
294 433 8349
462 453 5566
460 155 23782
359 404 14927
326 87 24794
261 289 3289
474 147 18975
363 95 19228
230 17 23023
71 138 14927
34 493 23529
157 435 20746
479 450 8602
352 33 12650
266 170 20746
118 257 22770
17 387 6831
245 428 3289
9 365 15433
172 380 7084
388 385 22517
491 342 1265
132 20 20746
28 35 11132
426 174 9361
221 325 24288
93 498 2024
282 198 6325
117 117 24541
297 196 12650
133 461 22517
175 115 24794
353 153 759
28 183 21252
147 153 15433
353 445 14421
438 458 4048
223 164 13156
405 395 9361
180 38 6072
313 237 17204
115 381 20240
403 250 22264
193 43 8349
102 127 8349
397 91 14927
266 433 12650
488 105 2783
220 364 9361
146 268 16698
227 136 16192
411 84 20240
375 464 24794
116 63 17204
369 126 18216
51 326 2530
449 296 16192
444 398 9108
398 20 1771
187 159 22264
369 63 10120
489 151 16951
373 346 12903
427 388 2277
172 323 17204
95 43 1012
428 55 15686
441 225 16951
145 299 24794
251 447 17710
152 326 19228
279 165 9108
483 373 8855
203 484 1012
413 89 12144
416 1 11385
102 265 17457
218 364 5313
39 358 19734
283 248 24035
301 29 9108
313 89 14927
408 55 13156
160 393 22770
147 124 10626
410 234 21505
89 145 19228
443 18 9614
53 452 13662
472 168 11638
343 36 22770
419 453 19987
144 353 14168
322 178 6831
387 307 23782
306 244 13409
144 210 2024
465 112 5819
463 468 4301
435 368 18975
142 404 14168
357 258 13409
378 52 4554
92 209 1771
198 14 22770
195 311 14168
300 16 23023
149 480 13662
397 264 13156
413 412 14927
231 490 5566
228 373 24035
91 356 3036
223 351 4048
183 92 1771
314 340 13915
156 430 24288
123 170 8602
237 116 11638
281 68 11638
260 63 10120
465 4 14927
266 42 16445
8 287 16951
237 281 13409
258 154 16698
233 442 6578
305 219 7590
291 246 16698
45 482 23782
106 475 5313
60 67 8855
386 359 21252
281 352 4301
61 287 22011
94 98 7084
294 163 13662
302 484 5819
251 266 16698
377 473 3542
412 62 8602
60 178 19734
59 223 22770
338 114 2024
56 483 3542
458 23 16192
378 195 22264
180 28 10120
109 237 7590
233 316 5566
78 179 8096
184 125 12397
474 464 17963
437 32 15939
449 261 17204
146 189 10120
453 178 19228
237 339 2783
37 196 1265
209 293 21252
270 25 12650
341 247 19481
406 138 12144
457 85 18722
87 37 17457
487 115 2530
3 347 3289
296 457 21505
494 238 13409
89 384 11891
395 300 11891
249 292 25047
80 136 1012
210 489 17457
310 306 10626
414 50 18469
294 214 14421
201 81 11132
17 287 8349
481 131 19987
472 186 24035
442 249 22264
198 74 22264
307 38 13662
482 405 2530
251 135 1265
119 142 15180
192 5 2530
104 416 2530
175 376 15939
496 366 10626
91 394 1012
371 307 8096
462 14 9867
109 494 12397
180 256 22264
216 100 22011
166 69 4048
325 148 6325
250 105 15686
401 70 8349
469 148 7337
306 306 8096
82 69 1771
340 1 22770
393 55 1012
341 336 22517
51 206 19481
36 13 5313
237 7 759
316 269 13915
353 394 20493
471 211 10373
180 183 2277
3 145 18216
348 347 17204
455 50 7590
124 456 22264
449 361 7590
164 403 1518
9 407 18975
465 291 3542
377 103 25047
312 393 6072
16 16 12144
117 395 13662
155 56 12144
198 485 11132
500 2 506
236 364 12397
467 210 13409
46 56 8855
1 406 13156
211 173 6831
5 198 12397
351 258 12903
143 214 15433
116 467 8855
79 264 23782
128 50 13662
144 12 12397
450 294 23276
189 18 10626
347 129 5566
85 33 24541
103 459 22517
220 336 9867
41 289 22264
446 475 6325
123 395 19228
56 320 23023
250 372 19734
496 99 9361
476 492 8096
19 407 22517
23 108 5819
260 238 24794
119 9 1518
179 315 12650
393 245 19734
426 481 16698
343 288 14674
191 152 7843
314 20 18722
164 404 20493
432 111 14421
458 117 12903
200 131 16951
445 368 5819
360 201 253
23 392 17963
318 498 19987
116 5 11638
328 440 19228
244 388 15686
426 222 12397
55 162 22517
95 56 17457
394 194 11638
160 298 3036
391 174 24035
168 108 22264
4 149 22011
298 221 24794
400 482 23782
53 270 18216
329 131 19734
165 301 6831
290 226 11638
381 487 21505
13 238 8096
61 82 24794
237 69 5819
357 257 6072
80 196 23529
222 402 12650
142 139 2277
102 376 23276
75 429 4301
434 283 3036
208 97 5566
85 114 5566
241 372 21758
78 410 19481
81 451 21505
461 454 5819
284 209 14168
470 128 19987
379 398 7084
264 83 5060
394 365 14168
19 500 6831
108 52 15939
28 12 759
302 203 21505
321 76 14674
63 84 22770
19 300 18216
286 479 20999
465 181 1771
427 395 5060
416 463 22770
181 267 13156
413 110 20746
434 83 759
375 324 14927
35 165 18722
478 302 5819
70 99 8602
42 134 16698
214 229 13662
25 127 15433
407 73 10626
226 447 253
371 211 14168
158 91 3795
301 472 506
38 350 2530
308 287 11132
271 372 253
311 328 3542
448 282 12144
406 98 7084
468 219 5060
299 429 14674
326 280 13915
403 64 20240
497 389 17204
338 472 506
172 138 12397
438 7 17963
444 399 19228
125 324 3036
343 81 7084
407 324 10626
74 15 19734
276 133 6831
223 172 2530
278 485 3542
328 17 13409
467 185 17710
426 315 16951
175 337 24035
105 398 3036
19 7 2277
196 323 6072
122 265 12903
96 293 1265
171 354 23276
352 151 5819
11 405 5566
35 49 17963
364 330 9614
207 29 22517
439 245 6831
399 474 17963
48 38 7337
35 342 9867
207 40 23276
166 428 15433
82 251 12397
289 225 2024
404 123 15686
407 55 24794
470 257 19481
377 493 3036
106 304 2530
82 53 759
280 115 1265
451 117 14421
353 181 12144
58 37 23276
232 213 12144
277 102 10879
205 300 253
475 149 20493
34 152 21252
383 248 15180
272 241 23023
218 211 1771
217 50 5819
296 386 13915
282 324 15433
384 326 4807
309 72 19734
332 332 4301
319 258 4301
244 477 14674
323 27 8602
482 387 1265
58 167 17710
335 282 22264
163 67 22264
122 382 7843
374 84 7084
451 192 19734
180 103 9614
339 359 16445
391 81 10626
389 49 11638
221 214 8855
336 110 3036
123 383 4807
493 48 23023
150 414 2277
472 439 24794
496 392 13662
95 256 1518
446 294 17963
152 111 15180
173 200 12144
140 486 6072
102 173 5060
366 96 2024
205 280 3036
352 437 10879
176 8 1012
337 332 8096
196 190 16192
470 138 12903
473 460 12144
341 362 15686
246 207 22011
173 362 5819
454 103 4301
398 316 22011
106 2 23023
461 299 17204
109 432 19734
150 346 4048
69 4 506
363 400 16445
131 407 1265
382 232 4807
270 318 17457
496 432 23276
386 432 2277
238 25 24541
187 112 17457
93 414 11385
258 265 2783
345 184 14674
242 51 11638
266 206 1771
117 2 18469
158 325 22264
60 486 24794
387 191 3289
250 384 18216
467 303 17963
37 196 9361
86 62 4554
230 311 15433
143 471 19734
7 148 11385
14 399 14168
337 84 17710
323 114 7084
432 338 6831
112 311 16192
239 482 11385
332 128 759
143 399 6578
285 72 22770
301 458 23023
320 199 13915
300 319 10373
472 267 9361
491 324 5060
155 320 14927
359 187 21505
260 138 18722
482 431 20746
282 122 18216
471 60 15180
292 403 12144
190 481 10373
371 129 3795
324 132 6072
353 463 16698
75 232 7084
188 150 1265
132 34 1012
140 48 5060
211 472 18975
267 177 19734
20 205 17963
354 441 1012
203 271 6072
79 248 21758
251 406 15180
367 108 2277
190 151 13156
10 390 17710
311 70 7843
349 103 5566
279 419 15180
108 359 8349
35 318 19987
360 324 14674
395 63 6325
153 39 16192
42 70 17457
49 264 23529
137 199 1518
256 462 253
419 338 4301
199 53 22517
378 216 10373
304 68 2530
167 382 16445
26 201 3542
454 376 2024
197 414 8602
90 62 9108
218 90 3795
414 246 1771
444 199 11132
412 320 4807
356 362 24541
450 466 23023
323 71 19987
33 371 17457
479 14 22517
211 4 18722
408 321 18469
467 296 2024
164 99 6831
371 134 16698
428 192 23529
120 349 8349
144 71 21758
413 36 6325
14 156 12144
208 442 2783
80 448 5566
248 15 9867
39 124 7084
218 353 23782
260 80 3795
374 478 14168
359 213 2024
455 381 19987
98 423 8855
446 428 8855
415 267 23529
340 240 1771
446 379 13915
219 351 21758
258 16 4048
254 159 17204
346 351 22770
482 9 6325
192 320 1265
320 250 20999
488 300 9867
186 268 13915
355 120 17963
199 332 6578
253 239 12144
140 233 13409
191 313 3795
20 49 12144
341 171 12144
244 42 7843
373 403 1012
276 208 7590
135 167 24288
352 363 20240
380 412 5060
68 422 6072
35 351 13915
3 203 9108
38 140 11638
248 247 24288
173 214 20240
369 289 6325
491 13 12650
133 129 22264
488 301 22517
392 421 15180
143 363 23023
61 119 7337
312 420 14674
214 279 4301
295 115 11385
223 411 20746
227 182 8855
129 337 24288
278 494 8602
290 411 7337
54 269 23782
408 137 13662
33 467 1265
19 154 18975
13 482 15686
467 296 17963
215 270 21505
111 1 18469
161 217 19481
489 269 16445
3 11 5819
241 214 21758
376 180 21505
221 489 23023
447 436 18469
305 76 6831
271 235 17457
299 148 19734
300 91 1265
38 394 14927
48 437 15180
78 1 21758
385 233 7084
297 320 7843
410 401 23782
66 195 24794
222 457 16445
423 73 253
314 320 759
191 266 17204
209 157 9614
221 243 10120
417 9 12144
256 56 23276
319 33 1265
224 3 16951
257 58 11638
46 427 21758
377 3 506
21 181 2783
270 215 11132
210 295 17710
109 489 17204
77 249 3542
420 325 7337
119 100 24541
292 193 11638
76 441 13409
325 213 23782
69 485 21758
444 72 22770
446 297 23529
369 62 1771
308 52 9614
122 378 9614
367 109 9614
458 447 3542
468 215 10120
36 231 3289
172 308 4807
158 320 2530
153 276 759
278 330 16951
167 12 14421
107 347 14421
18 488 19228
137 25 22517
59 37 18975
210 147 2783
327 476 7843
46 109 5313
261 333 10626
235 98 24288
74 42 2277
376 299 18216
490 400 23276
98 491 12397
419 464 23782
380 12 7084
209 390 9361
182 447 4301
271 68 8096
250 157 18469
67 207 18216
232 148 15939
494 449 506
344 307 23782
125 62 8602
436 30 12903
356 335 12650
279 206 4554
291 40 18975
457 235 17457
428 250 24541
221 244 3795
496 381 13409
305 241 11638
292 220 2277
305 85 16951
271 298 13662
48 194 15939
38 402 18469
265 349 17204
32 271 23023
497 125 13915
144 153 9108
458 274 7337
462 390 14421
125 326 15180
478 171 21758
120 1 22264
48 448 4554
103 305 16698
252 454 20746
274 184 13156
433 90 18975
459 362 14927
430 480 19987
391 286 6325
367 479 8602
491 442 15686
175 91 19228
468 33 23782
174 42 13915
198 61 10626
65 238 3289
371 135 20240
274 489 20493
103 220 1265
429 330 19481
365 494 19228
426 430 15180
488 338 1265
291 73 24794
423 246 6831
479 33 2783
158 372 14927
497 307 11132
487 132 5060
44 295 24288
8 425 4554
284 476 10373
23 278 2024
128 118 2530
264 228 11638
120 489 24794
297 123 14674
395 16 21252
409 66 4554
295 348 21758
456 341 4807
338 387 19481
434 296 5566
378 57 1771
98 244 9361
283 440 24541
156 240 8096
242 451 18722
165 251 18216
262 451 17204
8 385 23782
41 184 15433
87 159 23276
410 177 13156
282 413 8349
81 276 1012
264 77 9614
192 385 19987
485 239 17710
211 224 15939
70 473 1771
360 41 12397
43 328 6325
459 301 22770
202 467 17963
184 379 759
254 224 6831
239 309 6578
327 74 14168
124 156 20746
481 318 15433
151 169 12650
82 254 5060
224 40 7843
238 27 6578
424 349 17204
139 257 6578
152 213 23529
398 160 22770
274 267 17710
142 343 1265
416 358 4807
443 404 12397
496 436 6831
468 126 4807
430 387 22011
226 451 10373
284 208 24541
384 379 253
207 319 253
410 444 17457
378 162 16951
291 279 8855
103 407 1771
314 20 7590
256 227 7843
371 199 19228
145 185 16445
76 373 13156
232 338 1012
98 272 10879
114 282 13915
114 370 759
439 475 4301
166 65 7590
161 420 22011
41 388 23023
282 117 6578
39 369 5819
382 188 20746
277 154 2783
105 226 13662
440 172 1012
386 280 3542
242 18 17710
419 29 8096
229 70 23782
14 8 7084
151 177 4048
162 484 2277
228 446 17963
6 55 1518
27 26 14421
93 419 15939
210 415 8096
37 22 3036
195 432 6072
62 3 5566
344 116 5819
134 468 10373
148 326 8855
479 289 14168
71 85 12144
175 269 22264
284 171 13409
488 211 10373
454 73 3036
225 232 16698
147 452 13915
428 55 20999
221 264 17710
149 48 15180
435 500 8855
314 32 10879
302 9 24794
20 261 2783
155 38 8096
196 198 5060
320 299 23276
8 89 9108
430 10 10373
356 128 18722
95 330 16445
15 37 13662
97 343 14421
462 330 759
365 131 2530
494 368 14421
349 439 11638
399 41 22264
40 363 5819
470 137 12903
303 304 14421
118 165 24794
434 13 9108
441 92 17963
8 363 4807
6 235 24035
46 334 20999
443 411 3542
21 114 18469
345 394 21252
86 6 24541
196 324 17710
306 420 12144
112 54 4807
70 129 7337
359 323 10879
346 343 18975
468 464 6831
417 256 3795
80 282 18975
472 67 23782
393 84 12397
133 342 13915
106 437 7337
42 76 2530
97 272 17963
269 58 15433
380 279 22517
226 362 20240
417 416 4554
476 98 23529
168 75 23529
284 96 18469
45 258 9108
101 190 253
364 328 23276
341 285 506
86 320 16698
390 160 5060
284 117 759
294 90 5819
25 403 3289
12 42 3542
337 400 2277
110 85 20746
344 325 6325
189 316 10626
140 463 5819
392 385 4048
135 138 19481
423 16 253
220 341 3036
228 160 13156
180 205 25047
344 48 17457
96 155 10373
451 224 19481
119 160 24541
413 208 15686
169 439 1518
69 469 13915
403 367 15939
273 484 15180
437 146 10373
253 65 1518
413 148 15180
212 381 17710
219 157 11385
377 472 24288
201 153 13156
290 125 14168
161 237 8096
260 413 506
467 391 22264
350 204 3036
457 12 6072
358 108 3542
486 42 18216
205 364 23529
296 157 9108
286 185 9108
354 320 20493
466 285 4554
234 119 3036
187 295 20240
10 261 2277
80 275 24541
248 314 7337
74 108 10879
156 446 12144
263 480 18469
406 384 13409
407 470 11385
275 299 10373
153 191 14421
184 186 11385
282 142 12397
134 204 13662
135 485 2024
98 358 5060
249 153 24288
211 336 16951
399 57 20999
436 383 7337
378 439 7084
179 207 18469
433 203 17204
10 246 3795
349 49 16192
148 66 8602
264 72 11132
454 356 11638
433 335 22770
40 400 10626
402 403 17710
253 73 11132
375 174 11638
57 434 17963
47 106 21252
270 267 14168
327 368 2783
343 124 6831
264 153 9108
205 1 8855
58 23 17710
84 280 7843
439 398 6831
7 10 8096
361 328 17204
377 87 22517
463 33 1518
415 313 3036
130 252 22264
356 384 9867
221 43 13409
415 396 10879
271 344 9614
175 239 16698
66 136 10120
23 41 8349
172 411 506
72 421 12144
116 248 16698
438 488 23782
152 497 1012
368 56 12903
312 344 23276
224 260 19987
362 195 1771
377 323 24288
298 381 8602
314 92 3289
290 464 506
325 225 19734
334 389 18722
252 31 253
131 229 23529
14 42 19481
55 293 4301
202 409 1265
389 195 24288
69 242 6578
18 190 23023
404 6 4301
232 389 13915
258 226 2277
113 429 17963
346 343 14168
224 123 23276
478 412 2024
32 483 17457
90 187 20493
204 146 9361
133 298 3795
113 208 9108
266 456 24288
179 402 17710
267 255 21758
7 214 13662
417 340 22264
251 449 5060
410 438 2530
242 200 2277
480 93 4554
206 177 15180
254 320 22011
371 233 24541
303 63 13662
23 138 7084
381 480 22517
29 71 21758
262 152 11385
185 386 9867
395 408 3289
345 254 6578
120 22 8349
305 380 18469
424 205 8349
283 317 759
428 16 18216
190 94 17204
118 192 18469
92 103 20493
378 327 3289
112 148 7337
341 47 25047
205 275 10626
151 142 12144
160 355 14168
428 253 4807
20 250 13915
422 73 11638
189 226 8602
479 205 11891
138 419 6831
310 302 3289
484 110 12903
288 20 18722
248 113 24288
183 42 12650
419 241 6831
136 155 10120
487 433 24794
372 481 2277
477 114 18216
297 110 22264
219 153 25047
439 48 14927
138 234 4301
244 79 20493
291 68 18216
301 435 6325
282 391 16698
135 83 20493
482 243 20493
122 452 8855
351 258 20493
335 188 8602
447 281 19228
2 404 4301
159 226 23782
295 97 1265
114 325 7590
149 322 6578
359 7 24035
289 463 15433
95 153 16445
294 477 17710
195 184 14421
96 472 506
313 341 10626
289 259 24035
296 477 23023
360 292 16445
161 90 6831
413 118 7337
410 162 10120
477 163 20240
140 451 9867
54 371 24288
61 159 13409
488 19 9614
48 301 15180
52 346 17710
280 473 1012
74 128 22264
415 29 14927
129 408 1012
165 263 10626
389 401 2530
494 65 10120
425 75 12650
150 460 23529
74 120 23023
277 443 11385
328 51 1265
485 472 11385
428 466 4807
77 275 14674
367 102 21758
74 140 20999
351 366 17710
395 110 23276
88 362 12397
417 230 16951
268 277 16698
380 260 12903
464 260 4048
42 382 15180
392 171 1771
333 344 506
481 381 11638
440 55 11891
312 111 25047
317 391 1518
213 222 24288
126 116 5566
490 412 22011
80 472 22517
275 391 7084
90 393 1265
411 32 21758
103 474 11385
218 466 17963
25 70 6831
226 446 4301
224 240 25047
10 325 15180
330 495 5060
367 381 24794
395 415 253
408 388 20999
23 41 13915
239 429 5060
294 496 21758
116 347 4807
335 328 12144
209 164 2024
78 168 15433
295 81 13915
346 199 4301
259 28 17710
253 160 19734
57 70 3289
184 18 14421
252 354 20240
211 473 1012
262 262 3289
428 418 20240
443 54 3795
143 464 6325
9 449 17204
447 325 2024
439 89 21252
133 363 1771
376 364 19987
88 140 10879
473 488 1012
396 486 6831
66 312 18216
193 144 12903
461 290 24035
217 460 10373
241 273 3289
105 270 4301
448 425 7084
292 459 11638
481 63 16951
394 45 16951
164 170 4554
289 50 13409
375 231 2783
206 107 16951
52 415 17204
79 359 23529
437 31 253
237 341 9614
230 162 1518
198 439 2783
120 392 14927
456 297 14927
4 216 10879
248 280 1265
346 482 9361
349 180 9361
145 247 22517
43 94 12650
90 33 12903
56 323 14168
291 448 16951
461 85 23023
186 279 5819
417 184 16445
445 188 4554
57 56 22264
139 421 12903
48 30 8855
177 162 3289
142 341 18722
360 209 1771
223 102 2530
245 173 22770
148 145 7337
366 338 5566
425 170 9614
1 305 20746
217 37 1012
97 457 4301
85 10 9867
48 362 3795
94 439 9614
157 265 25047
146 490 14927
251 97 21252
12 80 12903
376 240 24541
196 27 5313
335 342 13409
395 38 2277
245 213 9867
63 345 14168
417 316 2783
315 71 23023
383 98 23276
379 75 21505
440 485 22011
285 108 2530
315 222 506
244 343 23782
134 482 8096
79 366 15180
1 339 506
244 164 506
200 220 20746
393 204 759
127 5 1012
215 22 6831
98 456 22011
300 421 24541
335 145 17963
251 208 1265
392 197 15939
68 379 13915
185 259 6578
97 56 506
268 437 22517
33 405 16698
255 326 16192
178 377 9108
446 376 22264
352 73 6072
423 121 18469
154 500 24541
343 372 6578
77 113 14421
487 239 16951
499 472 7084
447 6 10120
120 275 6831
431 294 23529
250 54 253
31 270 20240
311 143 18469
223 355 16951
167 339 4048
407 17 3795
363 483 23529
212 312 12650
207 368 253
89 419 11132
188 368 24541
267 492 18216
299 313 18975
330 322 4554
141 426 22770
463 479 14168
72 375 6831
148 13 12397
382 178 9361
213 195 1265
275 188 253
50 15 18216
180 85 10879
398 451 14927
290 154 2530
321 186 24035
96 11 13156
153 276 8349
235 225 2024
352 487 6831
134 479 6072
94 480 20746
285 326 20493
92 448 23529
24 162 16951
413 13 17963
489 184 17710
379 439 18216
499 248 7084
368 316 7590
441 484 24541
479 32 1012
467 374 14927
330 498 8349
331 398 21758
315 307 15686
185 3 7590
195 259 8855
498 144 24288
493 142 23529
108 208 8602
48 152 9361
254 364 20493
348 89 12397
243 467 6072
144 372 19734
347 240 22770
361 114 22517
447 201 18469
351 385 19228
82 380 7843
422 81 3289
248 395 9867
354 352 13409
235 144 20999
45 477 11385
380 296 19228
31 418 8602
499 200 7084
260 22 1012
342 271 10626
41 50 22264
376 215 6325
32 422 1518
449 61 17710
283 263 16445
488 231 17710
180 136 23276
424 290 4301
30 156 8602
467 383 23276
411 180 22517
238 183 2277
128 354 7843
173 253 22517
178 90 6072
11 123 7337
325 31 23023
112 266 1771
229 305 16951
429 248 12650
374 341 21505
78 178 759
308 354 18975
239 459 17457
209 205 3542
147 312 18216
129 358 12144
17 302 5566
106 29 6072
274 333 24541
329 466 6072
35 333 19734
369 25 12397
381 477 15433
268 6 20240
173 190 12650
203 489 21252
449 276 12903
143 207 5060
433 226 13156
62 456 12650
235 433 4554
19 23 11891
271 176 24035
394 311 2024
378 149 20493
9 178 16951
52 460 7843
306 51 8349
288 307 24288
450 194 19228
71 352 11385
337 22 13156
295 56 5313
44 286 1771
232 364 17963
101 64 253
234 455 9108
88 130 13915
51 319 759
237 155 16192
178 473 8349
495 137 2277
326 222 22011
188 225 2530
241 256 13915
466 490 11132
405 150 13662
488 480 1771
436 191 13156
303 332 16951
138 8 23782
332 171 2024
220 452 23782
440 104 2783
188 143 3289
354 382 10120
5 290 14674
443 173 3542
37 397 2783
143 32 4048
491 10 17963
306 6 14168
126 346 12903
171 408 17204
349 145 19987
46 270 3795
205 59 14168
417 179 18975
372 17 20746
177 373 14168
74 367 1012
93 458 7337
367 458 8602
301 63 25047
59 234 7590
27 115 11638
156 108 6831
162 369 1518
137 465 16698
357 141 12397
205 332 22264
143 238 18975
319 90 15686
325 38 14421
6 421 16192
308 397 16951
444 421 15686
89 280 13409
477 362 16698
213 62 15180
239 358 13662
88 50 7084
254 91 2024
337 256 8349
75 194 24288
132 80 6831
392 272 17457
112 116 5060
486 253 24288
491 25 7337
103 265 9867
156 203 20999
154 352 23529
416 451 10879
285 71 11132
425 437 759
183 174 17710
113 133 2530
237 160 15939
150 425 15180
89 292 2024
350 479 8096
54 247 18469
29 63 23782
105 185 7337
471 24 19481
341 141 23276
262 413 10373
469 232 6578
248 68 5566
8 493 24794
189 494 17963
32 277 14421
90 158 8855
20 336 14421
343 246 5313
125 495 10879
292 222 6072
116 459 18469
426 45 13915
256 413 5060
100 307 19228
130 285 13915
294 278 1012
337 62 5313
15 497 20999
164 37 13915
174 115 21758
248 354 21252
365 197 7590
12 110 6578
484 232 23529
205 421 7337
324 104 19228
320 182 3795
209 364 23529
478 263 7084
146 318 17963
137 233 15180
450 205 24035
173 180 17963
53 161 18722
101 260 23276
369 284 18216
392 94 6072
293 385 19987
149 104 9361
378 70 6831
209 478 20746
47 116 13915
252 424 18469
52 193 17963
49 262 3542
468 453 14927
322 481 24541
367 293 7084
143 166 4554
270 313 19481
28 30 25047
491 121 21758
406 92 13409
400 198 3036
422 225 11132
472 152 19987
157 273 4048
459 223 1265
378 77 3542
314 107 13156
270 50 12144
171 340 17457
469 137 18216
27 362 8855
440 251 11891
294 326 22770
47 181 7843
388 410 13662
396 257 16192
35 237 19734
413 322 10120
257 109 11132
489 9 10626
110 149 5060
71 80 11132
437 112 7843
247 282 5313
264 121 11638
213 81 14421
161 484 506
71 218 506
134 466 1771
186 168 15180
449 137 24794
410 217 16951
29 6 9361
322 342 4554
181 336 20746
345 403 21252
256 151 10120
144 68 17457
358 176 16698
167 34 10120
313 234 7337
77 116 13409
157 15 25047
132 314 21252
333 181 25047
427 224 10373
10 14 17963
222 224 24541
350 196 7084
500 487 6072
51 32 14168
350 83 20240
18 308 4554
381 35 13915
412 264 2783
85 212 11132
101 194 8602
499 131 10626
467 125 3289
95 153 17457
127 375 506
240 15 15433
257 14 21252
113 63 6072
258 466 15939
481 370 4554
439 224 13915
392 500 21758
35 298 2277
69 485 18975
238 367 10879
204 457 1771
282 372 8602
365 252 11638
11 331 17963
86 123 25047
100 196 21505
111 298 24794
136 402 10626
151 457 12903
466 222 25047
11 169 5566
90 300 8602
406 329 22264
124 182 12650
30 92 18722
190 30 253
152 51 10879
39 280 10879
41 499 20493
86 28 21505
168 291 759
341 311 11385
77 78 18975
255 264 17710
473 474 7337
291 401 6578
81 286 21252
328 44 9614
151 383 1012
435 181 9867
148 354 5060
234 390 2024
270 321 3795
237 350 23782
401 445 4048
268 18 17710
118 311 22264
98 192 20240
256 260 5060
295 44 12650
65 430 14674
310 251 10373
460 4 8349
461 162 9867
496 10 22770
106 462 4807
406 251 15433
366 201 1771
386 52 9361
83 215 5819
364 371 6578
325 45 21252
215 332 16192
437 396 18469
377 311 4554
415 66 11638
47 301 24035
23 110 9108
222 140 7337
188 316 15686
199 7 13409
418 415 14674
413 398 21758
8 370 24035
103 385 21252
280 493 11638
417 420 12397
115 323 14168
17 397 8349
398 343 17963
312 412 17457
154 74 10626
448 122 15686
1 193 19228
278 203 7337
8 154 5313
188 21 11638
458 439 7590
436 205 18722
421 484 12144
76 230 24794
183 63 12144
156 256 11385
500 69 3795
143 360 1012
149 103 17710
108 115 12650
343 260 16698
493 402 11638
48 368 20493
412 50 8602
120 345 11891
342 457 20746
265 219 24288
433 32 13915
105 345 14674
294 166 23782
457 352 13662
309 218 12397
247 32 6578
53 282 24035
144 172 23529
15 500 14674
8 292 7084
384 21 3289
354 439 2024
308 44 12903
335 104 5060
275 388 10879
497 8 22517
83 345 16192
214 500 14674
364 354 15939
234 112 5060
272 480 7337
435 28 4807
331 344 12144
278 257 18975
24 333 19987
278 352 11891
74 143 2024
153 428 7084
79 206 12650
480 229 506
111 453 18975
77 411 22011
319 370 253
454 269 15180
287 438 20999
264 204 2024
137 203 10626
365 469 4554
468 249 5819
47 56 9614
391 218 9867
289 160 21252
59 121 16951
379 353 3289
306 376 3289
303 128 16192
275 272 1265
359 163 1012
354 254 19987
492 282 20999
244 454 5566
76 378 17204
228 194 22517
461 393 19228
138 132 2783
198 37 19481
172 255 14927
91 11 18216
151 400 4807
322 17 3795
61 367 25047
382 352 6072
264 347 10879
276 413 15939
220 217 23276
364 8 20999
374 234 11385
136 53 5819
126 59 18722
181 498 2024
484 464 10626
390 222 10626
255 201 3542
58 303 12144
263 427 23276
283 278 11638
445 120 24035
29 129 17710
435 468 22264
2 2 20999
292 213 15433
381 282 21505
60 316 5819
497 103 11638
205 364 14421
418 171 2783
397 458 22011
351 469 4301
387 117 21758
287 71 21758
188 55 5819
233 340 15433
113 363 18722
199 390 253
285 122 8855
104 247 14927
324 78 24035
31 342 4554
202 345 8349
459 131 10879
162 288 3036
412 22 2783
298 477 16698
28 249 25047
210 33 6578
11 13 6325
384 449 15433
467 31 9614
310 266 12903
391 303 11638
228 400 20493
202 221 9867
478 197 12144
391 360 10120
8 484 18216
226 256 8855
49 280 20999
152 410 20493
419 438 13915
251 434 21758
291 99 1012
2 29 253
251 496 18469
260 81 15180
400 95 9614
60 305 2024
385 397 7843
123 37 3036
358 151 17963
29 467 18469
268 318 14674
61 393 9361
300 215 10373
284 482 20493
84 219 22517
384 69 13156
151 243 16951
477 245 19987
415 206 13662
27 408 24288
400 373 1012
21 132 21505
354 128 1265
57 123 20746
35 377 18469
415 294 9108
137 260 9361
441 33 10879
269 51 10120
17 197 21758
491 68 18975
482 163 7843
298 327 25047
6 48 22264
7 123 7590
473 396 20999
6 32 6072
355 350 2530
1 423 10879
215 9 14927
88 327 18975
320 492 17710
420 460 22264
216 24 759
255 484 17457
31 361 3795
493 5 22517
451 463 24288
259 303 18469
417 117 11385
447 225 15686
255 180 1265
129 73 11385
313 388 18469
237 343 3542
485 107 7084
124 120 16445
228 275 19228
347 205 9361
263 355 1265
38 107 4554
378 158 16192
377 232 23023
199 240 11385
109 371 2024
203 452 22264
224 340 15180
135 421 19481
425 216 8602
228 67 15433
298 81 4554
85 490 10373
319 197 14674
243 440 11132
358 334 12903
144 434 15433
407 61 5819
394 178 10373
151 34 6578
294 66 19228
6 133 6325
425 411 4048
176 41 20746
138 95 6325
325 66 9867
416 132 20999
30 370 23782
223 176 23023
444 485 12144
490 408 19987
387 135 13662
260 371 20493
194 197 7843
104 456 23023
317 191 7590
124 99 18975
216 249 1771
126 233 1012
273 61 10626
206 268 16698
68 259 10879
84 285 1518
167 388 8096
254 409 24794
397 45 16951
26 247 11132
135 261 7337
10 260 15686
302 229 12650
124 493 8349
162 384 10373
48 362 23023
151 96 12650
229 75 12650
397 195 4554
358 379 23276
230 124 5313
237 215 19987
113 166 17204
331 436 22264
234 231 10373
242 212 19481
361 127 6325
444 456 15180
239 392 2783
73 295 21505
29 95 253
54 26 5566
397 422 5566
446 43 25047
125 207 14168
342 23 12650
257 340 23782
83 126 18722
225 493 24794
67 296 18975
203 349 11132
275 266 8855
154 322 16192
423 364 20493
147 95 4807
476 402 506
106 20 15686
417 189 23023
245 2 4807
186 220 18469
8 238 20493
294 231 5566
499 88 23276
442 275 3036
91 322 21505
187 93 10120
272 309 14421
407 120 3795
223 14 11638
273 212 14168
337 81 3036
171 418 253
204 471 24035
353 159 8855
222 296 5566
462 200 1771
353 208 24288
393 252 2024
232 212 759
146 497 22517
315 177 15433
187 283 3795
161 284 6325
480 260 23529
170 354 14168
440 337 5566
316 83 4048
216 44 24288
40 287 24035
177 235 19228
125 105 12650
291 120 18216
7 227 23782
18 331 1012
202 371 7590
453 241 5313
296 60 8602
489 454 16192
375 365 2024
293 479 13156
278 386 17963
150 466 2277
319 477 1265
293 108 7843
14 233 22264
457 488 3795
49 225 5566
108 187 4807
133 499 15686
405 495 22770
144 198 13409
449 97 15180
8 355 24035
99 104 15939
232 220 10879
16 410 3036
288 451 16192
61 495 3289
344 440 12903
116 96 1518
497 414 8855
173 41 25047
420 106 1518
168 214 24794
496 229 21505
299 332 1265
323 455 19481
453 331 9614
286 236 7590
258 428 20999
398 244 24541
90 52 15686
184 93 3036
423 274 21252
179 109 21505
339 184 3036
105 175 9614
371 353 4048
25 7 20493
453 149 24288
241 27 14674
118 271 7590
59 189 24794
426 412 22011
101 74 3289
107 93 17204
416 223 6831
138 308 24035
469 466 506
233 382 2277
433 232 13156
458 271 14674
487 13 13156
321 497 16192
45 150 23276
76 106 16698
177 317 22517
101 365 17204
261 391 12650
379 50 20493
347 339 6578
334 26 5313
238 483 7084
369 12 8602
450 242 9361
387 416 19987
73 329 16698
220 7 3289
100 476 21252
171 446 10879
85 383 1518
194 398 15180
55 242 759
469 73 8096
457 148 16698
272 219 14674
117 13 13915
336 188 19987
254 52 24541
485 462 16445
20 11 10879
346 267 23023
448 346 17204
30 326 5313
496 78 1518
107 348 7084
207 328 16445
405 64 14421
353 72 12650
81 38 3795
327 303 8602
428 194 14674
490 491 1265
374 360 506
328 314 23276
87 450 17457
436 196 18469
281 401 3289
325 309 20746
353 476 11891
99 197 13156
4 312 13409
456 43 11891
164 406 24541
55 106 4048
90 372 19987
232 109 12903
435 81 12903
307 487 24541
231 425 11638
324 165 18975
80 294 13662
103 453 4554
237 146 17710
417 488 17710
127 53 25047
488 487 8855
87 188 24035
399 175 5313
180 17 3542
430 83 5060
96 435 9867
248 385 20746
55 348 16951
455 444 20999
362 146 13156
141 167 20999
81 369 20999
354 79 1771
287 464 7843
419 42 22264
162 29 16192
177 281 11638
86 347 13409
151 119 506
328 312 15180
320 86 7337
307 116 8602
193 174 4554
126 354 8096
147 439 12144
57 446 5566
243 211 18469
326 139 2530
231 419 4301
189 241 20493
34 185 11385
54 285 9614
401 499 15686
389 463 7084
407 173 1265
56 61 11132
415 448 14674
194 116 4301
163 399 6072
472 385 23529
205 87 3289
96 197 253
190 165 21758
73 187 1771
267 271 19734
38 64 2277
6 338 14674
82 142 13915
389 55 13915
204 297 1012
474 192 2277
285 418 15433
35 159 20493
144 228 7843
60 18 1265
308 181 14168
340 449 11891
401 491 15180
168 38 253
11 247 24035
268 292 21252
428 3 21505
155 285 1518
122 393 5819
152 258 23529
210 472 8602
302 248 1265
323 456 5313
416 271 8349
120 119 23782
127 180 13662
148 468 3036
433 439 18469
198 431 19228
25 128 21252
166 234 20746
91 409 22770
107 390 11385
400 331 22011
51 333 12144
262 227 13156
215 260 4048
16 284 14168
265 192 20240
484 307 4554
317 110 20746
472 384 4048
208 493 17457
316 228 17710
168 403 4048
296 187 15180
306 280 21758
430 216 6831
129 106 17710
301 456 19987
152 289 18975
134 289 4301
316 363 19481
447 272 13915
404 125 19734
143 165 4554
315 457 506
108 131 9867
312 49 22011
55 153 20493
108 367 2783
238 70 13662
348 258 17710
93 389 253
15 356 16951
79 474 23023
20 155 2783
304 391 22770
48 189 13156
160 366 19481
132 262 15433
52 24 23529
239 137 19987
478 86 7590
305 12 1265
231 120 5566
85 127 11385
361 396 13409
263 318 18722
285 89 1265
407 454 13156
157 186 5060
471 422 14674
215 1 759
46 138 17457
492 63 9361
353 155 4554
408 251 24288
414 121 9867
489 227 4048
450 368 18216
218 14 21252
90 124 8855
458 200 16698
487 417 10626
390 366 6325
227 103 7084
185 40 1771
444 205 12397
496 20 2277
199 383 6831
76 353 12144
382 425 2530
226 307 17457
19 163 21758
42 9 23529
341 248 21252
469 102 10879
198 208 2024
137 96 18722
319 351 15433
252 69 10120
328 175 17963
74 283 24035
413 281 18216
242 185 1265
307 149 19481
378 382 18722
357 298 506
123 155 14927
247 78 22011
65 13 23023
305 456 2530
292 441 15939
223 425 21505
353 425 22517
335 285 21252
453 250 9361
154 497 2024
25 123 22011
288 114 2530
298 474 6831
237 497 1771
223 105 22770
144 137 24288
96 164 4048
460 20 12144
43 108 5819
311 1 5566
138 283 1265
374 294 16192
438 416 3542
291 286 16698
100 71 2277
398 125 24288
63 377 24794
323 393 15180
37 15 15180
78 101 4301
333 439 9361
239 470 15180
305 16 1518
342 270 253
49 104 11132
377 131 7843
375 484 8096
411 93 24288
131 343 22011
28 351 24035
102 211 17204
154 132 3036
68 136 3289
23 56 19481
145 491 11891
300 35 2024
350 426 18722
180 23 14674
352 111 2783
61 12 20746
274 409 2024
473 359 4301
74 407 3289
302 135 18722
114 179 14168
382 442 5819
453 269 12144
73 386 5819
303 415 10373
51 326 24794
398 48 22264
408 49 14168
375 385 10373
451 251 21252
68 476 10373
420 118 3542
63 185 5313
427 500 14421
290 328 9108
377 53 1771
39 252 4554
85 15 23276
11 175 2530
26 330 18722
449 313 19228
130 242 19228
449 196 13915
98 354 25047
495 69 3036
386 368 23529
287 169 9614
16 425 21252
442 6 1012
337 199 15180
341 348 1265
487 80 759
59 403 20999
175 53 19228
284 94 12650
252 266 17710
134 168 13409
455 187 2024
102 224 23023
415 401 3795
313 320 12144
79 383 7843
131 187 19987
397 19 8602
148 12 10373
471 462 24288
90 290 13662
162 330 13409
362 141 8349
404 95 759
204 329 2024
18 136 13409
466 210 24541
95 422 17457
99 95 5566
409 163 759
484 228 15433
288 124 16192
293 369 22770
215 16 7084
166 66 10626
176 189 7590
227 114 12903
259 81 3289
200 301 17963
138 268 22011
418 233 16951
278 302 21758
62 224 22264
402 118 11385
400 365 13915
289 415 16445
242 286 16192
343 275 4807
313 308 11132
386 345 11891
255 410 23276
284 203 12144
51 318 253
129 54 19734
424 198 20999
270 320 17204
58 113 16951
323 325 8855
82 201 3289
415 386 14674
461 77 24288
82 20 22517
433 46 7084
48 404 253
365 251 17963
242 24 15433
481 324 4807
18 283 23782
248 346 13915
266 194 18216
9 283 23023
121 148 7843
31 135 2024
443 253 11891
257 495 5060
267 306 1518
20 177 11638
289 202 7337
47 274 10120
94 498 8602
35 7 16192
193 446 4048
251 277 8602
398 197 25047
177 495 4807
464 454 6072
91 303 3289
350 334 11638
299 230 13156
78 396 8349
423 481 19987
92 463 21505
376 413 3542
39 337 20999
247 109 15180
458 489 22770
102 359 21758
378 160 2530
337 88 1012
149 227 3036
147 319 13409
475 73 12144
494 454 3036
357 170 24035
154 3 9867
480 110 12903
52 210 9867
432 474 6831
169 248 4301
246 224 20493
403 218 18469
317 289 5819
320 460 19481
322 149 19734
417 78 23782
104 208 7337
199 37 21758
168 360 8096
264 35 15180
192 195 1771
7 137 20999
365 77 21758
280 65 19228
139 20 7337
163 259 23023
267 376 15180
120 450 13156
445 320 23276
200 248 13915
97 114 18722
96 233 9361
113 54 7084
391 438 3795
177 474 2530
201 111 23276
460 224 20999
164 299 21505
71 86 7084
444 419 14927
286 382 20999
27 49 24794
59 294 12144
273 496 1771
129 47 253
292 348 7084
472 256 12650
448 351 18722
450 290 25047
74 291 3542
66 206 12397
386 165 15180
228 376 9108
112 50 9614
213 319 14927
108 290 253
72 465 2783
116 151 7337
329 253 11638
35 45 11132
68 6 6072
461 480 25047
71 53 9108
36 207 6831
214 87 19481
177 244 10626
480 257 7337
217 252 23023
430 113 3289
295 244 7590
342 124 7843
96 495 3795
227 334 22264
252 434 2277
199 78 1771
410 435 6578
281 337 10626
175 363 17710
34 47 6072
453 203 10626
241 286 17204
486 238 11385
302 25 5566
438 160 10879
273 263 7843
398 443 13662
96 303 11385
25 311 17963
420 243 22011
7 10 2277
354 432 4807
263 317 5566
17 316 17457
284 124 13156
166 119 12144
346 28 13662
9 438 21505
426 407 16951
313 382 19228
169 65 15686
147 57 3036
128 315 3289
362 391 10120
333 128 14674
162 168 24035
481 139 11891
207 92 21758
355 305 16445
156 386 22011
299 203 16698
98 277 16951
454 312 9614
43 327 19734
344 491 13915
342 454 24541
440 185 8855
25 157 1518
497 48 6325
431 436 15939
314 105 7084
216 338 14168
85 138 24288
44 231 2783
367 135 3795
119 187 19228
174 259 13662
443 431 10879
133 283 17204
318 7 16192
287 234 15433
427 409 7084
220 437 13156
375 188 7084
99 249 7843
150 282 15686
145 329 15939
3 265 24035
323 284 23782
193 204 17204
439 321 759
270 87 10879
90 75 20746
448 179 6325
390 424 18216
175 332 15686
286 298 13662
470 230 7084
450 96 14168
64 270 22011
396 355 759
83 350 14674
422 468 7337
4 276 13915
73 222 10626
170 320 253
196 311 24794
329 217 14168
235 468 13156
158 85 7337
415 130 22770
216 485 4554
135 162 5566
392 2 14674
74 448 1265
262 51 4807
494 38 10626
166 418 7843
186 431 6578
171 44 5313
368 372 4048
340 134 21252
281 144 15433
272 496 18975
81 192 24541
64 462 4807
111 359 6831
218 12 10626
174 36 20746
291 192 15939
68 447 5819
353 233 4048
430 110 24541
362 404 506
459 18 13409
332 119 14674
174 331 18722
73 219 5819
389 104 24035
239 169 21252
172 346 506
264 153 22770
125 297 3036
36 352 9614
71 262 20999
97 427 11638
473 374 14927
337 109 14674
450 433 15180
318 147 2024
273 85 15180
96 461 10373
179 286 15180
400 454 4807
291 380 2530
442 333 4807
402 277 24035
119 312 11891
382 6 13156
9 366 7590
100 219 4048
230 280 14168
430 488 11385
238 88 11638
290 320 19481
22 185 23276
201 192 506
260 469 20493
65 415 2277
166 300 15686
374 219 17963
71 472 506
294 493 16951
407 185 22264
112 84 23276
369 374 759
424 236 3036
255 48 16951
201 188 12397
12 234 8096
457 445 13915
458 43 19734
390 264 253
215 13 16192
297 296 14168
193 86 1771
167 82 15939
197 483 17710
287 60 17204
483 391 21252
383 321 17204
143 181 6578
379 491 15180
35 36 15433
212 163 7843
449 291 12144
14 247 16698
263 6 13915
88 247 23782
352 467 19481
400 310 10626
430 286 13915
370 303 9614
181 215 3036
10 17 4807
431 205 15686
135 358 16192
63 109 21252
249 422 1518
395 335 1518
77 55 1012
82 217 10626
356 339 14421
384 406 14421
181 261 759
471 237 10120
241 51 4554
113 304 8855
394 245 19987
81 494 22770
71 278 4048
223 337 20746
206 336 17204
472 33 4554
54 130 14421
271 104 9108
131 110 20746
95 213 1518
495 412 12650
231 404 10879
221 261 18216
183 294 9867
311 232 13156
419 253 22011
382 453 13156
57 155 20493
331 36 9108
374 216 6325
370 60 7337
227 404 10373
326 288 24035
370 356 10120
462 338 11891
226 259 1265
339 141 13409
338 265 20746
457 189 10626
318 207 13915
4 86 10120
123 236 10879
249 312 16192
277 78 759
190 176 11638
99 267 17204
360 149 3289
108 289 21252
395 46 19734
324 230 9361
440 165 24035
174 139 3542
475 93 17204
16 146 8349
367 133 23782
333 169 24541
404 281 1012
255 128 506
206 207 4301
322 211 11132
368 174 1518
468 196 17457
407 198 14927
224 394 5060
164 437 11891
350 282 14168
254 94 253
5 477 11891
450 133 22517
9 374 5566
192 481 3542
215 36 9108
58 317 1012
255 358 4807
297 172 16951
96 111 24794
184 8 18975
65 270 11638
266 430 9108
419 103 23782
398 283 7843
402 259 5819
434 357 16192
60 267 21505
50 328 4807
154 225 7337
460 81 10879
392 350 6578
264 439 10373
130 190 21505
427 51 19987
229 467 24035
337 62 5819
142 100 15433
249 354 24288
177 3 14674
497 102 14421
329 386 9614
391 76 19734
361 403 3542
85 355 16951
31 212 17204
24 391 9108
132 378 11891
349 42 17204
112 500 1771
392 155 20999
484 136 7590
190 35 6831
275 417 24541
259 420 9614
31 419 759
285 16 13409
31 141 14168
444 413 19228
15 211 11638
166 409 15433
126 359 16192
92 144 4807
456 135 8096
451 73 23023
310 67 20999
417 415 8096
165 171 23782
52 342 22264
20 360 11638
314 176 13915
466 444 20746
286 152 13915
118 42 17963
351 233 23023
122 481 15433
490 106 12144
482 487 10373
256 494 11132
43 424 23782
301 444 19987
369 343 24541
178 41 13915
20 355 3542
452 25 8349
73 253 20240
88 427 23782
328 470 13915
7 54 4048
60 424 24541
343 253 3542
181 497 8602
120 390 2024
359 493 24035
25 181 11132
132 360 16445
3 431 16951
127 242 22264
340 176 3795
150 233 16951
430 160 3795
421 385 10879
434 386 4048
229 221 1771
219 86 1518
349 225 11638
150 206 11638
497 69 15686
265 441 12903
387 132 21505
354 183 23782
432 406 5313
316 87 16192
270 418 9361
86 53 16445
414 139 7843
311 256 7843
2 297 6831
418 334 11638
452 279 21758
239 340 5819
155 262 3036
40 493 14168
84 66 1012
63 80 8096
225 299 2024
180 372 15433
30 401 3542
433 144 15433
486 47 11891
147 154 2277
336 230 253
490 172 4807
360 59 13156
353 275 8349
361 124 9108
210 39 506
477 14 12903
343 336 10626
77 442 506
360 175 12903
215 308 19228
449 173 16445
292 93 2024
269 420 8349
127 109 5566
337 360 12144
11 19 7084
212 12 17204
300 50 12397
326 91 1771
303 156 5060
383 447 3289
305 405 16192
486 444 19481
133 273 5566
495 47 15939
41 176 2783
147 217 8096
272 172 1518
232 226 12650
361 168 13915
80 115 11385
10 402 11891
353 41 6578
46 243 11385
232 202 7843
17 234 15686
399 275 18469
274 85 19481
24 157 19228
339 285 19987
77 379 20746
382 402 3036
334 499 13409
121 296 19987
14 272 19734
327 152 253
442 76 19734
288 192 3289
201 85 253
397 485 8855
304 219 15686
39 202 17457
68 83 13662
319 210 5566
170 112 11638
119 388 17963
269 117 22517
70 249 10879
175 35 9867
486 127 1518
367 73 23276
297 140 15686
167 272 24541
89 152 6072
240 439 17710
384 276 18216
145 101 1012
108 421 17204
153 193 20493
333 221 4554
327 396 10626
139 201 2277
68 382 9361
246 27 4301
469 16 19228
426 361 23782
383 356 18975
325 135 17963
201 260 19987
354 20 15180
426 275 22770
423 54 11638
258 311 16192
74 305 8855
150 89 12397
324 131 13409
120 201 6831
215 93 11638
88 372 14421
18 370 17457
182 467 21252
308 259 5060
280 466 7843
408 351 17204
228 281 21505
125 48 2783
474 45 23782
475 472 15686
79 473 3542
303 344 6578
68 326 5313
69 303 16951
424 480 6578
218 205 4301
340 271 16698
115 22 11385
476 401 18216
222 177 13409
180 269 21252
144 495 21505
201 417 4301
452 27 1771
135 390 2024
201 184 6072
8 27 9614
82 144 2024
211 437 8855
271 228 7337
402 107 20240
480 486 14421
10 154 17710
41 116 19987
246 474 23276
382 99 23023
392 66 22770
381 41 6578
372 245 18216
301 323 12903
480 46 11638
115 122 4301
437 389 24541
29 451 23529
462 337 4301
216 313 5566
27 28 2277
200 225 11638
247 392 18975
237 455 18975
142 148 253
33 169 23529
190 490 11132
381 22 11638
321 497 1012
458 403 13409
179 246 7590
247 280 21505
287 101 19987
494 187 17204
59 232 19734
428 159 5313
122 422 15180
352 78 7084
441 61 22517
235 293 22770
111 338 2024
359 219 1518
99 419 19987
471 301 9361
494 212 17963
435 372 14168
285 135 21252
294 494 4554
34 492 14927
471 478 5819
383 23 7590
328 338 19734
386 355 17457
90 105 13156
500 347 7843
311 118 3289
418 74 9867
388 303 24035
173 380 20240
202 358 1771
227 395 24794
378 500 16951
11 167 11385
278 223 6325
243 334 13156
498 189 21505
230 214 20493
386 184 506
426 435 4301
155 295 24288
139 451 8602
145 431 11891
185 158 23023
399 228 20999
275 453 22011
4 72 14421
281 174 8855
475 255 24035
16 17 17963
200 331 5313
100 496 18469
71 451 13156
104 316 13409
280 64 9108
290 472 20493
278 102 1265
156 497 14168
476 31 22770
418 316 22011
327 83 18722
364 183 253
342 497 18469
374 453 1012
355 336 19481
184 484 11638
200 370 2530
439 100 23023
42 196 4301
486 254 19481
53 167 11638
498 130 24541
93 475 3795
216 438 20493
260 289 4807
39 358 7590
169 275 22011
269 479 22264
376 149 23529
208 70 16445
4 198 2277
404 400 20746
212 356 15180
279 182 21758
31 186 1771
125 276 2783
267 279 24035
69 85 3289
35 388 22264
128 461 7843
321 439 16445
421 331 16192
395 54 22011
477 27 23529
109 283 759
7 455 17204
162 91 19481
353 35 8602
119 55 22264
351 342 1012
330 44 2530
315 356 8349
161 71 7843
60 183 10626
255 373 12144
133 395 16698
13 352 759
411 178 7084
345 49 4301
408 191 9614
53 178 1265
40 283 2277
237 87 23782
278 3 24541
410 264 11132
130 404 3542
308 286 1518
174 101 15433
305 373 15180
91 94 6831
17 49 506
178 115 24035
376 317 6072
370 395 2530
146 297 7084
201 422 7843
379 413 1518
160 133 21505
205 112 6325
276 168 4807
334 89 21252
369 73 16445
323 354 25047
431 157 12397
260 461 8602
376 470 22011
111 155 19228
204 451 20493
286 329 5819
199 182 2024
109 276 3036
494 164 18975
74 155 24541
330 142 14168
22 476 4554
73 52 1012
64 230 15180
125 87 10626
119 145 13409
203 118 24288
230 336 8096
261 97 20746
259 83 13662
421 93 11638
119 363 19481
372 106 20999
142 434 8096
203 261 17710
99 434 10120
156 164 23782
24 407 10373
311 238 4554
341 259 24288
297 377 5566
242 41 3289
277 428 14168
221 5 9108
246 59 16192
17 404 24035
94 495 19481
403 159 7084
468 252 4301
152 223 13156
306 359 5566
44 430 9108
419 422 11132
340 80 2277
322 281 24794
142 405 17963
150 223 7084
438 444 11132
391 289 9867
196 263 4301
26 385 8602
184 405 18722
321 286 9108
473 2 16192
199 382 16698
453 126 17963
124 319 12144
286 247 5060
106 169 19987
292 149 3542
417 108 14421
329 329 253
353 408 22517
65 305 15686
19 69 5060
234 472 4048
12 214 253
208 116 3036
319 172 15686
133 5 24288
445 91 5313
172 194 13409
101 117 20999
142 202 8096
440 342 14168
304 280 14927
161 431 21505
308 415 4048
6 377 24288
496 155 15686
146 207 11385
182 346 5819
370 446 8349
93 342 506
198 345 19734
306 388 12397
285 461 14674
156 73 14674
85 255 21758
28 101 1771
412 217 17710
312 178 23023
157 147 16951
184 39 12650
171 391 14168
27 138 12903
54 118 9614
313 231 14674
51 397 4807
303 199 12144
248 386 506
194 259 7843
24 222 1012
376 35 18722
111 163 11638
115 23 12397
312 67 4554
162 121 6831
327 251 19481
419 363 3036
406 185 11891
283 39 20240
101 101 1518
483 383 14421
319 461 5313
172 136 22770
219 177 11132
432 399 6072
229 402 20240
337 13 11385
181 110 22264
484 100 4554
263 318 10879
23 493 22264
194 235 23023
487 106 18469
296 121 19734
122 319 18469
2 242 10879
288 254 11638
284 261 8855
306 477 10120
101 299 5313
245 38 15180
259 488 18216
479 129 2530
45 105 20240
282 297 1265
247 206 506
291 311 8096
160 499 23276
29 331 12650
480 349 11638
46 144 15180
113 328 10626
217 271 7590
434 308 10373
491 443 2277
406 447 14927
108 141 1771
295 82 18722
88 225 5566
483 309 10373
381 197 4554
139 432 4048
496 260 20746
292 256 19228
14 224 19734
189 462 21252
102 418 2277
210 243 24288
311 115 16698
167 157 15939
100 189 10120
449 330 253
394 185 10626
372 54 13409
201 397 23782
88 434 10120
31 279 16192
241 317 7084
205 222 15180
99 439 14674
387 375 253
270 147 7590
290 310 13662
270 382 2277
320 8 13409
318 62 7084
500 333 9867
130 79 2530
38 445 10626
410 202 253
11 25 4807
43 158 3289
18 199 6831
308 461 14168
433 309 4301
317 105 19987
236 62 11638
224 349 17963
474 291 7337
254 54 24035
356 488 1265
197 132 3289
455 487 2530
214 155 20240
191 271 14674
247 404 23276
273 302 759
404 23 15180
321 75 12144
83 399 14421
47 392 15433
187 345 3036
438 28 2530
232 423 2277
280 163 253
385 388 23782
51 196 9867
113 489 3036
34 290 19734
115 253 10120
373 371 253
166 280 10626
214 269 759
383 347 14674
265 263 3542
326 254 18975
172 135 24035
238 184 16192
321 266 9108
190 289 2277
7 87 23529
433 242 17457
215 150 13156
410 424 21252
20 436 7590
172 210 14674
133 93 4554
432 343 14674
433 344 12144
129 127 15180
181 143 6831
349 398 253
96 22 11891
68 496 23529
319 299 24794
238 93 15180
34 120 7337
495 105 4807
488 36 1012
497 54 4807
311 211 9361
436 409 12903
206 204 20240
318 157 253
314 353 20493
7 449 2530
60 397 25047
41 104 6831
181 393 23023
124 403 1012
130 461 20999
290 358 8349
224 242 12650
276 7 20240
1 479 24541
380 473 19987
329 17 23023
448 188 22517
163 174 14674
139 494 9361
426 63 20746
381 387 10373
210 293 5819
405 206 2530
262 475 24035
486 182 14421
367 176 16698
71 143 8096
332 387 14421
368 423 9108
28 333 15939
191 415 17963
429 408 9614
21 243 506
77 456 1518
285 491 24794
434 210 759
394 419 22011
413 463 14421
87 251 4048
62 408 9614
145 177 19481
221 245 253
141 201 13662
409 480 9108
36 180 5819
147 455 8602
222 408 23023
299 123 759
20 38 21505
169 265 10373
246 304 9361
4 36 24288
250 324 21758
78 186 2277
407 159 21505
89 281 12144
288 198 14927
111 122 22517
431 130 11132
211 459 23276
494 365 8349
391 491 8602
453 427 21758
372 109 5819
147 209 2530
471 364 7084
150 264 19987
208 314 13156
498 95 22770
403 171 3036
390 379 21758
49 163 8349
75 433 17963
346 195 19228
273 35 12903
102 315 19987
193 228 6072
407 157 13662
88 57 2277
228 62 20746
218 469 4807
482 341 14168
292 37 21505
430 383 5313
306 342 16445
26 335 2783
297 41 17963
251 133 2783
424 349 16698
277 74 4807
431 181 21505
464 119 8096
94 89 6831
114 18 9361
81 140 18722
5 453 10373
445 19 12144
320 394 6072
163 276 1265
275 178 13409
250 198 759
182 86 9867
161 117 8096
11 310 9867
288 103 20746
455 364 18975
132 148 18469
100 52 24035
456 247 11638
356 270 13662
171 441 4554
299 58 16698
221 448 4554
382 107 4807
483 280 7843
472 260 6325
92 228 6578
363 104 1265
310 77 14421
60 387 13156
441 446 13662
286 451 20999
97 492 3795
143 440 15180
112 384 17710
58 23 23276
410 298 11385
77 494 15686
396 144 12650
498 237 24541
233 148 14927
283 351 17963
60 333 23023
470 123 16698
404 41 22517
448 162 20999
258 129 3795
189 281 10373
75 397 10120
460 282 22517
257 470 20240
387 78 7843
200 280 24288
77 246 1012
62 198 17457
91 492 17710
187 439 10879
407 362 4301
131 154 253
470 209 5060
466 441 19987
455 66 1518
493 309 1012
253 144 22264
371 332 16192
60 284 13156
220 172 12397
402 214 5819
317 342 25047
218 201 16445
333 311 2024
328 312 19987
438 322 11891
387 425 2277
313 485 1265
57 48 18469
411 171 10879
492 197 14168
64 458 19228
389 452 22770
377 208 10879
496 387 13662
256 259 13662
215 465 20493
447 485 5819
8 176 14168
125 201 4048
279 152 20240
436 239 2277
19 425 11132
421 172 1771
299 218 8855
78 250 4554
11 353 17457
332 266 1518
490 23 4048
107 37 8096
280 301 17710
318 8 19987
145 404 13409
216 408 9108
444 455 11638
441 7 16698
74 262 6831
16 58 22770
252 30 1771
368 24 18722
304 479 22770
261 473 4807
410 58 3036
383 48 22517
87 360 5060
224 81 10120
280 37 18469
341 110 6578
375 421 1518
221 165 16445
423 314 506
146 197 15180
59 470 11385
428 228 9614
100 223 23529
437 218 10373
370 49 20999
244 69 24541
437 98 1518
312 151 14674
3 433 6072
75 15 22264
130 433 16951
29 79 3289
108 6 2024
61 325 12397
150 55 3542
255 474 8602
450 459 5819
372 438 8855
47 333 11891
65 203 4048
144 387 25047
326 357 23276
100 51 17204
497 361 19734
13 463 24794
218 82 16192
140 192 4807
125 154 22011
223 32 1771
369 124 23023
36 37 7590
211 182 15939
491 55 21505
24 272 15180
451 68 22517
129 110 21505
275 473 11891
355 405 22770
71 315 9867
389 308 16445
495 197 11638
457 246 19228
194 408 21505
205 207 7843
431 34 3795
344 121 6578
116 209 22517
165 214 18469
111 1 19734
73 365 11385
452 43 12650
218 156 6578
77 92 9108
262 180 20240
94 145 2783
287 371 19987
91 197 19481
373 351 3795
163 100 12903
448 151 15939
434 491 21505
279 359 15686
443 138 12144
259 413 10626
79 244 12650
249 59 6578
379 313 24541
425 51 1012
177 113 15180
89 212 3289
388 180 15180
122 87 10373
363 114 24035
352 278 1518
311 243 13915
425 345 12650
76 106 506
97 17 12903
4 43 3289
408 485 1771
161 213 7590
353 61 1518
154 405 18722
119 402 21758
176 268 20999
19 244 12397
56 476 20999
237 57 8349
443 474 19734
119 97 16192
196 299 5566
376 498 2783
4 89 12144
378 66 8602
121 324 18469
80 402 17963
274 99 3542
291 97 1265
201 349 5566
230 124 10879
306 441 2783
413 390 6578
492 36 5819
170 348 2024
198 458 14927
269 229 14421
81 247 24035
494 79 5060
322 438 253
392 429 1012
360 95 8349
76 306 3542
147 143 10373
105 70 5566
348 207 4554
33 341 14927
84 439 19987
333 295 1518
284 342 24794
432 406 22770
382 183 1265
299 98 13662
340 116 17457
202 221 5060
249 219 253
130 134 14674
434 215 10120
316 420 21758
471 410 19987
4 214 21758
239 106 1265
425 296 8349
467 283 8602
83 284 9361
123 387 11132
293 457 23276
291 483 506
136 289 20999
362 16 4301
442 128 5313
272 350 10626
337 470 14927
112 318 4301
112 450 7590
62 72 506
392 253 5060
236 271 4807
207 256 22770
12 482 3289
230 25 1771
207 205 8096
58 415 2530
420 190 8602
171 204 23782
457 167 5566
447 480 3289
306 377 12650
41 147 20999
125 346 23782
459 495 19228
11 191 18469
404 57 20999
326 54 6831
367 418 21505
31 316 5566
145 182 24794
151 403 1771
353 288 8602
122 416 16192
290 218 2024
266 434 3795
28 344 17204
347 263 15180
83 447 21758
71 78 10626
309 450 13156
344 1 7084
436 295 11385
28 463 13409
361 314 2530
245 122 5819
26 72 12903
389 192 5313
404 86 14168
262 336 5060
406 335 17710
165 356 24541
355 71 11891
131 160 1518
153 386 12903
322 165 24794
355 414 22770
179 186 12903
174 95 6578
300 200 2783
391 222 24035
442 69 3289
434 321 2277
81 417 14421
316 223 18975
372 464 16445
486 345 5060
168 177 19481
236 211 2277
289 199 22770
317 363 12903
430 157 759
313 97 8349
377 162 15686
127 199 15939
442 185 8855
191 65 7084
134 441 759
323 20 21252
24 93 17457
358 430 759
309 439 23276
89 480 8096
339 377 506
399 417 2783
2 266 19481
49 325 253
34 37 6831
201 222 9108
206 362 23782
158 118 16192
8 93 3795
306 323 10626
213 421 253
72 381 2530
51 428 1265
245 153 17457
413 306 24541
391 71 21252
196 207 20493
277 348 5566
160 283 17204
265 416 3542
266 250 1771
121 438 20493
490 12 19228
16 289 15686
205 380 5313
372 439 9867
105 369 23782
16 395 24541
441 363 11132
413 466 8096
159 295 15433
221 201 1012
115 214 7590
280 79 6325
16 494 20240
351 137 15939
155 237 17710
43 220 19734
270 416 3036
365 234 17963
305 318 10120
400 221 21505
429 104 7590
474 487 22770
329 96 6072
308 474 19481
315 103 8349
87 366 8349
240 277 22517
88 4 5566
343 241 8096
196 500 7843
38 465 18722
82 279 17204
458 234 16192
319 210 12144
49 27 1012
55 252 5566
151 187 23529
286 171 6578
103 120 19228
162 221 8349
102 175 2530
214 127 19734
385 138 16951
423 247 10879
91 247 6578
220 187 17204
460 457 7843
282 468 9614
492 269 9108
470 372 9867
54 2 5566
437 295 17457
243 200 23782
340 210 21252
318 248 13409
275 94 16698
343 488 4554
69 271 17710
444 429 14674
334 63 13409
42 399 5819
412 203 13156
88 325 10626
396 185 4807
498 240 12397
419 426 11891
217 147 3795
366 201 9108
336 30 11385
104 268 12903
101 149 15433
298 230 506
126 328 24541
397 460 4807
297 210 21758
480 247 13409
466 27 7590
355 35 10120
108 301 6831
168 284 24288
440 70 7084
309 284 19987
125 308 10120
157 311 5313
379 145 10879
161 68 17710
55 374 23782
14 424 3289
456 73 19481
247 397
