500 4000
163 198 538
452 333 927
212 452 855
195 145 927
31 390 678
102 334 973
226 74 154
10 465 563
114 399 907
60 245 233
194 229 77
234 65 419
19 337 416
115 208 424
293 334 289
400 118 515
117 321 204
429 471 632
327 495 17
65 455 14
61 453 886
208 7 247
106 70 178
24 214 10
25 423 853
246 24 966
493 63 929
100 269 166
85 328 480
116 190 770
349 497 968
296 52 228
283 386 347
375 450 972
223 26 165
276 488 672
29 377 670
304 6 784
262 151 342
243 391 12
145 238 408
310 99 988
457 69 306
392 307 515
451 413 717
244 403 650
422 278 426
292 398 367
436 120 748
32 427 973
95 188 365
100 97 522
182 376 951
106 475 725
302 140 775
217 383 780
331 223 368
283 329 836
315 318 44
55 157 838
496 214 603
351 431 100
110 211 413
244 312 344
176 372 426
231 1 80
186 361 55
225 238 207
320 424 212
236 103 644
417 293 930
303 97 693
339 270 673
54 341 750
50 131 505
345 355 64
477 249 582
215 478 372
53 31 657
450 173 763
84 397 444
422 370 715
194 192 348
42 376 449
449 29 313
258 274 113
296 331 890
437 358 349
487 67 216
393 192 233
299 115 888
107 397 728
188 213 882
67 28 498
335 199 180
436 484 484
377 137 727
207 484 851
174 128 355
426 390 120
440 20 302
206 233 262
21 468 687
426 322 631
308 378 657
490 18 610
264 189 540
65 146 49
115 262 325
127 496 848
393 440 600
231 279 682
67 499 872
368 207 562
450 447 490
16 481 297
182 324 228
117 233 343
485 442 610
219 381 773
206 326 235
480 196 599
116 122 271
94 240 981
93 293 141
133 390 699
422 269 456
153 32 913
114 141 964
403 468 595
16 287 786
495 75 330
243 252 953
62 200 296
288 51 522
198 65 421
113 172 579
479 496 863
401 57 665
5 498 282
460 224 776
371 465 791
281 21 511
90 60 178
87 248 383
53 418 923
446 181 208
373 232 897
22 276 967
176 379 303
149 182 167
452 454 693
145 98 525
112 242 581
446 47 394
329 324 574
213 277 716
209 375 892
402 389 70
277 430 978
313 318 619
335 90 320
299 86 960
270 53 80
406 312 197
192 2 360
312 337 486
60 81 243
258 487 923
46 464 7
267 86 528
93 114 404
171 257 284
124 338 363
192 449 289
84 366 386
41 442 88
74 51 910
24 414 806
192 83 410
428 1 820
468 434 832
451 175 930
374 337 323
405 207 456
20 54 31
475 137 849
105 164 310
121 336 463
241 285 716
441 195 490
291 155 102
93 82 938
432 59 740
368 63 377
318 220 944
423 492 79
22 335 22
74 32 770
299 382 849
193 387 443
379 428 742
179 168 164
232 76 881
481 334 707
354 16 182
230 67 472
374 55 518
22 357 867
442 224 337
282 451 483
277 119 322
182 218 90
62 314 725
435 461 412
76 46 458
36 203 660
101 174 998
398 178 617
188 163 821
457 496 751
467 365 266
335 485 824
281 196 784
269 321 934
37 156 271
327 44 430
433 103 825
112 184 658
17 87 800
435 257 706
59 239 574
314 159 152
333 216 975
461 233 2
305 353 12
194 280 426
318 343 318
134 379 240
219 494 864
318 245 368
83 127 721
78 389 326
160 61 448
386 245 94
69 131 726
30 492 264
1 355 470
29 365 38
416 465 741
417 494 72
322 102 569
436 133 467
413 308 89
14 222 823
432 49 605
353 400 384
409 228 33
35 145 401
133 363 952
108 385 15
183 343 168
139 45 766
332 181 329
460 321 332
423 478 812
442 249 857
167 295 916
181 273 332
59 109 295
275 56 412
482 58 793
413 335 998
337 20 284
25 114 313
99 260 933
462 3 168
138 193 536
46 135 279
443 298 309
323 196 752
187 111 718
243 448 975
230 150 840
339 474 11
394 251 183
41 31 877
33 217 222
49 161 832
217 196 846
111 272 464
165 293 881
370 191 238
61 384 551
313 347 563
463 494 603
419 113 532
332 180 564
464 227 940
153 133 551
387 341 835
414 48 90
159 430 449
128 129 750
483 332 935
456 232 948
496 300 312
78 200 248
150 16 662
456 3 806
178 170 389
47 165 503
301 427 234
304 115 591
93 445 482
107 355 751
22 98 298
13 278 4
112 204 18
474 210 369
260 423 589
49 50 238
432 117 682
2 319 501
173 301 438
236 184 329
468 25 849
149 223 463
421 6 564
404 113 744
372 212 851
75 483 694
323 364 859
6 342 132
421 500 452
221 96 261
404 417 123
109 165 343
122 410 83
307 499 193
14 406 941
252 258 143
1 294 669
311 4 160
293 14 180
318 301 227
194 425 138
129 148 247
406 436 762
165 417 457
55 195 914
245 48 861
81 481 726
402 350 437
131 165 13
343 500 24
115 13 737
328 414 832
496 355 521
438 170 556
143 193 507
149 386 71
21 292 579
218 345 954
75 72 844
247 116 304
332 427 165
429 358 926
245 249 266
376 287 797
290 197 277
225 407 896
436 401 389
290 352 105
475 113 335
83 121 963
72 142 551
447 314 692
280 370 875
444 345 100
486 271 351
31 141 901
331 123 880
441 257 591
304 105 88
192 226 374
101 186 299
114 28 990
114 230 276
499 441 348
173 29 612
228 394 105
207 98 706
241 427 462
274 92 503
347 98 768
297 51 746
340 441 942
295 36 966
20 319 430
270 462 838
254 140 345
146 203 433
496 308 814
119 326 401
377 374 203
442 153 738
63 79 177
359 221 574
70 118 260
91 300 23
181 143 910
327 235 527
82 368 151
35 271 868
254 371 526
417 45 277
245 381 684
491 243 277
467 228 274
409 455 208
447 325 115
158 152 297
271 214 912
180 369 770
16 488 43
2 277 396
202 8 402
212 233 37
274 334 837
344 318 882
364 394 528
438 169 81
153 336 721
94 257 982
11 217 731
87 111 390
357 107 902
128 349 378
304 200 641
318 387 742
232 499 404
377 274 296
443 122 108
62 316 272
79 463 470
393 85 472
482 434 716
102 24 666
304 85 706
209 185 573
281 56 71
57 292 704
413 324 322
492 243 893
169 204 357
74 381 576
476 137 138
83 49 419
500 220 946
116 405 701
330 256 230
148 427 576
434 4 60
406 456 996
395 56 367
295 481 249
385 283 758
182 286 784
112 32 623
138 52 889
208 64 775
59 4 813
141 61 801
396 391 800
310 247 948
398 349 78
71 236 578
265 177 925
21 494 286
236 245 394
24 180 480
420 151 705
162 102 907
438 448 951
173 390 117
99 235 857
378 198 398
348 235 264
287 265 278
403 153 125
434 265 324
374 205 244
77 114 815
8 180 352
302 77 938
22 389 356
220 50 425
169 282 444
465 288 338
69 483 29
66 322 734
465 29 49
31 8 576
138 161 813
171 231 336
411 287 36
338 362 518
108 23 955
396 440 647
144 321 103
371 111 441
393 384 362
475 77 751
47 70 82
442 91 640
249 229 152
46 169 594
287 476 785
201 288 571
404 259 241
279 84 195
355 370 455
175 54 283
420 122 683
373 261 743
358 59 154
143 51 159
334 8 694
278 143 740
392 358 670
319 146 238
233 436 582
180 347 561
482 458 774
379 127 619
55 176 30
358 253 89
197 139 889
62 196 730
39 378 432
183 277 303
155 457 519
132 350 463
342 97 240
142 260 966
272 160 1
179 377 450
12 46 520
385 4 807
243 226 417
298 321 990
91 9 180
445 124 824
341 20 745
368 384 401
261 498 551
364 495 614
265 211 567
234 369 791
82 331 313
136 225 861
399 196 921
245 404 554
476 479 919
454 173 381
444 432 124
211 274 58
257 91 19
402 195 349
33 162 640
490 362 325
106 306 548
347 391 622
55 187 331
7 283 712
45 14 461
421 279 276
32 425 650
159 449 848
65 409 293
88 433 760
43 161 629
176 406 350
203 266 18
443 236 306
271 464 718
137 431 84
473 24 898
487 58 484
428 445 819
453 485 986
202 353 280
274 260 42
384 73 83
266 242 713
425 49 532
429 61 424
491 459 297
335 59 623
135 176 601
169 443 606
209 111 958
110 354 872
296 50 861
95 372 138
236 278 335
300 494 628
162 243 225
126 260 534
25 163 111
393 429 675
68 430 716
88 190 409
140 370 441
196 406 919
478 37 959
95 93 981
63 101 490
82 258 564
201 244 291
467 139 860
180 237 777
280 359 970
326 44 427
86 281 236
296 53 928
132 474 467
25 184 925
182 466 874
145 461 633
413 351 626
26 426 863
186 203 553
19 279 903
383 48 770
164 205 445
420 258 833
222 163 966
415 70 726
47 367 498
481 393 298
205 458 352
120 70 96
2 323 55
358 202 664
373 357 14
70 443 546
102 58 475
386 185 395
140 368 565
279 307 904
164 55 806
318 372 703
486 223 947
294 459 51
281 351 352
380 390 102
343 490 126
320 44 897
40 24 623
331 39 869
309 273 611
458 276 954
212 66 159
148 3 89
269 499 926
251 205 244
339 218 887
107 28 147
168 436 306
359 109 602
249 447 11
129 444 825
284 182 237
305 260 607
167 404 590
411 95 389
463 40 647
361 399 659
203 288 298
468 327 295
437 243 839
280 405 993
146 203 45
344 334 428
443 206 479
180 261 610
90 199 420
379 263 2
493 27 229
34 31 414
57 310 163
34 127 498
272 144 853
334 219 73
420 43 104
412 191 310
269 143 868
128 468 348
16 385 292
229 111 968
366 356 70
242 216 929
15 21 261
122 246 82
233 500 514
139 19 31
184 90 615
297 186 401
13 250 782
485 410 263
357 415 429
153 150 632
393 242 601
116 262 551
7 287 115
136 51 902
283 153 160
221 248 111
469 487 760
218 141 999
469 97 686
202 146 753
482 385 97
486 271 803
204 238 120
257 320 26
322 34 581
497 434 522
341 121 961
407 363 962
463 357 280
147 376 643
236 347 618
272 3 458
283 103 509
429 202 732
278 362 828
40 499 520
495 400 444
108 490 469
12 232 999
208 374 940
85 355 135
419 106 563
458 421 526
291 469 121
172 257 646
77 492 445
369 194 419
304 412 93
332 93 268
448 341 863
253 420 833
481 234 980
40 193 994
422 210 782
158 133 314
294 481 436
38 441 741
90 220 229
310 382 829
459 298 800
19 135 984
12 143 967
333 496 949
263 91 18
190 182 784
433 288 146
407 9 711
153 485 553
360 453 401
472 218 315
326 147 24
149 442 852
351 247 947
410 470 443
87 372 683
289 1 79
141 415 781
336 72 831
197 124 327
415 252 175
287 371 603
34 246 64
83 8 901
255 271 490
280 281 441
116 375 384
69 320 477
365 358 503
129 394 999
40 357 142
13 417 485
127 64 398
90 71 59
265 173 191
347 55 705
126 107 515
66 225 879
430 48 395
361 471 587
348 397 938
363 472 829
58 273 616
211 68 715
277 28 738
67 458 663
431 336 834
246 231 531
68 216 626
481 414 180
374 151 287
397 401 594
143 276 54
138 150 193
354 312 774
459 159 7
132 367 5
67 296 36
381 393 511
257 206 792
240 366 7
106 247 35
359 475 171
292 252 331
235 336 122
155 370 667
134 174 18
96 440 166
376 189 936
438 176 355
130 97 256
143 68 768
225 285 812
404 280 88
74 258 2
299 483 80
413 300 916
89 83 348
452 116 500
405 169 918
64 355 793
331 260 15
438 34 492
231 148 572
179 498 503
383 237 228
200 63 873
134 462 160
448 264 572
90 487 394
69 89 19
422 110 584
41 180 302
421 83 792
225 23 433
498 454 163
82 170 167
264 86 494
137 299 603
35 230 253
131 479 346
26 454 534
158 121 207
12 406 461
106 332 638
206 300 549
267 466 53
109 294 260
231 185 282
219 441 327
108 45 406
45 397 86
189 41 440
400 309 976
67 473 579
93 151 252
315 441 376
216 416 668
279 95 940
122 295 260
267 338 572
355 204 150
72 480 716
149 266 318
241 229 324
474 210 486
480 269 245
491 131 167
442 6 554
34 128 736
83 148 557
249 169 528
107 130 883
249 457 509
53 375 429
484 384 760
43 356 208
313 61 603
422 390 306
42 317 541
255 368 308
203 81 197
198 177 724
154 167 662
333 281 252
466 268 272
87 163 136
11 362 267
445 136 602
28 446 235
212 74 258
194 323 99
376 96 710
190 400 947
319 280 365
406 323 597
167 203 586
109 164 591
129 303 131
136 426 916
69 167 137
155 255 109
66 262 942
458 164 195
123 301 770
217 58 135
267 185 807
334 187 652
314 307 642
87 190 654
363 216 248
382 282 349
361 291 48
234 274 817
183 388 826
226 268 670
359 462 743
379 198 620
115 246 199
146 394 889
64 121 193
402 63 418
33 236 813
378 3 357
293 181 22
245 129 451
280 399 679
41 341 168
495 48 180
116 207 851
341 36 813
308 24 380
190 359 592
388 76 838
473 132 276
14 288 96
102 158 305
239 105 33
167 447 931
95 290 14
421 266 389
211 417 124
456 325 321
293 333 249
277 156 130
449 22 313
190 372 290
265 28 522
111 357 258
60 10 261
54 309 262
291 27 34
268 443 233
119 482 472
192 387 297
460 80 606
258 365 867
487 45 338
464 439 329
289 299 917
253 469 772
231 326 275
450 198 221
389 148 913
12 168 427
60 53 670
477 192 524
402 276 715
66 379 861
317 426 591
34 129 90
57 457 610
97 448 225
190 72 447
101 294 919
327 28 947
82 421 763
431 51 77
10 146 893
282 316 19
406 121 966
497 467 944
98 383 270
372 205 254
256 154 889
154 390 417
51 405 99
486 86 309
242 55 938
206 407 304
417 202 933
264 84 871
321 428 612
134 237 136
454 339 484
269 60 265
214 67 977
74 1 866
42 322 111
238 28 178
138 144 895
149 323 962
63 266 279
268 243 102
297 202 255
347 89 76
243 396 393
414 340 293
206 301 734
208 314 763
97 44 620
296 38 354
40 291 867
251 182 940
232 446 622
448 33 744
328 318 404
178 455 38
386 236 318
256 345 819
439 290 254
10 71 57
226 182 68
464 3 199
431 145 524
451 381 973
14 330 938
345 62 573
456 410 406
399 85 202
421 346 910
273 109 250
44 146 939
129 76 65
363 467 196
35 488 36
205 9 910
327 1 478
361 98 40
370 154 273
432 271 408
254 490 297
70 222 654
334 139 111
284 286 789
454 122 32
226 421 170
211 282 342
385 4 99
58 318 887
390 398 751
332 469 380
271 243 160
329 499 323
17 69 260
271 273 207
166 98 911
252 426 593
456 362 120
24 494 366
373 432 704
76 320 967
155 35 251
391 246 335
111 82 603
345 440 583
456 409 240
421 325 851
232 482 954
95 444 137
476 63 116
392 272 16
393 62 724
487 487 865
213 158 387
430 106 264
386 412 388
305 104 518
142 175 219
484 389 521
430 289 373
353 100 281
167 479 900
30 359 127
386 219 332
413 252 842
455 248 990
449 26 345
460 22 757
55 267 67
270 447 769
219 236 564
76 253 691
216 76 972
75 105 914
107 332 482
269 159 576
81 147 967
280 339 516
247 174 877
15 367 475
435 157 550
146 149 827
60 407 789
76 164 207
271 437 921
471 148 408
126 462 178
71 352 145
77 297 215
330 23 525
226 452 401
67 259 704
322 396 303
236 135 972
426 205 83
161 155 773
332 493 372
242 302 692
145 310 202
99 410 619
321 25 730
109 417 829
351 206 477
152 376 16
1 71 538
300 217 136
70 422 377
48 92 624
317 408 433
187 77 829
93 245 336
416 43 888
452 477 233
470 410 335
338 188 6
316 324 952
417 199 186
456 308 513
472 269 608
39 175 373
110 222 452
429 222 301
27 235 736
4 6 648
415 277 800
30 97 875
353 485 165
196 122 815
477 487 684
122 5 752
388 84 509
222 15 636
457 48 185
292 425 448
348 361 806
167 185 152
183 378 503
240 476 601
61 237 347
78 101 593
227 407 959
440 9 692
296 36 337
26 23 941
73 345 715
86 95 751
71 158 215
304 48 638
178 360 642
442 77 701
27 131 702
470 334 212
317 251 77
368 476 210
110 164 927
46 132 840
281 294 388
397 162 220
403 468 179
319 324 116
57 99 566
377 329 511
91 223 136
318 346 524
315 409 300
301 441 974
149 199 642
162 449 404
83 419 221
91 435 453
495 162 362
95 417 404
181 307 296
220 96 316
452 335 882
161 452 706
43 303 542
170 148 145
489 273 106
77 98 520
254 232 542
369 211 172
356 188 994
17 163 629
181 107 451
363 435 370
329 331 12
105 245 990
261 471 444
98 200 320
425 211 822
86 96 663
105 299 821
327 442 262
49 16 94
227 168 577
193 411 208
281 260 960
196 254 467
153 319 904
95 469 563
342 90 283
419 245 30
433 278 60
244 246 953
120 366 616
413 218 864
364 107 584
429 496 274
436 208 533
203 404 512
30 496 431
292 354 401
340 290 332
32 120 415
311 378 421
253 366 451
422 193 352
175 492 669
190 461 890
395 311 116
308 149 195
24 61 682
278 408 773
472 154 269
333 205 250
439 166 535
143 8 666
334 79 308
44 494 164
444 103 155
136 326 613
180 153 914
267 383 140
14 198 600
28 428 639
178 341 210
146 419 214
289 52 66
405 398 306
116 167 489
140 110 889
207 336 406
404 20 781
381 492 2
121 210 786
138 147 279
460 80 213
156 455 472
340 291 178
268 65 219
414 406 408
414 292 312
116 19 564
67 152 237
402 361 90
329 337 743
293 175 675
323 288 753
108 146 244
426 169 265
62 76 542
352 357 966
81 389 318
372 450 175
432 202 524
91 398 963
418 122 300
437 181 109
222 424 430
450 491 160
280 369 928
313 164 779
74 384 141
379 266 900
294 205 561
57 138 392
145 190 348
262 27 297
47 250 454
84 152 421
200 212 326
363 136 623
491 211 489
248 369 709
27 391 852
174 409 854
193 191 584
168 120 95
145 106 690
145 415 180
19 125 337
104 160 9
474 261 259
388 172 558
435 306 635
274 189 762
192 381 387
96 385 651
244 120 277
173 337 459
181 121 291
21 479 710
212 196 838
45 435 752
73 255 165
479 309 248
147 348 337
302 10 883
6 270 30
1 58 567
134 256 428
300 87 722
378 389 725
346 450 481
236 16 158
19 474 750
457 414 187
227 45 795
111 265 556
302 376 189
367 445 400
230 490 390
123 241 552
445 260 736
83 123 678
28 237 974
123 259 11
59 49 608
188 196 137
109 364 834
247 191 883
232 353 836
274 322 524
387 249 172
149 188 748
161 30 32
6 145 794
149 492 842
260 499 256
42 55 56
464 309 49
459 76 580
257 345 241
138 241 318
35 195 758
237 420 36
66 469 519
49 15 643
238 309 397
363 64 209
346 82 634
363 82 907
474 337 864
289 374 99
18 52 75
474 402 907
355 56 370
255 286 648
45 313 715
473 65 161
353 371 632
340 204 325
269 112 511
157 250 581
165 406 563
189 323 891
268 287 701
328 100 257
286 169 814
416 254 221
284 469 42
150 445 752
442 486 823
251 456 216
430 148 831
2 447 662
124 454 263
190 122 169
1 225 751
350 377 360
116 366 17
478 256 136
310 277 773
305 315 148
22 118 95
413 338 159
155 370 666
161 247 252
420 273 104
63 86 408
77 416 850
328 118 383
409 76 185
133 437 576
255 167 631
184 27 799
430 324 542
328 13 103
472 67 68
34 399 84
361 139 963
188 451 57
218 325 994
442 77 85
27 300 979
495 114 746
144 179 962
367 391 726
384 430 526
489 296 405
159 449 115
133 422 641
251 448 282
227 202 508
144 115 260
400 252 822
106 325 55
77 70 568
335 267 669
421 182 760
73 312 856
448 449 468
73 397 345
10 446 754
366 424 563
465 261 680
251 148 790
246 158 362
63 98 298
460 418 934
388 234 546
88 281 182
220 61 934
256 353 167
417 393 996
180 76 427
472 73 342
321 2 832
365 335 229
277 108 997
347 337 291
53 345 905
263 310 945
303 487 989
217 485 133
19 272 147
216 495 705
242 176 858
358 185 664
140 172 461
212 73 3
113 319 691
272 26 804
420 221 436
364 470 956
473 134 270
23 475 982
445 36 373
404 356 616
471 95 907
467 320 373
2 427 403
373 131 162
118 201 237
392 138 369
294 142 507
83 256 504
74 295 422
191 444 940
364 115 526
37 396 50
347 487 479
330 330 753
433 336 477
137 489 659
460 386 675
500 479 212
24 125 764
120 448 50
245 468 202
451 124 794
340 157 117
291 375 163
43 499 570
141 91 330
492 290 311
256 231 268
243 122 440
469 233 119
317 287 28
464 99 810
181 265 837
465 151 12
125 219 415
9 229 271
74 219 952
444 265 867
360 416 176
273 255 554
275 312 975
264 375 7
268 482 272
80 24 675
262 265 688
442 12 561
313 4 563
205 171 749
400 412 736
4 2 865
171 208 965
175 139 562
143 110 811
96 261 268
303 456 951
428 17 225
462 288 185
465 4 16
188 83 479
33 159 695
415 199 290
80 148 94
456 204 660
280 191 158
395 73 322
288 324 161
262 262 770
105 134 555
225 492 44
480 37 980
393 186 410
394 489 760
383 431 260
436 145 977
185 176 901
390 264 182
279 36 658
79 431 817
9 242 250
493 52 787
114 332 971
44 196 142
142 258 242
428 365 839
490 189 662
45 411 863
33 412 524
332 104 843
66 479 592
195 80 650
38 65 721
454 116 478
155 7 363
25 116 487
369 139 925
306 458 517
327 399 294
87 140 470
101 311 158
195 86 25
160 282 245
148 241 211
215 377 589
205 315 317
441 184 714
113 358 491
274 306 641
340 45 476
223 239 940
429 80 75
471 112 263
129 334 422
288 389 949
350 275 792
382 301 978
154 56 806
163 390 745
86 86 312
421 283 533
62 495 249
497 92 113
447 456 223
80 240 206
255 345 686
199 39 714
258 477 330
197 109 122
95 230 828
386 102 454
421 474 295
89 412 157
41 454 21
290 451 305
129 361 17
32 328 232
316 347 993
438 328 42
368 434 390
203 21 105
280 177 292
491 171 598
465 397 343
282 337 969
344 228 382
304 305 2
67 21 274
90 153 451
353 275 715
354 2 68
49 491 296
237 239 818
28 309 252
340 373 333
498 89 927
361 152 493
150 475 217
354 140 917
24 18 108
216 296 185
302 346 108
175 14 268
268 268 691
429 400 238
132 244 209
344 463 987
149 74 807
433 294 998
189 458 139
308 348 211
437 115 718
147 10 297
37 354 189
49 476 214
453 266 83
156 307 377
467 450 472
239 276 228
252 288 743
226 417 825
250 217 150
81 415 649
300 28 453
136 366 360
495 422 240
129 294 104
293 256 161
435 383 533
328 14 796
496 7 62
356 469 756
329 45 693
185 154 449
495 448 965
19 36 419
85 398 762
183 92 584
374 384 73
468 254 947
388 442 688
137 279 679
432 455 457
219 464 725
288 498 615
413 152 558
434 151 881
446 15 208
441 72 134
433 228 577
365 478 490
378 499 64
4 487 157
299 211 17
179 120 530
247 292 374
157 164 278
76 468 179
341 55 545
438 55 522
363 55 669
456 357 978
73 188 750
78 7 668
79 365 864
101 8 27
341 189 544
476 361 940
276 318 981
135 269 471
250 380 357
389 471 752
251 353 243
327 196 121
134 86 282
278 363 861
318 254 846
187 30 617
253 45 215
285 419 86
119 350 528
274 295 659
150 59 419
330 149 797
399 44 392
180 218 554
303 209 763
336 75 600
218 46 833
238 340 612
397 82 39
204 402 815
215 329 633
175 279 146
101 81 104
302 254 686
135 430 558
11 270 92
403 2 766
358 397 423
480 364 38
156 177 519
164 220 649
252 490 493
258 23 744
274 356 545
184 406 451
344 16 781
434 81 167
115 331 413
185 359 340
103 198 537
303 21 490
128 393 757
256 148 410
410 301 215
143 60 370
299 333 328
431 378 416
52 365 628
124 341 429
297 186 662
167 28 235
26 37 46
69 405 546
105 438 507
169 438 756
428 277 108
304 77 274
477 312 972
66 127 161
299 370 735
433 25 962
141 351 710
127 275 778
436 269 391
30 362 414
346 162 615
299 306 996
307 445 342
344 324 145
431 280 818
476 144 902
319 16 834
239 129 588
230 270 991
43 348 624
332 90 284
225 295 817
289 281 232
358 421 575
418 345 908
59 289 608
422 415 31
464 270 48
3 18 421
10 21 922
343 376 101
435 361 860
146 89 682
24 308 152
161 11 77
411 281 19
344 73 450
128 81 681
210 460 351
470 16 586
360 465 622
68 193 616
264 277 570
139 402 216
224 494 605
261 366 738
342 485 536
445 304 59
144 483 706
306 383 35
421 184 556
62 239 986
224 220 680
393 299 355
10 423 487
203 237 340
498 391 843
93 47 53
135 191 994
45 415 657
400 224 356
131 455 665
459 16 793
126 305 82
436 148 614
364 288 972
328 253 889
214 157 402
453 372 842
317 101 8
213 305 78
347 17 929
481 427 317
257 255 853
99 118 227
310 38 671
315 327 834
408 131 299
35 435 97
480 93 484
75 155 331
17 156 679
141 400 727
65 377 189
129 469 781
151 409 489
47 251 644
401 325 825
394 77 787
177 185 587
307 439 411
116 295 509
142 353 465
33 24 71
3 166 280
42 76 602
66 356 558
28 347 158
345 433 974
448 425 134
2 203 890
8 443 645
222 319 854
229 451 684
296 201 556
366 199 769
274 364 980
364 285 192
465 429 496
13 79 564
171 4 858
41 119 369
401 33 341
16 484 15
431 191 856
493 296 691
3 179 666
264 254 622
213 390 581
212 285 164
247 172 50
145 186 176
162 338 714
325 468 316
321 424 566
324 85 822
1 16 83
52 330 122
92 62 625
353 479 770
179 452 974
278 232 804
279 70 277
468 255 190
39 70 972
409 97 737
341 29 376
45 91 151
63 448 805
298 440 872
222 103 261
316 210 664
390 449 8
156 338 418
199 63 824
81 68 173
435 337 375
487 6 714
218 269 120
251 251 45
47 99 504
212 319 503
237 138 891
215 449 923
276 328 918
267 219 55
193 279 680
121 32 996
454 138 552
94 76 850
362 60 378
308 341 512
399 219 609
67 201 771
486 50 386
223 472 128
191 257 52
1 331 995
190 346 763
327 412 921
92 65 254
54 26 73
299 474 1
61 65 123
307 409 560
425 61 854
333 136 319
122 273 927
399 127 792
382 493 248
57 223 626
391 103 936
315 269 947
300 232 4
83 136 529
486 285 77
74 106 612
481 62 967
177 76 35
49 299 60
341 487 867
179 176 521
9 89 831
494 256 726
177 152 675
372 432 155
241 289 307
55 319 836
432 212 43
437 133 379
458 284 662
129 55 147
339 164 455
20 293 419
71 489 793
1 223 849
13 404 359
17 449 413
460 89 817
183 128 692
169 356 695
208 221 48
220 98 377
221 308 371
9 423 773
195 429 846
44 19 131
441 421 22
336 125 966
453 232 563
358 295 55
239 360 869
118 402 35
386 340 376
460 334 455
146 208 398
286 176 50
447 500 843
74 4 829
4 310 581
243 401 220
472 85 822
296 171 964
251 328 36
132 453 118
28 218 801
80 411 917
398 300 148
77 340 74
173 15 348
22 204 764
440 325 520
194 330 748
190 127 632
319 21 264
35 147 311
347 217 172
436 416 224
418 336 816
445 497 285
191 97 728
114 197 615
481 239 372
332 227 673
215 103 890
365 133 176
426 423 170
132 349 151
99 224 686
238 459 489
430 481 448
368 250 521
330 421 189
180 368 280
398 28 520
373 455 933
154 399 528
357 4 378
31 327 856
21 454 709
44 5 204
203 123 426
253 209 60
202 222 108
23 359 695
248 130 288
381 189 882
385 195 607
276 442 662
381 302 346
40 334 660
248 67 533
122 494 223
338 146 165
460 26 821
475 451 109
42 195 97
338 469 198
412 432 352
452 492 251
91 236 617
390 338 511
169 79 361
203 230 704
128 3 881
455 268 717
494 73 129
61 70 330
436 225 551
229 81 569
291 143 294
145 380 619
435 68 78
487 489 932
175 275 55
410 340 790
308 263 358
500 121 66
348 370 533
81 312 6
468 20 92
211 297 438
287 451 691
480 100 577
460 43 353
448 499 515
369 99 439
324 123 205
482 164 145
94 116 232
207 382 829
238 115 603
341 161 954
241 142 94
62 224 468
324 132 71
297 11 559
11 170 118
354 219 545
262 225 851
361 414 627
315 105 66
394 85 121
56 314 351
250 82 849
478 180 666
98 21 554
139 364 543
302 371 635
256 469 783
74 400 217
191 150 140
319 4 634
424 212 740
72 325 888
155 478 363
391 229 600
210 399 239
449 219 467
42 372 382
398 380 355
495 191 586
393 238 883
258 361 754
27 456 884
325 355 186
298 414 373
301 125 448
223 441 811
383 62 480
288 74 476
306 384 269
166 205 779
227 459 819
36 200 429
46 29 769
461 484 504
194 116 941
124 11 815
96 142 983
359 16 504
22 21 23
329 189 638
39 148 535
457 84 793
342 461 510
351 285 187
169 497 982
450 296 25
334 219 172
104 468 347
300 366 450
127 94 874
473 164 85
340 411 249
409 35 892
429 85 676
372 436 503
477 217 382
464 171 558
19 422 555
428 32 818
143 442 582
408 425 491
437 95 605
26 252 51
80 355 511
415 339 131
21 91 851
230 66 590
141 253 549
121 189 369
436 42 23
2 98 133
295 214 207
210 37 607
232 79 401
104 59 20
114 357 472
304 368 664
27 245 264
480 55 416
401 248 726
278 314 609
484 442 679
28 356 64
207 257 113
224 108 844
429 19 672
305 319 528
114 273 506
400 16 13
26 217 35
320 271 164
307 321 476
162 142 568
113 340 282
215 321 244
48 238 868
470 96 81
358 106 532
246 153 957
328 200 921
188 181 598
89 301 322
92 500 228
71 24 34
45 333 662
222 444 615
171 121 555
395 264 585
220 215 779
359 336 535
248 231 340
73 281 454
163 462 451
260 442 573
234 441 379
440 77 116
366 214 79
11 238 297
246 417 506
139 290 458
454 200 311
311 220 824
55 71 560
206 407 725
49 239 692
483 452 563
246 228 150
131 355 201
29 190 655
375 113 15
474 352 906
152 253 548
402 460 209
480 150 616
384 2 186
166 239 932
142 345 896
233 264 924
325 366 422
263 422 319
463 78 838
38 84 630
186 300 576
15 111 585
148 95 958
223 495 187
233 443 400
277 120 352
134 152 704
259 230 52
9 120 450
396 46 653
230 48 847
165 459 824
450 325 70
306 87 848
428 339 195
190 203 784
12 262 785
181 35 412
413 53 282
453 79 594
218 486 813
369 255 500
2 32 381
367 456 195
167 355 653
7 46 423
358 168 398
296 259 143
167 113 937
330 442 419
462 408 495
6 266 923
288 37 24
287 101 373
436 38 504
116 383 981
237 238 11
245 76 369
456 384 471
360 491 515
104 291 137
141 392 212
87 177 903
109 94 267
141 29 769
111 447 319
45 476 547
227 120 855
356 439 431
217 427 610
455 153 779
451 353 395
350 233 573
24 497 301
359 65 934
114 94 425
424 290 40
433 207 724
308 188 146
168 280 416
118 283 437
243 134 585
26 73 541
57 413 364
492 448 848
115 433 278
238 156 850
161 274 246
29 54 614
157 84 166
395 37 769
103 24 344
239 274 112
45 246 955
145 490 653
389 419 707
85 279 750
164 267 562
27 98 364
439 491 266
62 500 635
418 498 107
494 498 357
202 169 370
313 121 593
454 213 926
477 394 329
184 446 755
333 10 523
197 50 760
364 79 8
333 312 214
421 398 270
191 499 470
350 353 909
338 315 480
180 263 479
385 112 962
272 351 152
55 216 96
464 469 126
118 226 197
148 400 630
377 339 275
313 386 682
195 100 410
279 183 160
478 360 32
59 275 122
49 23 958
385 69 397
21 360 84
363 416 211
130 37 414
376 137 612
16 142 299
121 31 798
280 84 808
493 16 666
144 401 709
268 197 44
467 476 160
157 304 742
4 472 338
137 83 803
402 235 678
11 443 674
344 22 379
184 438 613
151 461 291
264 64 952
472 141 474
463 415 978
22 30 368
43 430 724
173 456 121
423 422 924
90 13 804
124 239 380
75 475 455
160 315 7
386 385 838
10 166 541
23 28 953
434 381 237
363 154 250
457 155 536
182 271 790
358 193 629
415 237 827
178 92 689
159 358 888
299 10 311
325 456 251
73 116 2
117 12 915
150 63 419
141 236 770
467 453 51
424 339 744
275 157 211
129 126 333
447 278 188
61 365 156
22 174 120
49 470 39
40 244 364
85 401 773
362 155 678
144 117 70
71 428 157
105 456 519
307 301 544
337 219 489
179 79 830
342 56 100
398 317 58
290 279 534
99 178 508
462 436 282
177 190 40
62 241 321
434 449 778
500 222 975
189 83 796
266 30 68
260 57 325
337 313 402
163 165 512
213 90 257
60 405 392
280 329 840
175 331 501
198 70 360
62 12 184
451 84 741
205 379 13
173 464 22
234 126 503
305 208 203
116 332 549
184 112 841
270 313 228
221 129 94
237 236 890
101 86 147
50 413 442
231 261 325
321 372 283
248 160 391
172 372 301
97 401 37
303 459 504
211 114 79
295 77 958
35 406 728
399 29 740
200 310 347
121 458 144
54 393 583
197 318 497
463 82 603
16 236 196
462 314 508
47 96 974
405 78 845
360 325 656
245 379 658
145 16 637
152 378 582
353 22 733
132 421 457
368 177 910
452 269 457
130 243 219
302 449 378
10 224 215
417 244 4
164 188 690
292 219 8
217 423 787
239 369 145
56 438 75
303 314 148
31 283 7
143 316 341
432 128 892
236 332 983
84 434 147
451 477 528
317 437 779
385 399 570
99 53 801
274 190 227
442 297 98
375 375 165
3 316 390
456 257 469
97 315 713
22 214 164
49 422 487
37 19 440
254 42 290
461 89 661
495 392 898
104 430 958
314 358 647
454 8 897
2 473 703
63 144 206
446 337 34
479 262 107
43 69 714
429 296 326
135 121 382
275 204 538
226 302 51
424 257 805
144 421 884
178 428 658
94 363 786
256 282 754
267 404 446
175 113 804
30 1 868
68 90 499
329 354 874
272 347 809
97 81 772
226 30 111
38 120 851
341 433 344
191 286 574
165 143 766
432 463 48
293 270 22
71 156 416
210 7 90
247 85 920
9 28 508
415 288 559
356 433 849
203 206 67
98 484 159
202 140 469
146 150 667
303 202 168
183 483 954
324 5 655
415 286 619
365 439 879
34 132 743
474 358 193
268 49 870
149 56 246
494 450 55
475 396 160
308 151 745
50 86 443
261 326 17
330 207 412
250 146 854
457 416 960
233 267 111
417 147 423
164 449 187
11 223 521
227 30 818
363 121 132
254 482 297
109 143 338
25 365 391
266 81 997
152 454 985
124 58 530
306 231 278
43 191 725
386 465 104
463 2 763
171 446 976
329 232 353
262 203 384
163 326 464
81 388 311
467 436 670
52 168 426
398 381 172
138 456 417
239 73 149
493 439 242
361 86 863
299 165 938
149 237 862
229 169 987
133 419 318
209 327 206
142 397 76
451 84 778
250 425 865
467 442 413
336 419 480
133 408 732
338 38 89
288 8 58
397 361 254
346 245 619
282 68 301
112 111 156
359 2 419
305 90 775
24 380 893
365 272 8
318 176 194
400 250 155
237 394 862
198 148 511
7 91 284
89 103 673
205 154 110
132 312 318
447 468 328
164 214 220
402 362 334
197 474 310
444 440 945
28 486 1
355 382 594
255 107 200
353 280 91
232 137 75
38 337 879
315 88 245
149 158 661
161 408 249
133 65 252
309 77 348
465 240 575
372 40 706
132 324 399
376 488 65
390 81 756
226 197 23
403 237 673
363 22 282
437 381 743
56 116 441
419 116 943
363 374 572
227 294 866
272 388 566
22 440 834
224 331 508
44 120 202
398 431 863
193 335 193
115 122 437
53 314 747
176 304 587
419 100 848
334 484 489
107 391 539
1 146 59
401 389 997
177 56 829
156 422 640
62 175 403
447 309 797
327 328 428
453 434 227
204 266 159
13 332 983
310 486 852
320 164 206
134 279 392
25 9 609
242 139 860
403 243 82
243 434 202
174 131 214
158 32 798
455 493 18
411 124 765
57 94 11
393 458 70
295 168 294
314 243 308
140 340 921
66 236 210
258 80 621
366 150 644
129 405 532
385 219 300
29 175 10
41 90 169
495 176 300
60 445 762
406 271 148
477 472 455
491 142 586
306 148 792
160 256 487
353 47 838
145 7 355
479 483 945
278 210 501
180 148 630
324 174 596
55 449 635
3 8 805
265 282 851
100 241 820
266 99 574
211 111 100
226 487 630
276 258 195
340 271 413
285 354 141
69 496 645
30 128 140
415 198 94
286 187 183
455 372 271
297 169 487
325 454 685
318 430 607
426 396 295
109 459 503
73 358 715
145 242 681
461 133 367
237 229 371
438 55 267
207 125 653
371 203 562
133 182 954
296 118 350
340 408 645
176 437 689
239 248 920
331 162 322
94 276 26
213 186 258
428 412 554
471 58 361
214 48 244
355 219 226
403 365 834
496 483 274
422 20 297
357 231 917
34 361 610
377 152 133
309 313 318
464 137 769
243 302 945
47 215 528
240 307 951
18 437 781
164 161 967
425 409 441
312 349 502
482 62 807
413 21 794
142 203 1
37 59 36
348 248 100
462 102 364
30 288 648
26 171 902
103 98 723
219 286 261
75 371 467
104 496 371
470 115 742
22 275 842
158 402 701
376 182 343
347 136 320
420 135 267
18 436 719
431 111 331
415 186 120
203 117 234
20 497 948
446 358 175
77 434 647
294 254 529
419 411 538
133 305 178
467 29 424
217 368 692
428 217 767
43 83 639
421 234 143
3 258 387
61 378 474
409 178 961
415 392 174
3 427 306
297 144 1
302 141 805
101 404 90
222 383 685
270 49 445
29 470 984
206 484 77
378 124 756
314 128 211
306 367 60
168 121 384
66 80 720
287 108 142
359 173 827
17 292 204
475 389 53
263 390 742
260 453 167
145 70 612
286 14 252
287 333 254
405 279 936
214 436 475
455 333 317
495 411 603
170 410 885
76 193 447
251 470 574
67 496 495
406 203 772
238 40 461
7 231 642
67 100 149
78 184 151
476 450 350
210 172 650
376 54 458
440 353 524
380 152 489
125 418 7
30 246 587
308 432 819
195 130 591
339 499 313
413 108 264
73 353 387
474 179 71
168 82 251
377 247 293
259 452 975
181 176 577
61 109 517
474 154 41
35 431 395
487 364 637
199 471 124
142 127 932
218 274 800
158 54 496
158 477 668
258 111 200
431 459 827
27 293 590
111 2 378
163 323 409
211 394 4
200 149 268
156 326 8
328 128 536
473 148 166
242 425 658
26 280 943
495 268 604
380 183 815
221 187 819
493 480 55
233 180 136
260 400 624
140 168 575
483 16 153
482 241 954
398 438 547
361 199 658
470 108 120
278 433 94
72 318 235
305 467 66
402 362 33
483 9 820
409 94 709
290 4 767
485 385 876
457 405 52
205 370 499
27 445 142
330 142 655
256 242 676
2 92 690
407 235 809
40 55 996
38 394 539
339 213 598
328 55 717
474 495 559
2 219 116
216 406 4
453 390 648
42 400 845
309 197 135
429 165 172
405 278 528
4 425 222
54 303 664
75 220 93
28 409 172
373 115 245
476 109 436
133 346 655
475 344 371
150 249 606
237 208 407
159 268 702
11 297 443
247 93 292
216 195 842
272 462 178
24 489 654
67 466 761
372 41 425
198 325 807
394 264 146
350 111 246
395 357 152
315 254 28
465 237 253
498 16 486
443 129 52
205 358 109
11 402 361
257 426 476
430 169 966
406 101 676
200 223 689
200 456 64
418 122 934
136 332 90
186 396 642
135 276 468
318 3 917
409 275 368
93 38 615
162 41 49
224 384 912
81 168 635
275 259 408
219 286 901
312 431 693
494 364 267
344 110 613
105 205 120
387 163 707
492 366 213
124 108 648
80 283 779
264 407 890
252 333 175
269 113 304
259 456 997
315 35 421
433 277 618
431 460 943
167 15 627
112 236 667
341 260 800
494 413 775
419 172 424
249 144 855
369 36 280
5 69 791
131 276 757
34 323 218
158 216 603
44 39 315
290 308 202
364 205 636
483 143 130
447 287 250
434 440 582
250 195 53
55 304 189
349 190 461
110 2 297
27 308 153
21 215 34
225 465 895
234 400 7
487 315 98
69 360 278
145 269 362
49 94 7
214 486 311
180 376 787
160 372 88
57 409 872
97 173 598
201 299 223
296 450 453
394 50 189
78 73 97
11 321 672
318 159 549
243 336 467
328 155 842
212 129 105
4 280 438
20 288 550
180 345 952
366 22 573
308 348 261
182 319 100
259 202 696
458 115 379
443 306 592
132 417 999
373 435 969
368 99 660
485 348 665
323 329 730
383 236 943
256 98 88
288 237 374
294 374 69
338 33 886
421 344 637
62 13 183
472 144 672
354 384 449
276 474 637
152 135 344
241 479 386
283 373 904
242 401 541
124 217 46
361 220 348
383 472 128
470 329 135
434 142 406
468 380 218
297 487 317
429 105 119
54 478 435
11 475 114
296 300 728
29 228 289
68 231 356
101 420 76
355 259 944
61 471 750
361 95 940
366 478 145
246 208 428
374 161 874
179 495 737
54 403 378
487 240 391
327 347 952
414 330 328
214 42 381
77 411 240
175 144 753
150 463 23
458 263 182
96 262 106
187 219 427
84 113 615
383 229 535
356 126 237
402 481 467
88 449 96
384 147 970
438 323 261
65 172 684
294 284 469
228 252 172
46 470 583
410 179 386
204 431 51
333 399 512
255 255 441
73 10 226
471 361 907
390 291 832
347 150 378
53 15 420
91 465 304
20 451 770
62 175 146
263 27 285
406 342 320
343 215 241
190 425 317
327 268 296
414 124 17
427 121 885
100 219 103
418 441 134
23 39 794
214 203 560
383 354 161
50 101 395
8 472 834
153 319 215
433 50 396
364 480 955
50 445 763
395 280 712
418 326 21
68 102 154
372 71 932
26 154 438
206 154 403
323 124 275
97 122 954
429 255 767
436 366 449
494 478 26
85 16 379
16 454 721
67 417 551
292 5 950
144 135 662
176 64 389
341 231 355
482 409 7
110 3 806
411 186 944
231 480 877
450 464 732
432 7 325
268 22 341
74 276 719
24 58 725
23 426 404
289 287 996
209 375 409
108 261 381
259 207 422
336 481 67
50 113 130
285 235 91
132 7 208
260 399 123
196 446 350
176 444 352
186 175 673
25 393 316
237 42 125
469 218 505
11 461 719
1 10 349
106 51 84
169 375 34
147 368 558
290 278 848
404 267 358
211 229 641
442 182 826
57 3 950
273 37 989
247 407 560
465 347 150
466 104 189
19 395 559
7 71 780
254 472 39
441 107 3
297 12 69
278 223 177
273 390 252
128 63 454
305 212 327
169 418 710
80 294 37
498 263 976
60 379 380
440 331 175
350 137 858
229 267 232
451 246 717
319 256 189
9 58 538
63 384 409
386 169 299
347 211 381
348 269 918
17 337 535
481 103 656
403 493 972
151 436 462
395 33 632
365 143 577
214 119 219
438 212 415
236 406 804
281 94 158
249 212 399
110 217 425
392 500 561
329 183 218
48 53 324
357 381 763
109 26 985
272 134 359
145 90 543
355 181 533
86 288 548
487 457 172
370 371 729
363 446 510
98 482 662
255 430 366
456 465 924
6 11 497
427 2 301
213 372 832
473 60 607
94 137 352
448 10 255
402 444 908
270 68 787
20 238 55
338 151 860
496 306 355
205 173 576
335 76 471
17 426 278
401 142 816
73 404 935
287 213 705
55 350 640
38 118 781
288 413 569
190 140 169
375 157 662
268 24 298
458 293 135
132 111 763
253 430 529
16 444 978
167 375 267
165 359 827
198 176 144
305 427 38
362 67 74
220 469 715
448 455 64
497 270 395
390 449 93
147 340 176
434 353 706
219 124 104
343 421 890
369 253 895
179 146 647
7 294 618
16 371 765
301 229 869
252 200 93
397 191 669
372 421 260
274 455 473
477 206 848
259 55 759
63 441 424
366 195 383
278 32 378
336 159 546
174 172 47
128 224 746
111 62 752
41 360 635
475 383 303
358 453 216
103 31 603
230 456 530
91 139 513
158 28 762
114 500 375
249 479 777
135 379 980
181 319 406
79 212 475
215 114 556
472 121 99
59 345 233
98 219 144
90 130 240
391 241 187
147 287 368
394 301 121
263 272 676
107 389 757
346 387 774
339 279 437
430 238 231
133 252 167
391 146 28
429 18 913
246 451 833
181 472 854
97 355 456
153 466 190
304 484 552
386 162 618
209 128 282
394 266 360
139 116 466
264 107 636
114 226 662
48 56 556
82 123 846
441 329 184
287 82 764
249 223 41
397 15 910
330 340 249
489 70 265
156 489 642
290 97 668
18 35 503
346 181 924
403 344 625
470 303 624
313 285 328
68 395 111
454 447 295
87 422 354
455 439 841
187 163 424
196 270 944
493 442 217
185 38 152
331 34 817
258 343 952
399 352 718
435 202 263
150 102 838
160 139 121
116 390 299
74 249 353
174 50 891
2 206 567
209 334 550
238 255 377
468 210 674
66 310 770
500 62 138
408 351 189
96 181 145
295 485 577
2 237 932
31 235 646
37 166 702
247 481 261
466 82 130
92 440 389
294 313 434
267 250 953
371 367 364
180 70 258
91 486 598
205 230 33
302 309 82
213 320 546
164 486 710
186 304 296
274 259 701
103 222 548
276 414 896
498 448 985
221 143 308
287 196 86
211 429 380
364 197 10
445 252 913
150 87 3
140 352 262
411 186 925
485 122 538
20 26 787
357 126 977
343 153 522
473 346 640
9 47 812
22 315 65
403 405 72
174 293 638
118 33 873
167 419 152
356 393 583
24 342 574
154 190 989
350 424 277
341 133 635
120 359 144
113 367 662
468 133 966
78 377 614
225 257 648
318 169 53
347 422 675
14 30 445
491 123 603
234 428 776
388 239 510
154 443 125
208 25 38
494 234 269
137 229 359
421 355 654
39 196 740
297 343 923
290 49 821
8 351 191
302 482 974
475 406 461
268 24 583
353 347 493
494 498 422
134 98 228
119 436 123
432 244 997
387 124 376
419 320 377
130 360 894
246 500 96
123 36 443
53 331 137
152 89 371
461 3 441
403 155 281
450 215 621
285 307 594
319 259 379
441 463 120
321 280 879
156 302 119
25 17 795
17 308 104
286 81 149
203 132 499
492 108 998
77 417 699
193 377 495
449 289 689
383 353 439
439 457 699
400 472 321
405 7 27
90 76 351
304 147 582
457 17 417
372 33 659
341 336 649
405 497 240
213 459 527
7 243 584
319 142 650
215 414 351
20 465 627
168 167 662
244 37 453
309 21 901
318 256 364
178 68 275
34 50 59
59 175 623
21 435 368
256 383 495
262 161 544
491 266 371
236 490 381
499 423 917
278 24 889
239 50 700
480 308 415
427 378 546
443 345 262
186 343 156
198 130 384
227 298 371
112 402 861
458 69 46
469 26 918
437 324 529
58 366 631
125 254 713
467 81 311
474 95 185
218 160 426
24 199 566
323 123 802
3 372 532
218 248 466
295 182 391
183 420 657
278 25 546
287 357 146
314 156 705
380 429 726
218 195 381
284 277 536
352 68 176
248 298 470
97 32 554
190 475 149
393 494 355
253 417 611
360 48 309
46 429 796
196 470 262
229 496 910
193 253 794
427 173 632
285 477 571
125 212 729
111 368 948
193 195 677
193 194 423
309 138 367
435 9 237
357 443 440
405 233 115
90 262 350
186 408 625
56 319 435
65 219 207
254 57 141
1 319 436
214 173 692
149 187 789
13 152 959
361 395 971
140 434 574
424 395 934
423 319 686
487 462 51
398 119 488
132 282 604
425 84 29
419 221 849
431 120 320
474 425 515
299 408 422
426 48 677
50 277 660
91 468 744
452 14 358
484 170 591
489 348 162
359 126 73
63 57 97
212 144 984
411 169 599
441 487 351
272 439 970
283 171 539
316 347 459
175 475 386
184 245 721
425 411 177
460 30 142
483 430 123
104 341 584
294 85 915
16 365 104
131 433 140
57 346 66
69 283 755
328 403 512
277 77 717
230 294 626
315 19 992
223 348 248
377 53 991
159 433 709
213 179 603
3 139 333
162 20 976
44 222 830
434 181 581
321 14 101
474 365 445
246 242 669
39 235 376
311 305 704
440 69 958
137 313 382
400 254 824
438 343 776
32 47 542
70 289 573
295 81 204
176 498 328
214 429 783
410 87 634
412 312 315
228 464 210
1 376 363
140 144 409
160 140 715
166 64 713
374 176 290
223 132 379
300 256 516
428 454 141
113 456 344
5 364 828
3 461 361
318 225 432
255 496 510
67 478 689
126 295 497
197 46 151
489 235 400
73 75 19
62 83 62
244 108 442
438 215 946
274 145 318
184 445 985
244 234 763
396 294 867
457 221 133
19 431 158
20 188 475
213 114 675
257 334 659
402 70 724
226 292 620
160 428 254
360 460 284
490 245 683
353 129 476
197 10 248
279 283 278
162 443 149
434 198 697
241 497 804
478 221 100
412 31 940
32 39 124
108 138 414
258 274 991
17 353 371
259 461 606
459 67 877
452 413 845
344 61 394
158 123 394
196 299 656
94 298 526
317 227 480
440 358 941
376 329 134
335 298 106
168 383 879
162 247 197
332 293 534
40 375 725
239 296 153
92 74 699
338 297 540
97 13 23
203 379 114
92 413 77
247 141 844
93 37 330
231 286 576
13 250 755
173 292 182
165 249 109
219 347 534
191 126 970
433 76 586
422 456 310
351 141 686
279 441 406
38 201 892
489 90 615
362 113 431
257 185 29
203 324 753
327 235 770
23 278 717
113 469 969
435 25 688
136 6 459
478 179 413
275 366 500
396 163 920
227 356 412
188 375 59
40 197 457
368 203 27
429 1 723
357 398 166
339 18 680
249 265 659
180 283 556
374 186 434
320 196 297
171 218 864
98 422 709
367 185 539
351 67 923
421 318 752
438 219 732
162 390 382
165 330 127
485 483 540
481 417 557
5 252 932
4 417 708
174 426 233
24 22 831
64 473 62
235 234 647
385 12 459
242 54 429
350 380 8
43 269 780
208 298 225
354 274 816
301 136 359
420 213 540
180 372 598
128 98 250
425 225 701
311 340 343
157 211 603
376 13 994
498 240 312
392 36 441
350 410 818
255 439 18
463 143 555
72 484 322
236 258 467
251 113 864
273 278 847
455 138 987
156 268 994
425 180 670
78 61 361
117 232 684
49 377 419
56 326 505
241 380 829
160 235 917
393 178 951
477 380 516
346 370 115
156 225 824
47 158 663
29 477 549
422 352 420
211 340 237
310 36 217
161 454 233
292 353 284
482 59 12
151 439 913
338 318 700
49 239 754
150 182 450
176 258 588
57 225 418
277 138 385
424 38 899
23 171 111
379 35 824
295 425 927
323 38 847
13 419 506
11 144 715
298 195 882
76 332 99
497 78 962
113 415 602
396 265 290
124 468 860
475 169 247
111 149 486
196 352 389
314 37 809
170 86 284
429 166 739
180 244 62
28 458 478
393 438 922
192 195 66
259 346 181
84 147 523
137 44 155
41 394 739
12 170 257
397 463 726
465 414 295
373 434 560
245 409 36
485 429 778
399 216 894
410 238 249
130 399 918
72 368 206
116 306 404
123 49 221
300 379 367
116 208 983
413 65 844
207 161 949
407 86 665
246 343 698
499 388 9
359 251 372
291 349 686
221 51 304
308 306 959
302 393 29
498 475 558
116 110 832
166 327 833
79 427 910
41 340 364
107 364 607
248 252 222
282 36 199
410 217 269
318 121 811
388 284 639
17 444 358
466 14 714
339 396 472
461 434 856
1 324 288
468 212 570
141 130 203
129 307 97
344 112 480
128 407 387
230 139 264
418 6 371
171 34 390
193 499 133
30 182 794
185 498 474
384 304 470
188 204 69
93 149 267
171 425 393
467 60 577
85 157 636
356 7 511
470 460 147
374 228 693
265 40 507
297 261 881
343 423 335
178 142 178
307 256 193
482 311 388
464 34 899
247 360 991
203 332 835
81 216 884
281 250 863
382 247 608
287 323 88
101 488 619
317 310 68
449 26 552
244 143 217
169 194 753
360 203 178
156 107 780
212 354 820
359 225 653
104 416 463
291 151 344
107 81 800
152 254 47
444 435 115
311 424 59
438 345 475
258 19 365
243 101 136
328 157 106
475 219 987
160 174 854
8 50 46
167 212 791
305 360 384
340 103 282
66 87 933
266 14 906
384 61 13
311 206 310
408 470 608
351 312 392
356 134 125
154 273 876
46 206 881
409 461 263
22 24 835
443 232 156
312 88 231
135 57 994
459 197 811
2 122 917
179 321 369
132 363 822
433 464 347
127 328 383
291 209 482
294 90 664
346 38 707
468 185 885
28 25 154
384 244 606
127 225 884
458 232 928
57 259 232
5 345 173
46 299 152
228 482 457
417 124 175
224 466 815
100 222 65
137 222 434
367 284 614
277 178 338
232 494 793
138 479 38
283 398 180
392 63 203
250 56 925
318 399 67
76 230 820
400 158 922
472 269 140
110 441 372
185 146 167
404 236 1
212 159 379
255 370 407
348 3 684
444 17 98
386 185 420
264 204 207
470 11 631
181 2 417
92 473 981
214 351 393
27 306 99
272 244 468
208 36 757
361 345 18
93 84 635
216 1 695
106 153 15
176 160 332
161 264 234
98 352 659
261 197 654
20 262 805
99 296 683
260 457
