100
129 287 387 238 451 278 451 71 232 195 259 207 213 312 347 456 50 203 334 155 282 267 166 234 108 497 227 16 34 264 265 160 476 51 219 254 90 238 9 62 474 333 420 419 314 40 265 435 21 497 179 391 127 286 341 161 190 98 207 468 342 356 211 33 96 234 319 71 219 394 150 268 71 418 236 254 103 377 106 154 432 418 229 224 170 465 105 455 498 46 77 459 185 456 405 349 213 195 497 117 
0 12 13 499
0 32 73 198
0 5 31 126
0 17 28 279
1 51 94 462
0 9 21 290
1 42 44 362
1 16 18 426
1 4 5 172
0 50 75 96
1 13 42 263
1 63 88 387
0 4 12 367
1 44 55 202
1 2 26 477
1 46 83 154
0 29 87 262
1 6 11 281
1 40 70 168
0 8 37 244
0 19 27 290
1 69 71 234
0 15 24 159
1 6 17 482
0 70 70 315
1 25 54 473
0 2 4 210
0 9 38 374
1 29 32 346
1 12 14 137
0 51 94 234
1 22 72 388
1 16 27 285
0 10 87 493
0 34 62 239
0 25 64 133
1 36 74 137
0 18 36 494
1 8 11 44
1 15 39 107
1 47 53 418
0 14 98 187
0 31 48 21
0 12 91 174
1 74 98 478
0 1 96 223
0 5 8 79
0 50 83 243
1 8 32 137
0 15 17 308
1 37 58 338
0 19 38 283
1 76 100 401
1 8 26 375
0 11 12 113
1 31 44 268
1 2 46 278
1 5 13 137
1 7 11 388
1 52 66 350
1 10 67 153
0 3 3 494
1 2 4 300
0 5 33 414
1 14 57 233
1 31 33 320
0 7 19 350
1 12 74 21
1 78 80 396
1 3 39 64
1 10 23 79
1 14 38 317
0 12 57 38
0 16 27 339
0 70 83 351
0 1 3 350
0 38 42 77
0 16 89 329
1 16 66 301
0 40 88 177
0 34 63 177
0 7 19 4
1 30 63 5
1 24 68 451
0 35 46 21
0 42 50 133
1 16 20 36
1 51 51 26
1 10 15 422
0 19 42 461
0 1 6 371
0 49 58 274
1 21 43 106
1 31 57 457
1 16 30 103
0 1 2 228
0 12 72 421
1 46 72 221
0 24 53 189
1 1 1 98
