100
14 3
43 74
28 21
83 98
85 43
6 2
25 55
16 97
97 100
97 9
43 9
99 96
30 91
52 35
41 38
44 12
25 15
84 46
82 28
20 78
8 69
37 21
56 37
65 82
34 81
4 15
44 65
93 42
62 66
31 26
5 82
2 19
38 64
42 76
63 99
96 11
55 10
43 32
48 7
50 53
74 40
62 22
28 68
55 83
43 81
5 17
69 38
82 48
20 39
43 65
60 35
65 90
65 87
82 60
54 45
47 81
9 99
33 78
75 86
61 94
11 53
79 64
21 54
25 36
27 2
99 27
51 36
13 10
71 95
74 95
67 64
76 69
48 31
11 92
43 69
97 88
7 73
55 47
87 24
63 1
46 16
28 59
80 23
89 54
49 97
28 57
62 29
72 53
72 75
31 70
23 76
99 77
61 91
82 29
58 22
62 14
39 14
94 64
25 18
