100
98 15
26 3
19 16
35 94
88 35
70 76
30 50
58 63
61 24
39 57
17 31
16 73
40 55
80 84
27 42
2 54
95 75
16 87
54 16
45 94
16 10
89 23
14 45
34 91
68 21
75 78
96 95
67 94
55 12
26 88
93 60
99 81
88 1
32 37
73 6
71 43
32 58
50 46
66 41
38 11
17 16
41 29
83 4
44 86
11 35
58 74
81 73
35 8
91 20
24 35
13 88
65 4
76 53
28 93
56 89
81 35
97 100
95 9
1 48
88 18
77 3
9 63
51 12
85 7
25 32
64 99
46 88
13 65
15 37
33 72
69 66
14 5
94 29
35 22
14 36
82 57
100 27
90 79
58 76
71 13
28 49
63 59
18 52
73 58
55 81
29 7
12 47
72 73
44 25
71 68
94 93
80 42
27 12
81 34
90 67
18 56
62 28
92 72
57 11
