100
27 98
8 77
85 81
73 77
31 25
65 32
95 97
14 70
62 61
43 94
12 75
99 82
91 39
87 47
52 97
83 25
32 52
1 61
4 59
74 76
7 77
24 5
30 64
98 13
88 53
47 37
69 6
19 93
68 40
43 84
71 49
43 52
41 90
62 84
28 56
62 59
76 64
14 23
86 42
16 59
37 15
36 82
61 37
49 19
8 78
75 42
100 62
6 48
2 20
38 21
91 34
17 46
18 45
30 42
52 79
41 73
94 89
64 77
11 72
20 100
44 84
98 73
34 55
31 88
62 17
84 6
84 9
91 3
22 64
67 89
10 92
51 11
42 50
28 61
72 35
60 61
25 81
58 48
77 62
77 45
40 45
5 54
20 49
34 8
33 34
57 22
63 7
5 76
81 84
100 96
29 8
21 97
2 72
66 33
10 30
92 80
62 14
99 90
26 29
