100
6 80
99 27
40 11
24 12
27 89
91 85
61 30
8 98
43 25
15 58
68 81
27 40
12 81
95 70
70 24
32 60
83 20
100 91
43 67
21 83
38 14
52 41
80 74
77 23
69 14
7 93
19 7
77 50
36 33
27 51
32 87
46 45
40 76
71 44
28 73
51 65
32 53
82 92
5 94
92 91
90 83
57 50
77 43
13 100
31 15
51 63
100 58
52 56
98 85
96 23
42 60
66 12
29 98
99 72
54 32
21 44
28 16
50 32
80 9
16 1
23 22
19 58
34 56
85 45
60 2
56 50
27 100
99 21
24 91
59 78
96 73
39 24
25 5
40 61
16 10
97 38
33 73
79 30
89 4
11 47
68 64
86 2
55 24
26 33
80 11
75 85
23 17
42 49
48 65
16 59
77 27
62 81
43 84
56 35
38 73
88 16
3 77
85 18
37 24
