2838
2189 452
9481 8630
7470 3214
9682 1660
1369 1098
6262 225
325 250
8994 4075
2479 2099
6279 1402
5404 2681
9187 2127
526 119
2273 330
1109 112
5277 521
4408 2536
1002 27
2533 1431
3463 2934
7269 3624
3295 3011
467 438
8992 6170
7550 2809
334 307
669 192
1497 915
5843 3558
1901 1620
1060 270
1673 1191
1366 703
4242 2162
251 190
6952 5598
7006 5684
8648 5867
9100 1978
2532 1756
8453 5939
8145 1793
1890 1847
4175 3032
2970 884
7022 2581
8224 836
2335 933
9487 8001
5096 4472
3017 2719
2077 572
1723 234
2219 1113
3814 3558
6022 3846
2010 110
7334 7133
8355 2714
7373 245
8136 8032
2252 442
5170 2596
8279 2955
7066 1382
1222 1109
3174 1090
6142 3953
5510 1996
2271 449
3225 49
7854 1659
757 159
9430 2737
6535 2372
4923 2923
4984 4408
6736 4895
1025 805
6969 3468
5344 523
4179 3037
7931 6611
9507 3718
4324 1838
7132 1264
6974 3164
101 98
6335 1633
490 71
7767 1501
9873 4960
4560 3735
5216 248
8710 4210
7854 6089
1896 489
2823 617
1679 891
676 300
1535 900
730 324
189 126
4049 3228
3328 2213
2168 654
6106 2454
1719 1344
2552 1060
806 38
3864 1278
9596 170
11 7
1610 751
8139 5080
2905 1174
5151 4458
7057 468
93 41
5740 5693
5423 655
8954 4108
9401 3149
1942 344
2057 1871
6680 1189
1456 1340
7309 2737
2081 1283
7828 1198
2055 480
3130 2043
3356 2416
8473 3000
3863 2606
2124 998
6485 5088
3702 1182
6523 1444
8468 5693
8043 6574
6080 920
9174 570
2551 674
7905 2115
4365 2831
6426 1590
7504 4336
3436 2588
7402 2033
8002 1795
2139 1525
7785 2491
9334 7036
1833 443
8442 3377
8421 769
613 153
4033 3926
1636 747
7459 2076
1405 265
2509 927
4161 108
5626 5086
9100 5119
1735 935
3935 3560
9700 6539
8833 453
1787 719
2689 1653
208 87
1950 1176
8537 1489
1787 1294
9824 1073
269 23
887 174
4918 2744
9260 4826
4424 3164
845 681
9346 5756
2781 619
3551 303
2792 1502
9551 538
595 300
133 129
6215 5200
4979 4447
7024 313
2339 2287
2097 429
3576 2830
6619 3464
4292 1861
9373 1415
2187 494
7757 4855
4903 1533
584 291
8286 7284
8647 3296
9729 46
4387 827
9638 9040
186 78
9064 4841
8770 473
3150 988
9086 2966
761 115
7919 5288
5490 2856
1692 1495
2675 475
3620 1340
132 37
3603 2254
9210 4351
1396 570
7867 2981
615 548
3029 757
6259 2868
335 99
8221 2368
416 115
9802 3372
1503 973
7361 6470
1178 644
9684 9364
2779 2110
2112 927
4344 463
3843 2700
6522 2673
4255 1847
1344 895
3708 688
3813 208
226 21
5439 848
4902 1742
3386 2287
6645 4162
8628 3196
9279 5032
5898 5106
9926 7631
3731 1238
9352 2329
8907 8437
4456 4385
2259 1728
4052 2310
1479 602
8707 4843
6384 247
4125 2403
4587 226
1599 157
537 120
2238 410
73 39
204 73
4339 442
6570 1417
4774 1304
9213 2629
4085 3593
5716 3646
7676 6461
1912 1233
1098 239
3860 437
9466 3040
3384 709
8018 5481
1113 245
6175 5386
1819 787
432 326
7937 2281
5859 3054
1156 32
5197 1639
915 280
3198 1372
2730 350
8564 6031
7062 4821
8831 8089
1639 423
2245 1114
5015 1230
454 103
4442 1968
4642 1210
6919 44
346 180
326 199
5109 540
2890 1561
820 783
4224 1717
9528 3982
4937 2625
8242 2478
9573 8598
9995 5403
4080 576
9445 4057
6226 1177
9666 3972
2465 1045
5636 2613
6938 183
628 41
8672 6760
2534 2063
8564 1530
8637 7392
9717 2027
9707 4876
569 51
3644 328
6701 3987
7828 1110
4426 1313
3798 468
7321 3257
5575 146
7545 4617
6930 1234
8014 2337
6780 3603
859 259
603 427
7427 5382
8915 5712
5421 3536
8401 583
2294 747
5035 1663
6475 2699
936 554
8023 3234
5996 5040
4410 4162
3719 544
7227 4920
8447 278
863 272
202 81
2347 1001
3536 1277
2326 1889
6768 3510
4066 655
6947 5
8909 3652
9502 3061
2131 1013
3644 1836
6134 2815
4603 2434
6416 5155
1637 262
7432 3335
578 381
9780 3201
5996 3549
1358 253
5155 3081
714 462
1426 707
1207 1136
1826 1005
9924 266
5549 1848
7028 1098
486 431
1173 783
5207 2465
5134 2800
7707 6416
6055 5876
4093 1278
9997 787
4496 4298
262 205
4481 2989
7489 6410
7530 1688
1010 943
6889 1465
509 154
7872 7385
881 60
8925 2482
7639 130
7629 123
8523 5755
5917 5595
362 320
4097 80
684 62
5176 1206
3749 3435
1840 667
6022 1597
4822 2526
169 160
6097 270
5949 2690
4544 2650
6030 186
1984 1328
5561 2820
466 461
4750 1212
3325 3158
2055 520
720 427
8920 8830
2811 1860
1080 312
8494 7099
1471 654
97 1
5040 349
7494 5561
1561 90
8012 1525
6568 375
5958 5024
7329 3580
7148 4056
9933 1697
7535 1362
1045 629
4098 3102
8863 2097
7960 3780
56 17
2105 801
7843 1098
729 254
4593 364
250 202
1969 860
5360 4253
9674 8813
3365 2535
8135 2538
4031 2151
5570 2611
9423 8046
7540 3422
796 707
667 548
2719 753
605 530
5343 884
5661 941
1600 1327
5980 5849
5320 56
8001 5940
5378 5079
7036 6010
5063 2585
5351 3985
5337 425
9070 2929
2721 972
3761 2043
5372 4840
5063 1427
9954 2232
9941 5837
568 59
8304 1707
6166 219
8703 2499
6650 5102
2501 1942
4702 4336
3421 2215
3992 3479
6438 3570
6977 307
8897 2975
9097 3901
3977 441
6857 5788
19 4
2952 404
9669 5199
8514 814
7276 5048
6245 2251
6953 352
6238 2659
9148 401
5908 5893
3651 2809
483 280
3044 1054
2988 1297
6666 3205
4795 500
3117 753
154 100
133 57
8356 5936
2159 553
3291 1633
1073 913
9406 16
4843 581
3365 855
5742 1106
9375 1925
7810 6268
8975 6401
2402 1371
4498 4016
1099 485
1940 1305
9702 3588
9204 2634
897 168
8053 354
6564 4171
3158 2821
7458 349
2548 1864
5999 2696
9005 5562
4978 4830
1817 588
5323 4898
5909 3678
6006 1070
2608 2212
4944 4789
1018 960
6745 861
2553 1838
3387 1740
5661 438
8587 5469
9703 5605
4269 1181
1174 828
972 801
7410 7113
9514 5998
5420 4024
1749 930
4821 3730
6220 980
206 180
6528 1937
2720 1631
5294 4070
1533 1419
7227 6455
1143 570
8657 4461
2432 1240
1322 648
6177 2408
2858 193
5871 3816
9650 4222
9611 478
6609 5547
2392 2352
14 3
4546 3906
9828 1220
4606 3389
4253 383
8780 1993
2754 215
7476 2041
7265 3574
6912 1574
9793 1337
2086 1516
5666 1502
9770 5933
1288 247
5185 1021
4378 515
6856 6229
21 8
7926 6565
6247 4994
2895 588
9481 3093
5755 86
9148 7891
8470 5017
7479 6353
8105 1180
3167 1123
1993 1955
2617 1605
7103 1449
1436 368
1304 1070
2699 2084
6526 1255
3361 2453
1062 210
7245 994
8699 590
7489 4820
5307 1620
6869 4456
1648 1112
2929 50
274 141
7819 3345
1420 998
4878 3979
2380 1474
5708 3148
3582 3383
8692 1810
3691 689
8247 450
8654 4443
7448 4383
4711 2213
2707 29
5188 3853
368 144
6973 5997
4071 589
5086 4853
8565 3299
170 26
5152 1778
2558 1260
2744 1050
2324 1519
2943 2198
7178 110
6058 1637
9570 2680
7992 4161
2107 625
2770 2586
1744 1710
5108 2922
2575 1411
1004 410
7596 5114
928 208
599 107
7892 392
267 65
8348 4318
585 114
6063 1120
2837 1034
9517 4084
7774 5884
370 26
5380 5256
5691 1111
3733 721
5336 926
409 22
3955 629
5759 5509
3921 2865
7495 1523
4198 2387
1633 1023
3774 2497
3062 926
6793 4811
9542 2668
2502 570
3201 3167
8835 2887
8698 5328
4884 786
9961 3673
3410 2358
9152 390
5254 4125
5744 425
6791 2375
1228 91
1215 1057
8862 6154
1429 525
8441 4159
1447 236
1664 958
1349 487
8517 2950
4838 1277
4899 4839
2261 857
7264 999
6492 2036
7886 2127
3444 256
6097 4554
2284 1676
9990 2088
520 10
4721 1282
1356 628
7287 5253
8297 5736
6222 1332
7798 3027
7777 5587
4499 4298
4105 410
1338 1135
4088 859
9736 7820
8344 2025
8283 37
7956 2085
2187 1005
613 471
1021 716
9423 4420
8534 751
1293 1093
1005 714
2906 252
2373 1148
7361 5032
6441 1776
5656 2678
2265 1334
2057 172
2388 1612
945 864
38 21
2028 1205
6644 3337
3025 2162
9173 1161
2425 1008
1875 298
8502 350
1922 416
1170 147
321 312
8422 1985
1423 566
540 190
7952 99
8902 7288
2544 1631
6864 1232
4598 205
3107 1850
8349 4460
7532 4469
4159 1465
7309 1301
7443 4284
4419 1638
1673 7
2120 1781
5859 5264
3545 1676
5734 4462
2906 2500
5361 3367
6696 2499
7598 4933
287 30
5223 3756
974 970
90 78
440 235
4255 325
2444 2097
5530 439
8247 4770
8013 5163
5576 4947
8368 6753
6868 2882
3475 2835
7852 18
4066 2770
780 697
5514 989
9093 5351
1004 756
1837 520
4239 3352
4261 709
2635 1584
9435 4064
5812 2085
2049 2049
3123 986
1998 298
7355 7021
340 185
4298 2203
866 736
7663 1922
1914 906
2875 1793
1045 879
1995 46
870 834
5605 4644
1148 243
3744 3513
364 326
217 121
7871 472
4036 3269
6152 4987
3231 3216
2424 840
3901 1986
1445 1387
1858 1310
4904 3256
5914 723
5255 1223
4463 3373
8915 4062
7323 5912
7138 4251
8970 1249
6895 275
3268 2488
960 365
441 362
7400 3595
253 230
8911 2322
3207 159
8623 7023
949 777
1312 1263
3874 164
6630 5756
7546 6116
2665 2511
8877 3050
7078 5932
6899 5395
5188 4460
1215 209
6105 1473
999 938
9214 888
7891 5148
7472 2470
2003 912
7689 5716
5910 2870
5487 2051
1976 1382
1994 1228
1307 1089
3724 2769
6730 5858
2940 505
1642 353
6147 3729
1442 707
2011 1727
5981 2109
7861 776
8845 1130
6714 1990
4514 1010
7812 6357
3659 3273
3854 2392
7804 2723
3273 3155
3889 2717
7536 6179
6289 5104
6270 5122
679 358
7871 5686
2189 2023
7956 986
8426 1693
2699 2103
6574 4903
463 298
2203 571
6187 559
4551 2239
9461 1920
4991 4136
1513 1442
8829 6760
2514 680
525 4
4881 1425
6941 5290
9831 8202
9795 2664
9173 1786
8084 4673
8662 6599
5473 5099
1691 832
2372 2027
1624 947
444 126
3853 2875
3110 1036
9288 497
2125 130
9272 1319
1459 1024
85 84
1952 1927
3342 712
2441 1704
3235 2464
2357 41
8437 7769
6733 1243
1930 579
8914 7220
8293 1302
4851 3102
5526 2563
7646 1418
4798 937
8215 154
9222 9118
5992 3950
7168 6206
5992 4526
2301 1501
9998 1992
7553 4082
3271 2536
8148 1821
5623 4044
9482 7408
9948 3999
4069 369
4745 3630
1658 518
6018 782
9505 3313
5731 1658
753 123
1414 678
5116 1339
4869 1488
8310 7517
2268 2142
876 827
8515 4873
1283 711
6171 5078
5054 4934
7638 462
964 265
1084 700
4336 3199
1547 658
7259 3585
1566 384
8232 1269
3393 1012
1966 78
8644 2753
779 154
2095 1372
2311 2062
1461 483
6983 1544
3260 1259
1347 32
9804 354
2714 1875
2069 1537
5221 3661
3942 1863
3801 1039
1323 348
8992 1003
1959 45
4122 2344
4658 4132
4864 4166
2869 905
2890 1565
644 102
7889 4416
7674 2846
5399 3466
1420 684
7926 4878
6214 4384
6807 2912
2667 41
9076 1673
1948 424
2768 52
4454 2179
7685 998
3152 873
9709 272
8773 4767
2117 1466
368 143
9823 2401
8581 3262
7880 5905
7928 1735
5066 3638
9688 4272
2818 1495
219 60
1412 16
4592 932
1501 917
1409 1145
1674 274
5960 4751
2007 254
963 898
7947 1828
9723 4597
1266 944
3265 2260
4762 2436
8442 951
1106 702
5789 5651
4816 3768
5370 3846
9026 6068
9678 9470
5848 2221
8772 3217
288 61
7182 5112
97 30
7572 3431
9020 7731
6588 6456
6607 2927
8778 8427
5740 4415
2314 2209
3339 342
1948 365
1115 946
1871 801
4894 3241
2034 615
598 529
1383 708
9434 3117
8648 888
2990 1111
4126 3142
2450 2281
3264 674
7737 5019
3625 2520
172 31
6669 1342
3376 1361
2077 1922
9846 148
1593 1061
4098 3876
566 196
9182 2622
4961 3714
9776 9668
2290 706
4201 90
1027 711
7327 6080
5427 2532
6877 4376
1206 995
3401 2128
3488 2491
3495 2413
2626 209
92 22
1908 1690
934 246
2308 201
2426 2190
2126 1113
9373 1760
4988 4859
3959 2213
831 436
6773 4414
8255 7906
9695 5982
9471 9092
2537 1064
261 250
5405 3285
1689 481
808 157
4747 1105
436 432
6554 5502
5543 880
3554 1397
3530 467
7590 6902
9852 3723
8767 1793
2744 2098
803 732
964 568
6185 630
539 278
4668 4360
1598 581
2894 2076
5286 752
8671 949
8653 805
6158 4867
1150 628
864 160
634 23
4718 873
5021 4293
2899 1954
8368 5203
3111 781
2448 331
6406 5753
623 392
2853 219
4905 2319
6213 1138
9177 2859
8792 2763
3917 3744
3220 1495
2007 1933
1878 1700
9910 6086
5816 92
9941 2233
2006 1703
66 66
8174 4625
802 716
7287 2501
6435 1380
1555 1265
1490 167
167 80
2606 428
9098 1949
9692 8780
1500 766
5548 4734
7018 1926
939 257
7631 3148
4315 1249
5885 1499
5121 2357
1580 1430
3469 701
18 9
31 11
5556 1873
4440 16
347 216
6703 5595
1403 566
3749 492
8608 7746
2219 757
3002 891
7026 7017
7322 7027
4931 325
7677 102
8816 8005
489 238
6538 3119
1254 927
4165 2815
6223 352
7193 865
4888 2859
1083 195
7330 939
4699 1894
4926 3123
9247 4875
446 157
4416 2815
8546 2294
4498 3448
337 233
6650 1668
1814 284
4668 747
3389 1741
5379 5008
1822 1731
5028 2372
106 10
7668 7182
8467 1528
6777 674
625 440
591 68
5410 3642
4525 847
3265 2833
7767 7129
2811 731
6357 3007
382 34
8307 8300
3091 2835
5050 3126
8493 2723
479 435
2482 974
9098 3969
9562 2663
538 181
3286 2528
1048 309
5922 2821
1193 175
6382 2955
3320 1964
3145 2375
1395 1282
2303 1801
2596 1567
5926 3475
5314 219
4083 3866
4905 4837
4674 1795
6936 860
8213 7395
9274 2188
4060 3663
8296 7921
7382 3832
6093 4803
2263 2095
4585 722
2395 501
25 19
8778 7967
2727 1848
1405 421
2110 814
8016 1095
834 339
4488 2318
7021 4246
6374 3555
508 116
4460 1102
7196 4397
1264 1002
1727 1232
7327 755
1683 1211
2532 337
565 494
9145 4340
2305 1625
3517 1485
574 507
7430 1493
2392 284
3433 2424
2093 110
2824 494
5597 3482
11 3
1195 298
3778 2914
6665 223
74 14
2275 810
1950 650
4603 3486
5280 4291
7333 3582
6152 1794
7171 4567
444 399
1220 82
401 134
2248 957
8545 2596
6967 4296
7757 6371
2211 428
7236 3001
9675 7285
3797 1436
9026 7695
9282 7344
655 213
790 662
2358 1273
5560 1018
5047 519
1680 1404
1781 1616
1545 784
1386 1034
759 210
7545 5823
6187 3066
9108 3769
2454 761
7583 5119
8906 3309
2917 2858
4199 3387
8169 1941
500 471
7407 2680
6636 2609
812 781
6636 2869
4092 583
841 451
3875 2125
9271 2713
5286 3096
2872 449
1498 950
7713 6641
3789 3429
4100 51
1268 154
8233 122
3893 3877
4574 180
9638 2241
7777 1959
3093 2599
1547 1335
8857 20
3471 1547
8521 2153
7635 4378
2908 1106
5599 5108
1312 1221
8164 6609
7535 4246
5295 681
1231 959
4749 3899
6073 5794
6337 3453
3693 3189
2980 2160
3827 1519
5948 3504
9189 3346
9280 6036
4235 798
939 194
9127 1319
7856 524
2067 1017
8397 7608
6215 1914
8514 4702
6079 2062
6627 2698
2332 599
7964 517
7642 3383
5733 1133
498 93
4135 2418
6049 4140
5678 5552
8169 1847
8431 831
9174 8404
1659 252
4003 58
2709 1638
366 93
2064 269
5514 5213
8652 7183
68 3
6499 5693
1256 237
2319 1380
3668 632
7471 325
509 495
3402 1458
9617 5331
3843 1999
4285 1392
9661 594
3328 559
6240 2196
7039 3529
2684 1731
90 16
2094 612
3103 235
9441 3578
8862 1154
5847 3458
2749 2493
7304 725
605 79
1114 872
7884 5886
3794 2531
6876 2478
4618 948
4611 1460
8723 3498
8677 664
1005 357
512 124
4901 2605
9846 5853
2205 1558
9856 7228
5698 1000
6864 2589
1515 518
8456 2169
5021 214
1065 626
71 28
3231 2558
1994 1657
6011 5499
3592 1751
785 175
9122 2871
6820 994
890 681
2398 2063
5168 5091
8500 7073
6027 2553
6952 4473
1510 360
7937 5552
2878 1385
3497 2602
5977 4223
3190 2265
3161 1389
9595 1261
6320 5100
6431 3285
886 32
1006 285
6089 4786
3135 2453
1973 591
2694 712
7988 958
1515 325
728 510
6075 4621
9639 1214
8829 7428
4885 941
9911 6120
6200 2306
4545 1886
3048 2801
9146 5479
4326 3392
7611 1380
9615 412
601 463
1904 1721
9503 5022
412 324
9995 3927
8508 3
2455 1945
8583 818
299 20
2258 1315
3473 3230
8409 4941
5881 5726
2302 172
9679 4043
6625 2472
2889 1849
2802 335
1589 665
1667 761
4355 4234
6369 1329
1118 870
1476 549
2161 1995
9013 2489
7511 2325
9872 5054
3108 1777
5162 523
1842 1374
9781 9624
143 115
2945 1755
1141 214
8869 3897
1081 102
3566 775
7241 3920
8199 3694
9727 700
2010 908
4635 3429
7750 4371
5553 1384
146 95
5822 3913
6032 3051
5777 4604
8389 6693
6279 623
8265 3
471 334
3162 123
3536 3422
8022 4576
5599 2938
7816 5660
4805 2119
2530 1696
3545 2374
9981 5371
4250 1452
6972 6701
504 129
6216 3709
8803 7723
9047 6225
116 35
7550 1466
6395 2735
7625 4706
2440 1671
1256 667
7198 4473
6573 5763
7476 3726
2883 763
4510 4350
4369 526
1708 487
1759 681
9730 3331
6745 3847
5976 1870
9073 8028
1426 419
2793 648
2978 2082
946 221
7436 4945
9647 1837
571 320
9165 5158
3202 61
9095 8213
2998 2017
1380 164
2058 1326
2596 874
1306 242
2172 1562
7917 1630
7790 2389
8309 2021
3757 1600
7592 5538
623 3
7188 5232
9091 5575
606 73
2197 1486
7420 3765
767 541
2468 80
6947 6289
500 252
9543 8939
2676 1640
447 85
9593 6372
5889 2535
1723 1680
9621 7211
6216 341
2252 464
8986 6105
2131 907
9783 7871
5560 575
6857 4145
316 258
8013 1591
6601 4647
6191 972
1541 990
3590 2434
727 402
3099 1540
4794 4632
4912 4857
3729 984
7055 1251
6458 3063
6032 3374
726 404
335 67
5095 4654
8365 5716
858 792
5398 3449
9255 7009
2660 2412
3751 1576
1442 160
2774 2634
595 467
5161 3829
5507 5060
5682 1540
9406 7873
1185 381
2768 1861
6621 5540
1677 659
2547 23
6450 2914
8110 3722
6459 4711
8696 1737
150 58
4832 3031
8952 5053
909 775
8719 500
2178 1084
4280 3962
9490 285
9394 5083
6566 6351
9203 1856
1228 1103
7481 550
8338 5046
3011 2579
4787 598
2913 869
1345 1062
201 2
1893 1255
284 235
8499 1611
9560 389
2609 2404
5743 3313
9545 7926
1192 94
6412 1225
308 306
4810 108
3172 249
576 136
8794 789
2865 361
1229 737
2824 2566
8544 4260
9068 5033
2517 1964
6837 5085
8254 6948
2046 1346
1796 119
9708 1240
1500 462
1502 751
7863 185
102 91
4376 587
7351 2252
684 183
1134 910
9989 8111
2950 844
6023 2958
9495 7235
8119 5612
735 220
8000 556
5444 2768
8536 7170
8104 2616
6370 4513
8429 1052
9925 5581
7403 4865
5582 2596
3585 2835
8625 3171
2152 881
3014 1614
6158 1021
7441 7244
6913 6206
4082 1331
1738 1668
3647 48
637 61
8047 5977
4414 4272
7688 1393
262 106
8538 1187
2422 525
2142 1644
7787 1278
6490 5398
3427 1073
310 10
6527 5828
2692 2249
7737 3356
2747 1226
8072 7693
5076 2492
5169 555
3593 1508
576 31
6699 4669
8152 4480
4675 213
8375 3620
587 223
4461 852
5565 841
7391 6071
2076 1814
6375 1209
963 837
1246 417
5243 4278
8829 753
8320 1358
400 213
3878 1201
3372 736
5112 1067
2611 5
9505 1834
5141 502
190 57
3033 311
5012 1141
6077 2460
5406 3967
1178 553
1930 523
91 61
6229 1922
3663 578
5652 3983
637 594
8788 6447
8296 29
276 71
7907 939
3154 804
6086 2983
8178 3014
9058 1969
9638 384
754 408
3051 123
3602 2310
896 115
1700 886
5965 1087
6289 1056
4721 3340
3405 1303
9996 4077
686 244
8175 5778
3822 3048
5552 4857
1327 169
3666 889
270 95
3189 2665
6107 6077
2346 1131
6024 1704
4361 1259
464 208
6678 2478
3323 1648
6898 5987
735 260
4350 1336
6456 5724
3941 1165
1611 198
9482 5911
7431 1866
8688 8434
9838 7828
8121 2478
7251 4834
7681 1488
4324 1029
2107 1621
8073 7425
6508 675
8029 392
3831 3036
541 217
8521 4025
7967 7852
2758 1843
1813 800
7027 1822
5282 1933
1142 475
6172 435
3899 3306
7282 2401
7672 7477
6784 3102
9955 9745
9105 4980
6915 2236
1108 441
1764 894
6706 3642
3919 1573
399 383
216 165
2255 1876
4618 655
8219 6000
8288 1013
9780 4375
2022 1982
7064 3366
1200 572
5986 3433
5880 4639
6758 1470
7278 2444
2397 799
7067 3755
3118 254
6934 3789
527 414
2667 1970
6234 3129
1721 34
514 430
251 247
2856 252
2569 1323
7257 4574
2224 1147
6267 3713
3199 914
3400 1458
5523 4491
3465 1119
7622 4330
1959 1025
5859 1928
7694 167
7901 2172
276 142
3904 197
5512 3601
920 920
2526 1220
3889 1733
1354 540
8799 972
9098 8914
1823 426
649 552
8318 2496
1138 761
5048 581
7490 5083
6131 3193
7041 6277
3741 1819
9329 3076
1476 300
4120 2434
8037 6998
7307 1190
646 145
9900 1367
7720 6066
5750 390
6199 102
9205 7078
6468 1636
2380 356
5781 947
8113 435
2507 2332
2171 1305
2292 1592
3695 2440
1042 206
2359 2106
909 654
4469 1370
1412 563
7255 2138
201 69
2795 1481
1102 216
6532 5138
1818 1754
9053 3187
6624 4508
382 33
7026 5187
1165 1148
8498 3147
4918 2178
122 67
2494 2328
317 14
8292 4075
3164 1888
5098 3854
9149 3851
7059 4328
2042 1849
6445 3017
1734 212
6640 10
9397 9035
231 225
2444 1138
9727 8347
3350 1624
222 171
1065 626
9399 3717
5225 3450
4794 1857
4491 2540
7408 1897
9853 7728
7896 5546
5460 1943
6572 6563
5957 2092
7320 5628
1368 33
4475 3616
9562 7670
2158 1816
9506 2862
2981 2774
2118 1919
4356 2965
5759 1912
1205 649
8715 7973
4807 530
1873 1803
7672 6465
4394 1357
950 727
8510 7862
8722 3737
9484 2871
5526 1844
5167 3324
4393 3418
2413 181
48 9
5265 4257
9479 9396
4924 1238
1297 820
1495 948
4844 1934
4156 4070
9593 5412
8022 3446
2203 309
4982 3547
2413 1645
2327 1656
856 481
4740 226
853 383
4537 1020
5136 3117
3144 3009
3583 1207
6829 2086
7634 193
8595 7669
8282 7323
1576 1464
3758 1803
750 376
2092 1118
8948 8570
1469 914
1637 345
7852 1022
7087 7022
1256 1220
8103 214
600 243
4059 316
2991 2648
5591 989
5841 2401
8988 1799
7940 6211
1550 621
8698 5276
2205 486
1038 672
7399 1513
2076 67
107 58
2791 1412
7361 3504
7845 5110
1352 941
2509 1564
4160 1464
9349 2711
7594 511
5637 1952
509 316
6320 2323
4026 202
707 213
4690 4368
3886 48
6 2
4868 547
4078 3426
3534 203
6094 1275
5188 2888
3383 1859
1374 669
5642 4408
680 397
8051 1588
5605 4877
4483 1162
4565 2966
9005 1745
9130 5370
2406 2055
4487 2933
1479 276
5210 5036
2116 510
4668 3205
2402 360
3814 2274
6133 1106
6006 3298
2967 1992
5458 5395
1168 100
8572 775
1442 901
4679 1550
4916 2015
8825 568
1154 456
5906 1521
2467 1724
1996 363
1499 605
4050 876
8513 4857
7494 1982
9651 7729
5806 5046
2585 963
6095 5301
5928 3069
6733 316
8825 6826
6930 2778
4761 3861
5213 1591
9409 6261
92 64
1016 875
3261 1943
5912 5720
5665 369
4254 321
7602 6931
9222 8128
5143 2940
6455 3591
8678 2986
4635 2556
8025 4255
6786 6575
980 72
8887 4086
4821 4607
8595 5968
3645 3317
6208 5249
142 112
2368 1413
8358 6530
3552 2957
1131 845
2615 1329
8759 401
2068 1792
439 379
87 44
6542 3565
1597 203
3919 2271
3010 2975
8426 2872
963 312
6262 2332
8578 6634
5537 3076
8957 2846
6884 6280
6832 6156
2411 1684
2826 2649
5443 3428
2046 267
1796 904
4684 2117
9761 8300
3103 9
6317 2205
9255 3164
8465 4023
1370 990
8700 5668
3574 2358
4330 1304
7131 493
9928 938
9527 3789
8950 6494
1185 805
429 75
1738 418
2132 828
6081 390
2590 1986
2774 229
8598 2724
6529 323
126 18
9220 2960
1108 751
1598 381
1558 911
6769 346
8743 6347
8855 1857
1618 29
8337 2145
5455 689
3679 1951
3540 2250
9031 2778
8686 1315
8207 612
5888 4165
2461 1790
6730 5089
6690 3700
6878 6080
1138 142
15 1
6472 1031
8331 5801
3735 2500
4331 2461
1539 415
6488 4949
913 599
7088 3903
5085 261
5849 268
779 775
9814 2648
6160 2185
5415 1195
2897 2610
902 661
8284 3941
1791 149
9174 4221
5231 2301
7060 4476
4241 2462
6062 2492
645 9
2513 2199
8130 6153
3637 735
7453 5534
2126 584
1563 1197
1526 482
5875 4376
9675 1858
4247 3136
2340 1099
2036 260
8778 2997
8936 3745
8565 5065
2532 2519
7605 2877
9107 3777
2482 295
314 43
9542 1468
9663 8294
8489 769
9582 1780
7789 3280
1738 1272
139 50
3266 398
829 121
5429 996
1726 67
3334 620
5839 3042
1715 427
2444 1808
4770 3827
654 538
7853 3018
8930 5271
1313 446
3674 2774
1329 586
1458 366
4848 494
1877 1330
5135 3109
5297 3937
3811 156
5529 4529
4378 509
5098 2273
9072 810
1616 34
8061 3376
9977 3572
530 194
5674 4679
8340 6941
8865 3888
7351 5424
4491 3600
7726 2073
1014 485
6594 4722
586 341
2082 1918
6772 5582
6106 1288
3107 290
3239 822
2438 1499
3033 2343
7733 1774
1882 32
4144 3271
1518 557
5765 1235
6667 3465
9830 6096
1724 104
4985 2289
8064 2712
7474 1757
8936 1085
4174 1082
1825 1040
1873 651
3103 3026
6627 5037
6555 329
8295 1376
4430 2768
1164 215
910 98
3607 3411
9416 4446
5536 3972
3823 3507
9196 5867
9731 521
3931 878
8822 7858
291 183
4123 1351
1965 1259
6288 5359
1534 1060
1646 1199
6216 4389
8734 944
1730 550
3454 1856
182 63
4645 411
378 83
835 516
7089 6981
4716 2404
6146 4815
1350 882
1721 372
7729 5657
7757 5483
2295 2081
4818 139
1140 95
1727 1034
8872 2778
8627 3879
6842 6313
5908 1712
4767 3598
1192 606
9324 1516
4343 2119
5752 4477
8401 3860
4085 1700
8380 4833
1217 879
928 778
151 82
4183 3275
7036 3973
1711 479
4983 2160
2658 227
384 192
2152 136
5181 2879
4539 3699
4632 379
2875 2313
9589 1804
5731 5261
7891 6973
1340 190
9888 6323
2288 1608
6722 3322
3106 2104
196 23
3948 1607
2253 1330
7641 2204
1383 644
68 53
8239 3265
4385 3414
1192 1000
4122 2804
8133 4530
8445 916
1655 680
9524 868
4115 2596
6548 4384
1864 1473
2315 1731
1279 785
9235 1222
2516 1135
6252 3569
1460 208
6697 934
7943 1124
4314 2042
6240 3559
4698 2728
3315 777
282 10
39 27
4141 3156
4860 2644
2277 436
4078 2904
5806 2553
6954 2844
2090 1589
1056 135
1949 490
4378 2095
3513 1590
5612 4806
925 842
9293 8925
3705 2536
5493 5228
8054 525
3383 2872
6499 2741
6369 1256
7363 831
6865 4843
5797 1680
3962 174
2340 1847
6056 1437
6449 313
7056 1268
781 715
1196 775
9851 167
582 326
3285 2493
7122 2577
5166 1956
1280 687
8440 6853
2674 1106
343 103
1755 1665
1206 404
6793 3532
3224 2431
8789 8423
2450 203
8265 3633
6295 1027
5585 1523
435 153
6788 4130
4909 894
2116 273
1942 1056
3061 2279
2375 1597
651 300
3643 1530
9735 688
4232 10
8131 5594
788 606
6923 1247
8757 3514
5423 1379
2937 1513
9654 6347
1575 926
8517 5518
838 50
497 328
4989 1239
4273 1224
1419 599
743 469
776 22
881 518
5179 1295
155 2
477 79
2423 1474
7053 1366
8480 4841
7462 3704
3066 466
9230 6395
1246 756
3265 2480
886 160
5294 662
6708 3004
3375 1838
3639 2760
607 290
4736 1848
1143 1121
786 125
1881 656
7049 4236
1313 912
8524 3253
2984 2687
7062 1311
8731 7312
1697 1394
2700 1668
3844 1059
7303 6036
4254 216
7656 389
2931 2605
1355 1192
7656 5515
2115 956
2937 296
3855 2734
3987 2580
1867 1557
718 349
2131 388
8715 2916
5597 3017
1087 635
5975 4466
4142 1054
6974 4389
796 710
2001 210
2048 1273
5285 1267
1978 991
7802 7230
8726 848
5710 1635
4321 1569
657 16
5195 3758
4313 2659
1166 217
3095 128
430 275
4809 4442
5410 1236
2113 1748
4850 3828
8982 4692
1025 400
4009 2395
9421 1471
1643 1604
9925 5323
6253 5042
3498 347
2008 686
5064 799
511 181
3815 823
241 1
4878 320
8243 7240
2663 377
9166 7075
3497 3453
852 577
7393 92
697 226
8914 1276
1776 946
624 522
9139 7857
327 49
2055 1603
6241 91
5183 1464
2791 265
5088 2731
8423 6150
1861 624
5528 5024
387 181
8602 1103
8432 8052
5393 5307
2064 1139
3748 1468
64 4
2752 981
775 160
3219 433
9913 356
4838 3822
2094 1021
5242 491
1458 164
9814 5013
3887 3633
6415 311
1544 1111
2794 1882
1174 1079
1918 1043
6441 5427
6398 5852
1703 1524
3205 282
6473 494
6658 3986
694 280
870 145
4111 2049
4540 4184
4606 1804
8841 1323
1257 382
36 18
2379 937
1591 340
9988 9333
9110 3022
783 315
6528 1347
3573 2379
3220 576
3233 1691
6006 743
5412 2588
7218 3725
9481 3992
4063 948
2699 1730
2600 1509
9861 1548
3863 1349
3563 668
6995 38
8712 1935
924 195
7223 5654
2212 1944
4037 431
4912 2006
2711 311
8079 1165
7432 2606
2138 156
5526 2169
8685 5972
2558 1395
2773 906
84 57
2715 1844
7096 7032
1536 144
3493 3453
649 263
6652 422
4796 1562
8961 3335
1147 850
1060 138
4994 1410
7762 5553
284 26
1389 1075
8698 4480
5305 210
7190 1226
7832 7553
8149 7002
9593 8745
1035 158
8301 2988
3044 1907
5482 4757
4240 3222
483 245
3038 777
7495 3308
8716 8107
953 756
4958 2617
5041 2268
6829 2840
8193 7554
5186 341
26 4
6899 5164
3727 768
3373 2397
890 275
3428 2441
1199 499
246 199
8414 725
2486 155
2300 1332
3976 2861
9012 2594
4600 3548
2969 2929
4480 2516
4896 1539
5561 908
5820 1885
2450 139
2170 955
5807 90
8990 2176
771 469
9805 8912
2194 1977
5693 4825
1120 930
5930 3361
4494 3734
3402 1666
5270 2049
9907 7220
2597 456
2219 980
8808 3861
3600 2357
9498 2725
554 146
6173 1882
8254 1739
3927 3581
6148 3114
3631 524
1179 718
1528 17
4411 1264
1437 455
8059 7574
7373 784
9780 4799
8394 3201
598 416
3644 3274
4570 3121
5419 2221
1479 1092
7565 3490
9593 199
8925 3145
7439 4996
8973 5955
8435 1538
8733 7063
3488 3234
284 157
9039 3928
7326 6128
8642 7183
8414 6839
1701 1243
9350 8767
1730 1242
8478 5515
1172 1095
753 497
222 164
1126 932
6060 3837
5853 3427
7626 974
4440 1535
2516 780
828 137
3278 2089
5000 516
757 88
3446 3278
5157 3485
