100
396 194 224 283 215 369 330 468 44 66 330 218 100 384 381 192 213 13 164 104 376 303 30 51 13 251 283 447 327 302 125 241 385 177 141 167 444 396 161 173 254 21 417 228 66 477 20 406 481 234 444 173 93 226 56 358 11 248 89 361 350 337 175 82 482 418 446 250 391 421 236 372 26 463 368 85 156 319 88 70 145 444 127 24 131 468 470 324 96 25 364 140 233 241 204 57 64 444 210 239 
1 36 59 479
0 61 70 124
1 26 30 10
0 60 67 249
1 6 35 120
1 14 76 432
0 48 96 405
1 42 43 200
1 19 33 126
1 50 92 359
0 9 68 23
0 17 77 43
1 1 1 363
0 2 31 242
1 10 11 59
0 52 71 114
1 29 57 226
1 28 41 134
1 27 70 138
1 37 76 168
0 73 81 438
1 2 5 241
1 32 37 178
0 63 63 40
0 3 54 139
0 72 97 211
0 15 19 448
0 1 4 444
0 3 11 57
1 5 17 2
0 19 24 396
1 42 45 297
1 37 74 267
0 28 48 10
1 34 92 320
1 54 65 120
1 7 14 49
0 44 88 60
0 20 66 388
1 13 75 98
1 7 15 292
0 3 14 145
1 40 45 470
0 8 39 407
0 62 67 17
1 17 42 111
1 80 84 339
0 8 14 350
1 28 30 10
0 11 22 162
1 25 90 123
0 20 37 410
1 39 66 378
0 19 71 47
0 15 18 279
1 24 61 121
1 25 59 223
0 6 33 32
1 63 95 350
1 20 44 428
1 47 59 359
1 2 7 421
1 90 91 54
0 10 18 211
0 6 62 49
0 8 12 424
0 21 75 231
0 60 80 189
0 18 18 464
0 25 81 480
1 11 49 52
1 25 55 277
0 40 51 415
0 46 92 397
0 3 4 194
1 20 33 117
1 3 62 45
1 24 30 401
1 53 90 167
1 38 50 474
1 3 57 62
0 43 80 243
1 59 72 176
1 5 63 29
0 26 37 231
0 22 26 19
1 4 31 181
0 2 9 82
1 45 65 273
0 62 83 110
1 24 24 228
0 4 33 472
1 1 1 193
1 10 13 134
1 8 44 382
0 47 49 78
0 24 83 144
1 61 76 415
0 44 55 411
0 6 8 350
