100
406 172 280 437 391 149 168 187 42 122 387 350 481 487 422 170 131 252 156 374 355 478 39 95 54 159 173 106 306 190 128 115 410 299 295 194 111 171 398 486 266 283 216 300 331 485 40 242 468 408 163 161 207 445 271 488 195 445 147 438 222 301 461 302 426 488 323 276 121 48 15 379 379 308 433 309 166 228 154 470 245 89 386 373 144 163 458 179 51 408 364 9 285 486 402 20 11 496 289 372 
0 45 92 184
0 26 56 456
0 9 16 140
0 5 8 434
0 6 15 177
0 37 62 275
0 5 19 51
0 42 96 482
1 41 81 329
0 6 6 306
0 36 65 358
0 2 2 480
1 25 56 156
1 54 75 202
0 1 6 492
1 1 18 225
1 4 8 280
1 10 48 300
1 8 26 117
0 10 22 295
1 35 62 101
1 26 47 29
0 42 52 25
1 4 21 205
1 27 44 352
1 32 76 389
0 11 31 439
1 3 66 482
1 4 22 436
1 5 73 202
1 2 17 399
1 2 92 211
1 17 21 311
0 11 54 53
0 15 39 66
0 4 6 479
1 57 75 300
0 5 26 270
1 1 90 77
0 10 24 361
1 2 28 172
1 35 60 408
1 16 99 185
1 12 23 321
1 28 58 283
0 3 13 418
0 60 82 238
0 3 16 305
1 18 45 363
0 3 3 402
1 27 50 199
0 33 37 108
0 88 94 420
1 62 87 88
0 23 26 12
1 64 77 361
0 1 7 296
1 8 41 279
1 15 89 462
0 4 7 41
0 6 32 499
1 69 75 94
1 16 82 10
0 50 86 379
1 67 75 331
1 38 38 151
1 11 35 77
1 33 37 150
1 10 12 221
1 69 75 79
0 3 33 24
1 54 100 74
1 40 100 44
0 6 62 230
1 1 1 328
1 20 37 68
0 35 61 36
0 34 92 55
0 53 84 98
0 7 15 457
1 88 91 496
1 29 55 257
0 18 55 215
0 4 20 491
0 15 36 77
0 32 44 329
1 1 66 420
0 30 34 178
0 79 80 193
0 4 4 142
0 3 24 186
1 21 45 448
1 65 80 460
1 13 15 311
1 58 100 466
1 22 34 448
1 17 22 56
1 28 67 290
1 7 21 173
1 3 10 333
