100
1 2 985
1 21 274
1 22 673
1 23 694
1 24 582
1 25 24
1 26 871
1 27 636
1 28 915
1 29 84
1 30 741
1 31 60
1 32 204
1 33 378
1 34 267
1 35 546
1 36 974
1 37 552
1 38 335
1 39 347
1 48 559
2 3 363
2 55 112
3 4 729
4 5 940
5 6 477
6 7 710
6 59 27
7 8 764
7 49 753
8 9 116
8 42 755
9 10 736
10 11 80
10 93 940
11 12 304
11 82 301
11 97 803
12 13 419
13 14 505
13 99 14
14 15 155
14 81 339
15 16 580
15 51 96
16 17 308
16 52 563
17 18 712
18 19 937
18 53 27
19 20 449
21 58 328
21 68 768
23 47 746
23 54 222
23 83 475
23 88 989
24 96 203
25 46 721
25 60 304
25 87 185
26 40 494
26 72 11
28 65 742
28 71 777
28 94 572
29 76 881
30 77 330
31 75 982
32 67 57
34 84 96
35 43 259
39 50 270
40 41 439
40 79 12
41 45 700
42 44 410
46 74 183
47 64 218
47 100 40
48 56 478
49 70 30
50 73 199
53 57 617
53 61 525
55 63 307
56 66 726
56 92 599
60 62 559
61 69 388
65 78 397
66 80 757
68 90 745
70 85 303
80 86 107
80 89 265
88 91 263
89 95 609
96 98 799
