100
43 93
23 67
45 20
69 5
87 35
36 49
79 38
18 43
92 25
12 24
12 66
12 50
51 38
65 100
57 62
17 81
38 12
59 72
69 32
70 13
86 18
74 86
1 51
90 30
83 11
85 53
12 41
42 92
31 46
81 68
48 40
42 73
98 66
72 92
58 54
4 28
41 65
9 1
97 55
3 80
21 1
74 45
47 89
61 82
38 2
69 3
22 67
60 31
63 77
63 73
54 67
34 74
19 97
48 28
67 52
82 48
95 87
45 84
98 39
49 28
85 78
64 52
74 14
75 29
54 56
16 4
71 69
71 88
83 69
57 3
48 38
91 6
91 27
90 86
99 49
35 55
37 83
38 92
96 74
7 30
44 76
85 48
10 33
92 75
51 67
18 26
67 97
74 52
71 81
8 85
45 44
91 70
54 71
94 38
12 31
51 91
15 96
47 54
33 59
