100
80 79
52 7
50 15
35 29
62 65
26 36
78 70
28 24
93 86
77 62
47 24
52 45
24 11
1 100
51 38
31 48
88 76
100 10
26 88
34 80
90 11
98 83
96 90
39 82
58 28
46 33
19 46
3 52
4 77
45 73
6 22
10 66
36 87
33 16
37 78
24 5
93 11
20 53
36 28
61 82
38 33
83 23
24 48
46 42
79 27
11 50
96 49
25 50
69 75
8 84
61 84
68 40
89 54
54 63
10 63
44 32
21 93
70 35
69 86
41 13
94 74
61 81
87 35
61 41
43 79
95 28
29 18
14 48
2 88
57 24
56 70
32 55
32 53
80 97
17 10
54 8
83 71
93 60
87 12
42 64
52 28
22 14
8 24
46 11
36 9
72 27
28 92
67 61
99 33
74 54
29 91
12 40
36 30
53 26
80 96
36 71
4 57
85 59
28 59
