100
63 42
51 31
17 4
78 29
98 87
73 41
100 32
33 93
43 66
71 98
51 94
95 52
2 30
24 4
86 67
57 60
12 20
19 37
69 45
16 20
57 96
15 84
29 86
85 98
96 68
72 93
52 1
56 1
65 85
21 11
28 7
85 83
67 33
49 9
99 67
57 62
100 70
64 18
92 91
86 96
9 54
85 11
88 81
46 76
15 8
88 74
60 59
18 37
58 88
9 85
9 53
46 48
4 49
2 19
96 97
48 98
77 22
100 42
75 6
3 26
51 39
35 48
14 34
31 40
80 90
53 96
82 10
6 67
55 65
88 96
57 34
44 81
23 96
48 3
25 83
92 42
51 62
9 90
85 42
77 86
62 15
96 61
28 86
5 79
45 85
41 53
31 89
96 50
82 57
5 88
27 48
67 19
56 86
13 51
60 43
38 13
19 47
62 20
36 86
