300 4000
247 13 2270
261 126 8240
88 222 3430
232 207 2620
247 58 5960
70 298 4730
72 8 8310
208 206 1010
245 246 4820
147 151 6080
267 162 5810
209 281 5490
11 140 5630
291 151 7130
161 96 9930
59 274 790
145 160 2470
23 32 1150
255 63 9430
292 213 5390
187 212 9490
6 67 9790
285 137 2320
64 129 4700
155 111 1730
149 166 660
65 44 4000
118 179 4570
49 30 720
255 269 1270
107 238 2230
176 234 5440
37 199 4660
133 192 900
115 178 4840
34 260 9750
237 39 5080
89 133 4210
148 18 8270
194 219 7750
254 4 4420
67 164 3040
3 45 7990
64 60 9340
232 173 1850
1 44 5250
267 7 3800
198 166 2200
136 207 6470
106 245 2090
140 24 5960
167 2 8720
63 259 320
205 275 7950
111 283 470
180 259 7060
266 118 5370
291 121 8910
264 133 4020
290 91 3770
220 209 1870
52 183 8970
30 264 2350
67 4 8360
80 87 7230
15 229 5430
211 10 7200
210 36 2370
95 3 7800
94 126 7240
61 229 780
140 21 8000
291 113 7800
133 9 2870
265 37 7900
81 156 4190
34 74 2660
192 96 6370
287 97 9710
45 96 50
228 45 6130
213 71 3280
165 11 4110
159 42 8470
117 278 3270
264 173 120
158 239 1810
298 112 5080
295 180 3890
240 184 3980
96 158 8230
35 96 9990
146 166 3340
83 94 1010
81 139 5030
287 244 2780
252 151 340
149 282 5310
34 288 6570
54 233 3150
263 241 3730
213 47 2090
185 298 9980
258 119 2520
206 13 2840
217 286 1430
168 95 9430
129 255 4170
76 17 8320
189 278 1750
146 182 7820
108 252 2150
132 216 3120
186 250 4170
290 6 1870
152 95 1460
211 64 5550
246 118 1770
88 12 8720
64 48 4900
4 179 9020
142 225 190
252 161 4960
191 223 4020
281 257 5480
287 33 8370
151 101 1140
253 169 4410
249 253 1990
124 135 1040
292 253 7860
192 130 8060
174 205 2620
296 87 6500
223 130 1500
75 274 7820
118 181 110
289 283 6570
29 199 370
65 276 1700
155 87 4250
93 226 7170
148 171 4680
61 229 7110
278 49 6790
114 63 1290
27 161 6110
167 4 7790
98 73 4470
239 283 7960
97 157 5010
231 280 8450
18 133 5150
242 3 3930
228 207 6450
82 127 4900
220 146 3780
175 295 6620
210 187 7930
41 201 9740
182 237 7860
78 217 130
53 221 4940
189 285 6350
52 5 4380
216 252 7800
110 180 2300
225 104 6230
111 27 2790
118 83 8210
173 51 2400
30 65 7460
115 279 1030
177 146 2960
79 77 3270
235 226 4320
9 59 4140
32 34 8160
245 205 2640
62 293 870
24 223 7520
52 56 3270
6 279 5860
267 278 3440
31 199 9290
284 71 3630
124 87 8850
218 297 9970
200 9 8880
33 244 5830
7 230 9090
89 166 6060
281 238 1280
98 96 7110
37 81 550
46 136 560
14 115 9070
171 65 2830
8 251 790
56 278 5850
237 300 6760
173 259 8280
26 277 1130
151 297 440
139 202 4360
288 208 3940
102 7 2950
123 145 3950
290 146 9810
228 128 5360
166 37 6160
130 63 7340
128 192 2350
120 147 1790
169 228 7860
149 264 3350
3 66 1170
108 276 9740
46 212 2230
195 247 4850
202 236 6610
18 108 620
271 164 4680
296 195 1420
291 73 3230
219 286 3610
218 196 6330
198 100 6480
70 168 6920
82 66 7940
10 94 6740
26 124 560
215 83 560
117 79 750
221 27 6060
244 80 7880
153 272 5140
146 252 9490
162 169 9500
180 196 6930
98 196 6120
35 54 490
68 33 290
199 297 7180
139 20 6750
300 178 7160
268 106 9020
64 17 7440
162 161 3120
254 53 4750
102 120 530
193 24 3440
248 222 7910
163 86 120
10 21 1180
22 123 4650
76 146 2340
124 140 8200
126 200 2860
16 73 3230
121 160 8290
192 15 9040
138 10 1400
202 20 9990
32 96 5340
16 200 1600
195 273 620
106 248 5340
126 218 9420
245 83 3540
281 269 5110
20 291 5020
33 81 3050
236 163 8160
82 140 7530
235 257 3620
281 106 8670
173 191 2540
217 261 8760
112 70 790
103 146 140
162 234 3150
108 269 1620
82 203 7910
103 179 8910
73 42 7990
114 230 1480
186 92 5390
216 249 4920
44 254 6560
46 205 9610
210 34 3170
261 146 3740
169 85 1570
45 245 7350
265 204 9620
241 294 4950
33 274 8870
290 212 2130
125 67 6620
67 280 8400
51 75 4500
264 109 8360
219 47 700
207 260 8200
61 246 50
195 178 9320
38 185 3160
69 12 6240
243 45 630
156 92 7880
2 209 4190
289 120 9890
268 39 1510
182 244 7270
14 90 8720
172 225 890
127 107 2470
50 119 4870
271 245 4030
210 156 4900
160 68 1350
116 191 4950
122 37 1950
175 243 3940
5 270 470
212 98 8630
104 164 660
163 169 5870
127 142 2640
253 265 1800
71 233 3840
29 9 8410
106 268 5360
294 194 4260
215 287 7280
252 277 6870
191 138 4850
249 143 5970
145 102 5600
108 260 7720
138 15 3660
157 143 8610
257 78 4290
248 18 2710
207 83 8380
149 251 3180
129 119 4620
4 92 270
277 82 6270
267 14 7050
118 133 1760
271 231 3920
1 261 2270
31 17 6160
133 220 8510
42 28 9730
12 78 250
151 12 670
122 144 100
286 247 7260
59 141 4970
134 273 4780
2 170 7360
108 66 1000
224 68 3610
32 223 4190
106 39 8820
216 262 1980
53 17 8270
240 202 6730
28 108 4030
298 232 1530
108 196 3380
222 9 4590
107 74 3460
77 209 1560
12 272 4380
136 219 8920
252 55 2630
91 23 8630
49 31 6670
91 42 140
232 209 530
133 221 1220
244 58 6070
239 10 9430
157 198 5080
232 40 2140
230 37 4930
203 81 280
30 245 740
166 293 920
287 197 9990
290 105 100
261 133 5860
140 124 2790
91 53 1290
122 296 5980
49 132 200
266 32 4130
223 101 3090
19 96 9730
198 84 4800
131 274 6250
129 197 1090
282 133 830
195 146 9880
141 300 2080
117 103 2160
278 102 8000
195 193 8040
66 169 2750
43 288 5460
130 126 2630
276 32 3100
244 161 3720
13 222 6530
142 75 9860
248 267 7150
107 278 2300
120 190 8060
39 48 5700
52 119 1130
224 206 1300
167 130 3870
180 250 710
278 5 6280
4 66 5630
170 161 4960
86 11 3840
266 205 7030
83 287 1570
27 50 9070
190 41 2030
97 292 7550
190 189 620
199 45 7610
197 6 3790
175 103 7520
169 34 2540
152 168 6360
112 177 7790
55 156 4460
203 296 4500
130 254 8970
171 288 9440
276 67 2990
272 70 6000
184 61 4440
200 287 1450
291 201 3510
122 203 1540
65 97 2740
160 203 6590
23 177 5630
250 21 5520
54 251 4770
170 21 3460
67 201 3850
222 286 6490
193 4 5710
124 265 8380
136 197 5740
69 217 200
236 170 3050
14 124 9560
206 170 5210
51 145 3530
38 185 3290
58 268 1320
212 205 6100
160 188 3900
145 50 3710
80 145 9620
215 99 3750
221 77 940
57 197 8060
81 47 1910
18 181 4500
299 254 300
79 126 7630
123 297 7090
11 156 6200
24 236 1330
175 38 1580
95 184 4010
286 80 4360
1 208 3360
102 165 2930
31 256 9100
231 164 2070
158 190 7500
69 58 9180
219 251 6650
2 55 3530
141 194 3570
74 205 8860
107 7 7200
242 139 3970
81 66 4030
292 279 8010
186 6 2660
82 267 1160
80 176 9750
225 122 2930
29 29 8690
145 104 6040
179 298 4290
43 50 8130
105 224 7760
249 248 2740
226 105 6500
168 107 980
80 228 8610
167 66 580
50 259 3280
281 108 6730
205 178 390
199 246 3240
101 176 7230
261 266 580
136 16 2310
156 167 2730
116 294 5970
179 165 5520
133 163 2070
266 29 8360
32 279 2920
210 243 7400
37 126 8710
58 97 3310
240 242 1340
129 106 1200
229 57 8480
70 259 3970
161 149 6360
17 53 4770
113 176 4120
199 184 9760
178 157 1930
182 16 9090
270 235 1140
276 145 3560
72 201 2150
270 38 6370
92 77 6720
155 246 5270
34 216 9200
238 220 9870
179 22 9600
228 50 3950
241 66 2240
282 244 2010
265 184 1660
115 113 5900
145 125 4340
178 136 9410
4 292 4470
190 73 9020
195 218 7110
62 115 6560
128 188 6770
241 25 6010
82 121 4790
241 162 1790
67 5 860
76 8 1640
2 93 2630
145 1 2050
187 57 8930
119 283 1660
63 261 6360
139 265 5410
82 196 2580
70 55 3630
272 206 2450
154 295 2730
36 14 1050
105 189 2180
297 110 1020
224 102 2220
237 100 6930
152 216 3970
79 159 6100
13 279 3520
202 167 9600
68 136 9930
36 22 210
194 50 90
55 129 120
1 148 5040
298 41 2670
197 291 1310
260 76 2940
16 280 8110
249 113 3920
143 160 8260
110 285 3240
206 92 7000
71 128 130
132 18 9560
112 66 70
231 273 6680
20 228 5280
54 33 6060
25 21 9020
260 165 360
179 69 260
136 98 6020
243 83 130
285 69 6490
156 7 820
142 202 4510
228 144 9030
259 129 6540
140 268 9220
2 143 3450
36 297 2550
258 297 1460
220 233 6330
228 250 1290
285 162 1650
283 219 6730
128 68 3790
232 87 3590
166 146 7720
243 101 8930
80 87 8400
273 232 8630
96 78 530
180 46 8730
201 215 3090
200 48 4200
56 20 8330
249 256 8120
278 189 1530
241 23 4570
65 23 3840
36 67 1980
161 25 6080
180 205 9240
299 201 1400
199 139 6670
18 32 880
216 185 7030
230 134 4010
149 224 720
18 45 4670
295 100 2190
160 28 780
18 287 5390
272 18 640
155 150 1300
174 77 8120
183 254 5220
187 300 2310
28 60 2430
35 25 500
118 7 1100
2 276 8060
194 24 450
294 15 8990
229 158 1240
194 145 8380
68 226 4820
187 62 8500
171 263 7530
207 182 3100
286 6 8970
246 14 6780
151 256 7480
105 297 8100
198 220 2400
244 158 1190
84 133 4470
184 73 3580
95 131 9570
252 1 1330
233 193 1300
172 176 8140
134 9 2130
71 36 8480
164 30 4930
109 49 6180
24 29 2930
182 261 5020
107 226 2380
196 129 7720
300 207 3850
209 117 9560
173 295 490
36 72 2890
91 202 750
2 73 6330
193 273 4730
119 149 5550
155 281 2370
82 54 9200
282 257 4740
119 161 3130
250 20 1870
93 202 4030
218 35 6650
17 192 2150
54 88 2550
274 219 4770
17 163 4920
244 78 1510
52 239 1490
231 223 1900
232 182 8870
129 285 7990
62 218 7690
173 124 3770
299 276 1540
289 7 1220
56 133 3540
247 296 4190
224 116 880
293 129 7200
207 270 940
286 97 2130
176 143 6260
97 128 3030
173 47 6170
249 180 1650
126 89 5190
10 292 6790
76 132 9770
221 185 3010
253 128 7870
70 287 9930
65 71 360
110 295 8140
209 209 30
16 202 1690
156 95 3780
139 220 6280
208 121 6330
284 55 7360
83 225 1640
36 25 8020
79 192 9840
283 129 5270
121 68 5370
273 116 8640
11 206 4980
213 85 9100
46 76 4990
90 165 3930
164 205 4160
133 261 5530
59 31 3770
18 113 4300
32 7 900
288 259 8770
72 160 2830
190 211 5440
290 60 4400
171 176 6940
147 193 2030
189 66 6370
41 298 3330
157 33 6980
139 130 6070
281 100 8120
160 88 8960
42 208 7870
263 270 7190
44 174 8800
104 279 310
279 74 4050
205 222 8410
65 83 3400
219 78 6360
96 204 3630
148 293 3650
184 160 9010
76 131 3300
226 86 8400
264 40 3700
108 248 8920
216 181 6460
86 173 5190
113 217 9490
213 190 1100
80 126 110
8 40 590
44 56 6390
115 291 9610
259 192 9890
272 139 3530
181 167 6140
174 231 9650
187 216 5780
220 285 2890
152 137 5190
69 122 9330
166 188 5580
149 75 9480
81 86 950
47 263 4290
188 90 1700
99 266 4580
163 179 9750
43 119 3140
105 150 6360
197 239 9400
83 18 3050
21 128 4710
53 291 2810
112 27 2800
252 171 610
180 125 250
131 38 2790
44 98 6310
276 95 2270
32 223 6430
195 215 2920
46 6 9070
69 270 2070
240 192 7490
118 48 5010
250 54 6690
90 251 1160
72 40 7130
22 164 8180
139 36 1430
258 300 8420
217 64 3580
84 129 2770
211 254 2990
166 256 220
64 247 3620
178 284 8680
105 222 2150
21 165 3130
229 105 3780
2 273 3570
281 102 1610
260 62 6140
207 213 9450
89 257 8110
298 131 1150
24 286 1170
264 73 5400
21 73 8940
11 256 6660
100 173 3270
291 280 3140
90 70 1630
185 156 5000
148 252 4570
111 235 3800
164 246 8860
9 231 9270
185 235 8150
80 73 6990
59 51 1800
139 293 1540
184 191 1010
49 27 9050
130 136 4220
217 283 2480
122 35 7200
162 55 6580
231 173 2690
249 196 110
169 63 5510
208 262 3230
88 167 7480
11 94 1870
215 234 7510
267 36 890
17 128 2090
55 235 7460
71 167 5390
97 167 8290
59 286 1500
111 251 1690
291 105 750
162 6 2960
213 169 1800
98 247 9290
9 169 8160
105 88 4670
2 58 6350
20 214 6720
274 99 250
103 35 1310
198 17 6120
185 173 7290
132 252 2700
166 213 380
284 137 4390
275 283 9730
100 221 1160
265 93 1860
35 48 8430
76 200 1950
121 175 3450
96 157 830
149 6 3390
217 54 4480
180 236 3780
33 136 540
255 234 5900
195 88 920
153 163 7810
97 283 9220
179 86 7790
286 274 4460
298 184 9930
170 117 6520
246 165 2300
252 98 3040
1 9 6640
228 270 7620
52 109 8130
124 285 7190
264 16 2550
49 255 6080
27 131 8970
285 204 7950
175 291 7800
51 18 8540
285 66 8530
9 64 4170
202 155 8340
151 39 7030
18 279 3920
224 9 1340
11 20 2980
241 208 7310
184 119 2360
197 256 6430
187 264 3610
240 180 3850
8 234 9000
72 248 5820
208 292 7500
161 94 4920
76 83 5980
292 203 5750
122 146 3130
96 2 3390
10 95 5270
105 189 7460
196 172 3320
116 47 1610
41 282 690
125 262 1460
161 54 2260
130 185 1220
17 92 6430
191 225 7900
260 84 5150
166 141 990
233 163 2680
60 22 2850
175 118 2070
54 45 8620
142 115 430
23 58 2090
1 134 9700
16 180 4820
102 89 1230
116 211 7310
65 103 7670
128 156 190
265 17 9110
282 283 1660
45 238 8030
265 269 8490
106 294 4970
6 200 3960
10 70 9640
175 124 2000
60 74 6140
208 161 3970
92 278 1050
233 133 6970
209 12 6230
97 97 2970
68 168 8550
264 200 510
26 129 2880
293 285 6720
209 274 8100
153 177 1520
288 71 3620
287 237 530
18 136 2650
60 134 2030
206 88 2510
194 244 8160
273 271 8730
228 87 6920
24 254 2640
104 165 9400
43 33 8690
142 75 2800
203 1 2240
264 275 3060
246 252 7550
167 79 9480
84 138 4450
19 115 5130
160 77 5830
197 221 9710
187 297 3590
104 16 4100
107 65 2230
76 292 5480
107 90 2790
79 180 7810
189 209 2670
74 100 1670
199 100 950
128 47 9090
17 269 4540
32 119 370
74 37 8950
66 175 9570
277 275 7470
111 206 1570
144 207 8020
151 224 3710
133 299 4720
112 191 8550
279 209 4990
261 199 7640
148 224 1420
131 275 8850
184 234 2660
99 214 9820
68 252 8710
2 92 3810
189 242 4920
140 81 3010
116 28 5070
106 202 2800
20 137 9620
128 116 9560
86 286 8750
269 235 280
96 260 4170
81 135 4760
225 219 7880
86 5 6320
66 93 1570
171 280 4920
151 48 6900
205 61 4190
173 14 7060
90 190 50
245 43 920
5 32 450
27 260 8080
101 16 3000
113 209 1840
31 103 6090
212 299 2480
53 231 9590
205 140 2630
251 213 9410
257 95 2960
209 3 6890
140 124 8700
286 75 3810
59 36 7630
297 221 8930
272 130 7770
1 151 6440
220 249 9500
206 286 2220
195 13 2080
167 221 5930
150 124 9940
75 24 5220
274 132 9470
231 62 9980
43 127 3950
42 168 9200
52 155 2130
252 192 6010
30 261 7080
269 21 9640
65 193 4420
293 158 800
60 118 7090
141 299 470
164 103 3810
281 281 7300
273 128 5080
114 16 5510
136 35 1130
60 272 9470
154 91 3990
160 54 4370
65 21 9230
114 193 8240
293 154 4630
234 40 1970
70 29 1380
137 24 4700
88 167 1770
159 109 4080
23 233 3190
253 159 8430
150 36 5490
5 43 3260
234 75 4780
147 140 2090
232 148 5580
2 5 2130
236 200 1720
133 202 5280
48 138 8940
31 292 3720
128 16 6440
182 103 3650
287 27 2750
263 14 710
264 204 3870
185 234 1370
227 52 8530
143 44 8290
265 58 7760
21 257 7900
197 59 4870
158 93 7520
220 62 6570
162 108 2270
53 35 8730
110 230 8770
100 14 370
21 253 580
258 104 8240
298 131 7330
86 253 2590
42 207 5140
193 204 1930
78 226 5600
102 66 3150
74 131 5970
120 34 2250
55 294 9040
190 63 1680
189 179 7870
95 212 3380
120 113 5280
175 50 2460
232 157 8940
284 18 6010
48 261 8480
114 251 4800
197 18 8850
50 284 4380
109 39 3480
112 249 5390
3 299 7480
91 67 3030
154 53 6760
255 36 1480
285 183 7420
58 24 3550
205 272 3710
300 118 6230
218 241 5940
2 53 4040
227 59 4300
20 95 320
176 168 4850
283 94 6200
173 141 1640
273 17 5960
258 251 8870
83 191 8000
245 252 440
176 189 2560
240 8 6020
96 156 1870
198 82 5020
193 270 5000
258 188 5530
67 197 1140
173 103 8690
37 100 8900
101 236 1770
226 290 9940
245 165 9290
195 238 8940
180 249 4930
127 111 4140
139 81 7660
292 295 9280
116 279 1690
193 170 3470
14 228 8760
260 113 7520
245 165 1610
227 87 7550
42 260 7460
85 198 5940
30 98 7740
35 224 1010
131 93 3390
38 29 6650
49 140 1950
178 56 5170
62 205 1960
30 91 9440
185 275 8420
40 246 6680
45 180 1240
118 98 3620
232 234 1150
85 153 5640
3 161 6410
81 26 8010
209 243 3490
253 290 8300
155 119 6590
232 151 5330
128 283 840
284 117 2200
147 234 950
30 263 9830
272 53 9420
99 226 3650
50 151 3590
113 116 9790
75 76 7280
175 59 460
30 263 9470
265 221 8560
106 297 5430
179 67 4840
63 222 5550
291 99 670
3 61 250
153 195 4370
234 90 4420
60 150 1940
2 162 140
274 161 900
155 76 9930
136 194 4890
278 207 2460
25 152 360
298 221 6850
15 118 3500
164 238 8830
138 61 8360
8 34 8900
38 3 3530
30 2 9700
226 241 9450
255 179 2500
238 228 7500
244 163 1420
81 250 50
42 75 5500
244 285 5660
135 198 1560
127 201 7680
73 257 3140
267 238 6830
237 116 910
151 151 1970
48 205 5480
221 114 5490
78 299 2730
39 204 4500
34 56 3770
147 112 4180
51 150 2640
10 188 8340
243 24 4750
79 64 2450
76 194 5020
8 242 9360
210 127 5400
234 285 6270
139 72 3990
100 132 4750
240 179 2410
129 3 4530
73 228 9950
201 270 6440
279 96 3370
59 145 1190
207 165 4840
203 6 9380
137 23 9470
86 220 4750
107 29 1960
196 224 7490
243 191 1390
124 139 8890
185 55 8590
201 259 2430
130 155 3190
16 153 630
240 265 2260
154 209 2750
276 161 1150
48 293 4860
170 220 3830
17 17 3640
139 265 6960
30 153 6910
60 153 3310
291 250 40
282 84 7580
256 251 6740
236 143 6590
268 290 7930
54 61 5920
216 252 1370
150 8 3900
146 218 2000
81 73 9750
12 238 4330
115 12 3300
293 160 9170
299 4 8110
219 164 3710
128 140 4910
33 221 1390
205 78 7350
187 234 2460
242 260 4300
188 30 2070
22 21 1340
263 189 7620
158 292 5620
200 265 4560
17 77 2820
290 74 7160
278 149 7990
227 243 2200
91 125 5540
19 50 5970
219 217 700
70 82 3030
51 59 9080
222 159 4890
187 198 5640
83 174 4130
121 221 960
111 143 9100
155 211 7780
282 31 3200
164 112 3010
186 97 4910
300 58 6780
237 185 7710
10 11 1720
273 101 6240
190 76 5740
26 63 4160
115 290 4300
237 49 4750
30 229 5240
184 154 2500
3 185 5230
148 84 60
105 136 3490
168 57 3680
156 283 210
77 3 8830
71 114 5830
32 265 190
164 115 7080
24 287 4350
97 94 9460
173 24 2290
143 80 5760
296 269 210
253 231 1580
96 178 5320
180 136 1640
22 160 4830
292 231 1720
217 183 5440
172 124 9620
245 180 5430
274 153 1690
282 159 4080
69 25 8200
126 58 3070
138 153 8680
97 300 3890
23 58 5640
72 126 2530
300 4 70
170 279 1110
19 270 2850
154 195 3530
61 177 450
33 99 2150
132 272 9910
285 298 2140
228 91 4450
86 88 4570
240 135 5860
272 235 3760
293 261 800
66 142 5020
180 235 3610
65 56 1710
25 186 6220
170 252 9310
235 20 4790
259 81 7650
165 85 9760
143 180 2380
92 231 1300
28 11 2910
231 246 840
139 161 8110
190 12 3180
205 104 1950
272 264 6870
4 64 1940
170 178 4970
119 225 2090
233 178 8790
40 206 1070
284 31 4830
263 171 5690
7 218 4990
57 236 250
31 47 3680
161 241 3870
6 153 7350
203 20 3100
18 68 3780
40 210 2990
59 173 4790
251 282 1740
273 74 8780
41 16 7950
225 256 2830
77 200 9670
259 222 9860
27 175 8750
285 112 9840
241 54 5970
253 168 4820
144 282 8920
143 85 3430
175 280 470
207 224 9880
283 50 7660
150 174 2370
242 64 2950
89 4 6020
224 225 9230
140 93 2870
197 191 1340
80 260 4460
257 152 6200
233 88 9520
186 242 6560
276 122 8400
29 283 5370
242 172 4480
257 76 4310
215 83 440
50 269 7820
3 55 460
166 68 6200
128 107 7610
159 158 7030
2 280 6020
103 279 5730
191 26 8970
131 5 1290
267 76 3830
75 70 6430
127 178 2200
178 152 9550
60 117 5090
223 6 2540
70 298 9220
85 50 2030
80 120 6110
241 190 4830
106 153 2680
260 120 9330
261 239 5140
55 46 6650
154 85 7670
13 171 6760
130 235 350
54 120 7980
136 21 6150
85 242 2490
52 118 2140
186 274 7490
164 38 3050
76 212 1120
288 8 5680
283 106 5490
240 6 6560
77 12 6560
238 47 1870
141 4 2630
239 55 6880
275 222 490
31 65 7470
97 122 2270
128 117 550
189 248 5440
115 286 7860
173 34 6550
146 159 9760
181 300 3900
228 214 7960
169 113 8800
139 100 8990
121 22 7260
167 153 9850
141 37 7540
21 272 3090
110 153 1110
296 234 7660
180 104 9630
119 81 4120
98 202 5610
133 61 3060
287 36 2750
217 73 6500
138 181 2730
32 5 7290
13 179 9940
100 102 2250
77 121 3700
241 195 7820
299 243 1280
275 164 1040
259 175 3600
103 189 440
144 33 280
110 50 2170
106 263 1740
218 35 160
279 165 5460
20 17 7720
192 136 9150
12 142 6700
27 182 9330
299 284 9180
26 159 7450
257 221 2700
291 282 300
65 219 1940
24 214 4990
133 281 5590
169 57 4950
178 248 4690
12 215 9680
60 167 6380
17 290 950
240 17 3360
206 58 9540
5 194 1010
100 154 3190
287 189 1460
163 250 5110
153 109 2750
293 217 8350
142 48 1510
286 300 9900
110 282 6290
39 155 5520
272 256 4510
35 157 8120
61 105 6830
253 204 3040
293 66 6960
286 140 710
208 61 9980
254 226 4190
286 3 7600
216 278 3830
260 180 710
252 158 7000
34 63 8150
228 64 6220
247 299 2170
213 72 5640
7 80 5380
242 1 4140
89 103 7650
95 170 3730
221 283 3810
197 72 5500
234 293 1450
226 272 2120
77 121 1150
64 278 7010
41 23 6900
52 205 6330
246 135 1050
52 29 710
287 200 2510
191 171 1360
255 22 170
254 159 8830
14 138 9120
171 261 3830
185 189 9020
280 33 8490
245 4 4390
224 153 4430
296 117 8760
56 242 9880
136 11 2370
283 94 5520
247 75 8290
96 205 4610
50 230 9310
187 171 1710
242 246 8880
178 145 2970
256 232 8810
101 11 3540
260 71 5710
277 189 1550
1 197 2140
208 258 6930
133 113 8380
132 202 5150
206 120 1980
13 38 3480
65 91 5030
254 183 9340
273 126 480
95 294 9400
40 47 6900
15 163 2610
227 170 4690
167 151 3150
230 254 3090
240 180 9490
5 177 5420
47 252 4370
116 47 7340
136 31 8610
74 247 7560
253 74 9490
86 64 1590
298 129 2030
158 42 2870
256 7 1420
61 124 3030
284 3 4700
76 118 8230
277 156 3590
278 67 4580
261 120 5680
242 273 5530
299 216 1090
113 141 450
142 135 4800
275 231 1060
228 4 3820
240 15 1540
190 277 1200
11 262 5480
132 66 9590
252 42 7640
241 32 2730
30 40 7580
139 291 7110
183 114 5990
180 86 7700
127 57 7440
270 291 1630
24 173 8170
167 45 2580
192 168 7570
243 238 8340
103 273 9900
105 124 2360
291 26 2570
268 60 1320
186 206 810
296 94 2370
43 20 660
24 52 7870
12 41 3590
212 217 2930
246 162 2960
289 27 1350
169 242 4740
192 10 780
107 135 8610
56 242 7170
182 144 1260
151 20 3660
49 238 6730
68 157 110
58 227 450
232 195 7020
33 281 8270
42 207 2600
213 208 2250
61 202 4170
204 198 3780
74 119 7080
190 39 6240
184 196 3830
239 203 5090
244 279 7280
216 181 7800
85 66 1510
175 196 2070
58 144 6250
178 292 390
125 6 3550
132 300 7270
5 48 1170
214 52 3560
141 276 5320
61 277 4670
102 256 7730
41 215 8810
106 175 7400
91 160 550
270 151 9130
167 252 7560
231 208 6170
40 4 7310
257 270 7420
166 134 8540
60 149 7820
24 29 3640
196 27 7270
9 62 3990
94 117 6960
283 125 6610
277 262 4910
79 148 6690
247 218 3980
192 128 4220
157 46 7290
12 6 2460
3 27 7440
140 291 8920
46 298 9330
243 96 5050
153 194 370
96 215 5640
43 202 9030
258 143 2980
9 134 1960
184 6 9830
99 43 3550
264 217 400
29 195 8540
243 283 4170
52 179 1080
140 247 6470
20 34 210
240 134 4240
137 36 6300
127 106 340
269 256 2010
174 15 6940
80 183 9590
276 87 1050
139 65 1170
268 137 7050
33 128 2560
246 164 4820
137 260 4160
259 270 450
97 141 5150
243 98 3740
26 268 140
220 71 4590
40 193 1960
27 140 3280
38 182 9460
70 20 9740
23 274 7800
230 42 7970
23 269 8950
72 110 6510
178 112 5400
64 168 7360
130 53 7610
212 128 8180
296 34 180
11 173 6670
108 82 9250
14 26 8430
33 215 9780
136 96 9340
78 249 990
129 170 7870
133 214 8780
34 81 880
3 21 8910
214 107 5130
133 103 770
237 112 6080
262 289 5040
277 2 710
86 123 3400
128 44 4130
117 44 1610
156 222 4440
131 32 3800
121 259 8680
211 58 2000
267 72 9960
190 28 4590
37 67 2360
41 4 9450
233 23 1670
71 64 3170
60 50 7750
1 151 7540
175 168 2690
6 174 9340
261 211 9480
282 227 8840
226 3 4700
255 298 9170
126 270 4270
80 126 700
219 222 2530
257 263 4850
223 126 8610
41 3 9380
35 81 9760
2 55 3560
94 78 6080
149 87 6810
14 147 3290
61 3 380
56 169 8800
36 2 5890
291 251 7750
99 242 2840
256 197 50
74 179 3690
80 223 3110
252 135 7320
1 216 7570
167 201 3620
132 253 1170
246 181 9980
163 203 9750
158 103 780
237 226 9220
197 15 7330
134 78 8910
128 236 6540
249 108 1770
200 5 4090
77 103 8980
141 151 1610
252 300 3400
114 176 8590
100 293 7020
260 70 8750
95 279 8770
101 230 8210
47 210 610
252 156 9200
65 275 7930
167 250 190
80 31 5580
245 81 9070
74 290 7690
7 286 5290
205 212 1290
106 270 4760
183 124 2370
274 70 4660
263 179 2730
156 266 8680
287 282 9800
110 223 2310
176 131 1720
241 246 9320
137 70 710
297 27 8630
43 225 1600
231 70 1930
58 110 2290
150 185 2410
7 182 2480
298 257 8720
115 29 9380
26 105 1580
238 35 6540
10 24 250
16 192 8900
129 53 5310
221 116 5560
146 214 1480
58 206 5770
161 285 2730
223 226 4930
103 112 9250
158 194 1350
207 151 5700
85 169 1510
57 20 9980
127 127 7350
87 212 6070
178 228 4580
9 248 8860
172 63 1270
101 31 9840
94 297 2130
213 131 4710
140 20 1470
243 233 3520
69 42 6840
74 181 6620
235 101 2780
75 119 300
279 103 8920
164 44 1570
76 33 5800
77 208 6160
128 295 5280
94 9 4130
175 88 5780
219 230 8720
33 64 7040
32 96 2420
148 7 9330
10 285 3670
172 286 9990
266 118 6580
2 142 9720
135 58 6850
53 148 4950
152 289 8660
144 80 4060
179 44 1810
122 21 7560
277 236 5450
15 24 8140
198 126 5590
104 26 9660
59 27 7980
142 42 7250
182 212 8070
258 251 6600
137 14 4290
165 196 3700
227 214 2190
96 276 7640
126 279 4220
181 136 4360
113 45 5490
278 199 8960
61 212 7670
200 107 3970
41 47 5570
290 84 1270
132 55 360
121 295 2560
194 280 4480
184 177 6540
291 15 3210
269 34 7710
113 155 9850
10 136 1010
187 102 4620
248 229 4930
200 256 2890
287 104 3740
259 63 6730
198 168 1940
212 209 5840
286 202 3130
90 19 9720
268 52 5190
174 298 4140
26 215 5490
101 105 620
139 234 9390
248 211 820
206 120 3110
143 196 5260
259 259 3180
38 83 3470
112 60 1010
10 260 5210
179 261 6900
300 68 6290
193 268 4640
93 160 3140
292 134 800
202 158 2390
182 2 3040
130 210 3340
126 98 4120
149 222 4050
198 34 4240
134 251 6210
228 20 8770
162 40 1130
80 108 2850
102 204 8040
60 70 3050
92 58 150
12 272 1490
39 12 80
274 214 3860
189 80 9330
255 28 800
45 283 3310
150 76 8120
63 78 7180
197 165 4970
47 196 7820
214 120 6780
120 191 4800
74 177 2470
287 125 8070
49 137 6960
38 38 4590
36 167 3720
184 298 8140
7 38 810
36 257 420
56 2 570
138 104 3220
245 281 1660
237 266 7100
3 252 4360
137 297 6340
257 197 820
136 95 9110
228 250 2290
202 274 1750
291 77 800
222 134 1360
46 44 3890
262 24 8660
145 40 3190
108 199 7070
292 223 2430
144 269 2130
200 208 2060
185 12 590
299 252 8010
144 48 9560
33 139 6120
85 247 4970
122 234 2070
287 118 4660
207 95 5400
231 83 7430
3 294 5190
99 173 2300
41 167 740
205 174 7360
264 250 2890
163 188 1100
104 256 6930
58 226 4930
49 212 6240
214 66 2440
286 103 2720
256 224 220
73 132 7080
4 233 7250
240 111 3410
223 76 5590
144 285 9590
239 195 4680
95 191 4550
24 255 6550
55 268 2980
74 275 8830
291 240 7260
212 142 8580
186 134 2180
15 87 2680
82 232 8520
24 129 230
33 203 6180
254 296 380
1 70 2390
194 104 5090
172 23 5930
155 206 2040
197 31 170
233 259 7800
30 58 6410
157 247 7270
84 17 490
177 269 1750
108 147 9900
257 253 6430
45 77 2500
116 233 8580
277 242 9950
100 82 970
8 268 7990
151 202 2260
253 25 8050
74 178 6820
269 75 730
239 298 2740
26 66 7690
209 109 7240
134 103 3710
28 226 7030
173 74 2580
12 15 3870
206 114 7730
84 22 7620
1 41 8830
80 155 7650
134 167 7010
276 88 1120
211 287 2950
91 36 3350
210 290 70
154 117 2110
47 73 220
167 257 4070
271 186 6740
247 193 60
290 201 550
31 20 4820
244 260 4610
270 236 9140
115 157 1250
130 164 6360
150 216 590
198 12 4040
216 154 8860
193 46 3360
141 250 5880
67 237 6390
56 258 4460
121 66 3200
41 53 5280
102 251 80
16 246 9460
62 104 4400
31 198 3910
177 116 4980
37 288 1710
204 135 5970
266 68 7250
61 96 2340
283 284 3430
272 17 1740
44 49 2810
211 105 6420
73 177 6020
38 87 5840
156 203 4020
206 25 620
148 127 8470
73 293 8620
174 289 9920
135 48 7630
184 36 8970
286 264 3930
178 98 6130
92 283 6900
64 122 1780
148 288 2050
14 22 5600
233 133 4040
263 120 3830
79 37 4580
32 69 9770
291 133 110
116 134 8260
265 290 60
161 96 3610
273 5 900
269 276 4160
116 116 1850
210 226 10
171 273 8850
141 168 4690
184 24 2240
193 164 2190
260 140 2670
135 89 8200
16 97 8980
136 135 4590
277 22 2480
178 192 9210
195 171 3390
104 200 5690
86 91 520
295 26 8820
105 211 1180
58 229 8470
298 74 110
22 43 6690
111 10 200
122 147 6860
172 202 7990
132 263 9010
153 103 1280
128 155 8880
137 19 7820
13 35 9530
294 178 1140
82 119 9790
105 188 4770
43 217 3170
153 24 8800
234 68 1060
163 240 4060
32 158 4220
238 45 9430
179 239 3390
68 289 8550
226 265 3810
144 241 1920
9 71 4580
70 70 2990
17 272 3400
83 215 9190
84 127 5570
263 192 5100
76 259 4100
273 174 2670
210 198 360
216 22 6170
208 88 3690
280 236 4650
27 126 8080
133 215 6360
13 234 5890
210 240 5240
59 35 8210
67 286 2220
193 155 9020
296 239 2500
256 74 1840
67 267 6750
22 12 3400
1 123 7410
160 95 5120
31 2 4630
93 232 9660
268 189 7420
56 125 3010
211 176 7550
7 94 2520
263 64 5080
182 125 4050
81 286 7760
247 153 6840
195 55 650
242 4 9650
263 181 9410
174 253 5800
225 65 9970
8 68 3440
280 244 920
30 191 2980
275 6 1770
124 10 9040
271 99 3010
228 18 2970
217 12 430
155 61 7260
195 40 530
281 13 7600
291 12 3520
29 170 5520
11 153 7800
84 148 7160
194 122 5270
266 81 5800
202 238 510
55 130 8820
131 78 9820
106 224 9050
277 179 8950
5 3 6690
13 204 970
165 131 6970
191 115 690
288 135 500
262 190 6900
188 161 4420
47 194 2320
153 114 2560
245 138 1730
183 73 8280
164 39 3430
290 48 4940
41 278 7450
133 100 970
56 233 7610
162 34 1430
236 79 2830
155 4 9440
20 117 8300
245 237 1310
173 202 8100
23 112 3020
154 57 9650
227 196 4420
14 71 7010
84 274 5610
41 213 4940
140 250 9650
8 55 9830
241 283 940
66 231 7800
116 255 1340
33 289 4090
71 251 1200
269 134 3960
206 127 500
191 183 1610
210 129 2750
234 71 3430
292 231 670
264 89 3560
118 25 4360
276 282 6090
182 14 110
146 28 7130
8 44 6450
67 252 5590
68 238 5110
131 91 480
100 262 2100
229 81 9360
96 167 1360
9 284 4690
43 4 2940
172 196 4810
266 16 2800
193 63 4290
200 196 5980
251 167 4430
163 156 270
103 279 130
4 2 9470
188 120 4920
201 49 4110
159 141 980
20 67 8510
167 246 8020
106 248 8110
60 167 3000
76 136 3930
7 257 3140
90 80 4080
162 258 8150
254 205 40
258 130 4550
292 205 9160
279 147 5780
230 39 9530
195 248 8190
168 121 500
163 191 3440
37 53 6430
293 29 5800
186 254 4080
39 297 6240
270 48 260
101 194 6560
130 51 7580
209 232 5810
156 139 7240
167 121 8770
132 68 8920
44 124 2930
65 224 6880
263 86 6930
91 218 5330
28 76 220
135 86 4590
26 288 1630
138 231 9770
121 239 3780
234 208 3680
107 1 2640
62 24 4400
69 125 5220
283 170 2610
191 19 7740
197 199 2970
156 146 7870
10 229 5620
241 163 2400
50 210 6730
92 114 3800
16 122 7580
269 284 8010
11 258 1010
78 249 270
69 246 6380
39 276 8980
170 132 1710
91 155 7290
248 273 8610
161 176 1070
244 270 4060
82 285 10
128 245 6800
123 228 6210
181 234 7970
271 298 2420
246 237 9010
270 23 1790
193 16 7060
200 167 1250
12 172 4080
138 59 3890
239 111 910
61 112 1490
54 249 8250
291 164 7890
268 235 2510
114 250 7450
290 107 1560
217 98 1000
168 268 5630
75 87 5680
94 35 4590
200 201 4650
6 153 8790
113 114 8790
80 96 9120
145 76 6940
250 74 5750
115 51 1480
27 38 8240
144 214 7640
292 205 4250
191 72 2660
122 208 4260
112 197 960
236 1 7670
123 5 220
184 175 5280
112 47 3820
202 57 6740
297 284 7170
16 249 3660
65 288 9640
172 74 500
164 85 740
170 45 2080
8 262 510
167 12 8950
215 203 8050
141 17 5580
47 6 2560
46 196 1640
68 230 5240
31 283 410
116 265 2660
52 122 9260
5 135 8400
127 97 2710
39 128 6060
54 279 7980
206 181 8170
98 250 3190
159 194 8150
259 280 8220
70 111 1690
208 203 5700
183 99 5120
286 164 2720
112 90 8270
89 175 800
248 283 1300
143 118 690
283 289 7900
34 163 7330
212 252 3420
125 234 7770
51 252 3770
189 235 8060
131 88 4340
49 191 3620
243 168 2790
63 248 7340
165 295 1440
72 28 1890
127 255 670
193 178 1880
33 290 7260
70 259 9400
88 220 170
111 245 7740
1 75 2750
282 236 4290
237 249 4180
22 96 9380
86 157 5520
21 59 4880
40 248 7450
176 270 8960
200 196 8420
30 298 4040
269 134 3300
103 240 6850
161 284 6090
32 173 5980
205 151 4300
232 33 6430
65 120 9520
184 297 4940
246 261 8400
123 169 9120
83 96 1480
260 293 7970
7 121 4260
186 139 7870
17 30 7740
3 235 6130
105 65 2160
49 258 9760
251 18 1970
23 270 1340
270 246 9710
13 33 1270
74 161 4230
251 18 8240
29 1 3360
112 139 1710
243 222 5950
245 69 3270
146 144 9840
48 97 3320
240 1 6400
33 120 5250
121 212 4020
73 91 8660
221 135 8350
228 109 4820
283 105 1740
256 80 8660
73 65 3050
249 254 1920
19 105 9520
140 269 7080
23 221 7250
140 199 3640
238 158 4620
271 177 9640
157 228 7400
163 225 6810
253 56 1990
273 183 8720
157 23 8570
217 70 2360
32 57 7210
195 257 6700
59 37 8460
295 285 1060
253 124 6580
239 213 3910
181 288 8910
291 298 2590
156 179 8280
71 221 9410
288 87 350
227 79 2610
194 291 1200
150 77 5350
183 149 6500
235 22 4570
9 53 160
133 19 8190
143 264 9860
38 83 6220
89 117 9020
262 234 2650
247 177 300
119 154 2400
190 193 5540
7 198 6520
153 261 2100
244 140 9000
21 216 4410
46 238 7330
25 208 7140
100 88 4920
229 62 7350
196 6 3890
120 259 4210
265 183 1600
26 147 1770
127 27 8670
190 35 7190
13 195 2220
162 248 1700
127 226 9320
243 278 7340
212 161 5010
212 230 7630
192 268 9940
88 267 7260
195 220 7770
250 163 4010
268 267 5550
243 1 6620
287 48 3070
224 73 5820
64 233 5440
286 58 2500
222 161 6200
43 253 8250
214 287 3770
84 257 9290
204 259 460
159 126 5750
51 129 8070
114 106 6030
62 61 6620
89 39 9340
239 272 9080
183 185 1030
132 43 6400
217 244 3860
255 63 7570
92 122 6810
53 170 1660
278 65 8570
25 246 6510
212 253 260
156 187 4040
297 81 8140
60 158 9350
262 63 5620
295 20 2110
245 272 2270
247 137 7680
104 61 760
47 99 5320
140 92 5870
179 10 4000
108 38 9060
63 286 7140
299 188 3500
139 175 8060
238 199 2270
267 97 1560
13 158 4340
77 188 7310
69 79 1860
235 238 220
213 35 6950
23 41 4930
231 81 9220
281 184 9650
140 29 4820
56 76 1100
149 87 7120
49 92 590
45 61 6930
102 63 5870
216 148 7720
191 116 3920
72 88 9590
220 165 4440
120 239 4840
164 154 400
7 185 8460
34 244 7940
117 38 490
288 171 3480
102 34 2180
192 82 5760
115 69 8450
49 55 7460
282 260 1540
163 143 7480
215 222 30
27 206 5360
229 277 560
216 168 5360
120 118 9540
195 179 3640
176 60 8430
227 203 500
12 215 9910
15 8 3200
260 57 3660
19 295 8620
156 147 720
130 194 8830
223 183 4290
28 7 3670
184 250 4170
119 41 1530
155 87 870
242 129 9920
259 226 6480
71 62 650
24 271 640
274 96 6110
133 126 4800
298 185 5720
22 102 4750
144 240 7070
246 186 2410
182 254 9570
242 251 2180
294 122 1530
125 18 7400
244 71 7580
50 40 6800
268 148 6390
184 147 2300
157 256 9940
27 94 6630
112 240 1240
232 261 4980
254 105 6530
88 28 6410
187 223 8460
46 2 3490
16 168 6400
98 196 7740
300 56 7610
258 105 9800
9 192 6390
65 105 2890
3 216 4480
65 286 390
31 293 6010
55 268 1380
191 205 8330
65 228 3470
79 50 7870
63 241 650
229 147 3190
277 201 5980
54 231 6050
150 59 4770
169 289 1090
291 33 4980
145 216 6590
19 95 7510
35 229 8520
164 15 1570
80 149 7370
288 84 8870
217 38 9020
160 198 7080
237 151 6810
285 284 6150
156 134 7810
186 28 4610
221 66 3410
179 282 3880
147 137 6800
189 9 630
197 35 730
19 62 8590
281 12 630
108 10 4660
97 112 4780
35 183 7780
291 279 7200
187 250 7060
54 258 3410
34 136 3950
199 241 8240
118 6 7450
47 295 9600
3 1 8160
256 170 8450
45 268 9150
123 98 3400
177 85 9160
224 234 3760
250 104 7130
266 53 9300
153 244 7040
260 179 2150
25 10 9680
217 107 8840
260 5 2980
281 179 2790
181 82 6530
251 4 170
99 141 8820
227 127 1730
242 117 8380
85 72 9360
31 71 2990
62 29 4860
45 120 5710
67 192 440
69 286 1500
256 122 1690
233 101 6910
161 89 3490
294 119 5770
258 233 5320
117 173 8440
139 216 3120
119 209 780
53 139 7350
130 279 2080
241 214 1680
63 143 240
48 13 8010
14 124 7020
158 70 4280
192 154 7530
40 142 5280
118 283 7010
267 220 5090
271 219 4020
167 80 8400
71 103 4990
101 157 7120
113 188 8260
226 148 4300
290 136 640
242 39 9810
215 137 3060
135 202 7520
118 65 8200
80 216 1600
138 218 8690
149 241 7170
300 297 5150
155 8 6880
248 259 4250
165 8 6390
157 153 3820
199 125 9610
241 33 540
187 222 2880
2 75 1680
226 292 7780
213 295 1260
223 36 1100
219 17 7550
141 215 5990
246 263 1310
36 108 9510
188 110 4060
276 123 5690
223 193 3430
176 33 8570
30 105 9000
263 161 4900
200 59 7390
62 274 7840
118 228 710
8 111 2250
183 157 7860
95 190 2910
256 126 5110
18 79 2030
96 186 90
115 38 5460
243 158 4660
209 166 60
153 71 4580
133 222 2320
255 80 1730
287 214 2300
135 141 4890
14 87 1560
225 121 1700
76 200 690
66 157 4800
270 198 6750
111 252 3330
43 114 3310
31 86 3820
205 53 2350
48 89 6640
251 36 8400
272 136 2410
224 107 6130
72 186 860
219 13 4270
63 103 930
181 226 7080
21 112 7720
185 297 9470
244 218 8480
140 272 9180
75 213 7670
104 189 670
271 63 910
76 216 4750
280 209 9130
13 101 7120
212 11 8950
233 207 2880
267 162 3610
56 134 4510
190 116 850
22 257 1330
77 137 1630
51 240 2050
54 141 5450
16 118 2610
121 29 7230
34 204 230
36 5 5070
286 54 7670
172 222 1320
14 164 8680
220 300 9180
84 246 2820
43 221 6140
242 70 6130
29 189 3120
60 271 8140
208 258 6570
45 142 6980
208 3 8010
173 155 8430
73 166 5400
5 261 1590
263 290 920
34 74 9640
89 78 3040
274 235 9820
278 276 6620
87 69 6780
184 92 4190
252 199 9740
220 262 4930
26 299 1500
244 298 6750
84 251 6160
112 249 9830
192 37 200
69 278 440
25 232 5920
24 71 9590
95 284 5820
192 215 5440
107 97 9610
119 78 8990
280 265 9260
227 166 3700
198 153 1600
147 1 7780
5 30 8550
195 93 7930
28 227 2880
282 285 1590
103 168 6660
137 53 6120
28 224 4060
146 76 4410
71 211 1160
9 1 1620
16 78 7600
150 206 3850
73 84 1600
131 239 1460
12 185 1670
59 95 3190
73 30 2830
124 31 8130
71 206 9980
269 74 6590
33 221 4970
59 57 2370
271 156 4700
230 299 6460
130 117 3490
103 80 7160
287 14 1950
267 109 4150
293 154 5020
144 57 5690
147 140 1880
189 243 8220
250 266 7270
12 98 8250
238 70 7970
172 229 6390
143 61 3760
140 174 5890
224 217 2470
169 96 230
50 124 6700
141 215 890
181 24 7520
177 84 3940
125 104 3840
72 155 6700
165 225 4100
169 153 1210
138 116 7450
228 121 2640
177 215 3140
57 4 6420
279 58 6270
180 155 770
168 145 6060
164 75 9250
67 224 3800
262 132 5380
130 76 4080
14 169 3950
58 77 8540
50 8 7510
38 274 8370
253 234 7300
63 196 4630
198 10 9760
150 223 5690
281 93 1620
211 210 3530
240 158 9100
85 290 6370
151 93 1730
213 8 110
47 64 7670
28 155 4330
58 234 7220
30 155 8920
106 68 4480
234 217 1000
132 189 4120
125 271 8920
74 6 2870
232 226 7890
3 18 2040
176 160 7370
210 92 1640
55 281 4630
109 249 6110
263 175 6290
185 92 9810
227 132 2080
156 79 4750
266 71 7190
35 214 7890
15 255 2640
157 11 7390
138 181 2400
3 19 510
103 177 2150
211 27 8500
227 114 3680
281 163 8380
46 102 500
87 76 6790
279 157 1600
247 95 9550
132 237 400
38 123 1080
29 134 1140
166 289 2640
232 118 6490
155 73 6560
171 156 2200
295 179 7250
38 20 9170
135 286 8180
173 263 5430
211 215 9250
13 255 200
220 139 9680
254 237 6880
49 287 930
89 18 9660
238 2 9920
259 45 7220
28 49 8790
113 146 6380
46 27 420
199 234 3720
90 171 4270
105 156 6100
265 72 300
121 196 5840
93 276 4680
284 127 4690
146 24 7850
52 64 7810
125 262 4900
286 23 5770
11 160 9870
220 114 3720
22 6 2290
65 246 4880
167 93 2720
40 282 3650
232 87 9970
259 114 4580
276 271 1650
124 125 1520
230 202 6210
164 267 7710
227 233 7160
255 177 7930
93 144 9980
242 155 8200
53 144 9890
139 82 3820
91 169 5490
259 71 1460
86 254 7820
202 14 3170
131 64 640
131 220 8940
241 164 2300
122 300 5530
93 217 7180
118 147 3990
68 179 1870
10 220 1810
26 223 2870
101 151 8160
119 196 5060
254 39 8790
182 289 7850
132 80 590
123 53 6300
25 209 1030
38 232 1010
28 263 4330
52 229 1220
188 129 610
1 261 3340
73 133 7280
34 81 270
263 161 8160
17 1 9020
129 48 6720
243 150 2100
158 141 1060
123 105 6530
273 215 9870
168 181 590
29 30 6710
9 55 4960
122 267 4760
37 129 1850
168 297 2180
82 231 3400
109 155 8570
69 154 320
114 13 3020
53 238 3380
204 47 2930
155 124 5090
238 29 7370
87 186 7010
122 61 8200
299 175 560
52 44 3530
76 73 6100
247 57 1330
83 8 7750
228 81 1580
145 229 9770
249 175 4160
17 105 5250
53 151 2750
180 195 890
212 90 1920
200 12 1020
125 51 1920
161 73 3740
165 222 3830
204 12 9210
97 139 1750
118 51 8390
288 30 280
249 285 8280
199 77 9110
148 198 9100
260 55 3780
237 126 9210
105 131 7300
73 275 7160
140 21 3080
157 180 5440
132 76 9420
216 26 740
220 88 2500
96 199 8250
274 143 1720
23 120 6790
282 122 1140
191 247 4130
114 111 7230
67 173 2930
40 28 8760
125 91 2890
78 209 3240
104 171 9150
170 60 8120
161 59 8130
4 116 8290
75 64 2230
140 101 5630
132 71 3750
146 145 7030
164 119 7850
205 278 4860
73 243 3000
161 159 3590
65 222 8330
16 264 110
232 243 9110
102 161 6920
13 6 5710
171 70 9270
114 40 8650
53 44 3770
282 215 3270
200 125 8370
136 281 1710
173 211 7600
64 140 400
70 19 1960
293 278 5230
19 69 4260
59 89 8510
38 140 6660
182 94 8500
274 197 7600
272 278 8230
96 23 7340
14 66 2010
212 213 990
172 153 380
294 217 7770
213 197 3760
152 103 2790
64 175 6060
17 114 570
300 106 9410
5 179 6750
192 41 3440
67 208 3210
191 16 5090
4 86 550
160 6 1290
75 175 9860
263 26 4270
270 274 8160
136 43 2140
28 194 900
168 94 2750
64 200 4560
295 54 10
111 46 4650
108 225 8010
119 134 3250
99 205 490
277 266 8590
186 135 1940
56 71 210
27 269 3270
205 29 9220
194 149 8190
122 94 9690
295 191 9860
15 100 2910
130 48 8350
17 14 600
244 294 1500
133 281 2080
23 170 2990
285 103 3660
277 221 5030
242 124 3880
123 126 6760
91 290 3260
263 256 6970
48 6 820
187 198 8860
8 77 9270
64 77 8170
165 78 5280
263 30 2740
189 11 7400
124 238 4510
275 37 2750
52 105 1430
298 203 8730
151 76 1110
233 74 450
6 204 7560
116 190 1820
272 203 240
225 114 1090
186 165 9290
161 282 3030
123 110 5640
83 238 3830
190 298 6160
173 129 3460
142 103 8420
32 154 6740
231 21 1190
62 215 3260
49 57 2010
112 160 8090
208 20 8250
122 54 6520
132 142 6580
105 116 5760
20 62 6060
147 140 2650
187 63 5440
61 224 6900
213 295 2590
121 95 2330
69 22 8560
98 261 2420
38 126 6480
142 202 9110
165 88 920
24 43 3240
285 255 4290
29 110 9640
172 143 5840
4 1 7890
22 16 4940
12 275 8500
71 223 5940
271 283 3480
126 239 5350
83 47 5790
8 286 6890
59 146 4570
213 40 3530
199 226 8420
128 276 1550
192 75 6970
202 13 8260
234 258 8240
237 255 4750
75 147 6010
145 64 6510
222 121 2760
163 129 1340
260 235 1310
137 16 2730
260 250 6950
261 91 2600
285 224 2510
79 89 6190
143 74 6700
75 256 8730
111 263 3200
42 213 5550
49 84 7260
155 155 7600
106 297 2270
283 243 1800
111 44 2540
90 21 2290
244 244 4990
290 178 3620
39 215 3410
1 179 2740
226 206 8220
256 198 1570
67 169 5940
216 33 9100
140 140 6780
34 87 9970
46 80 2700
210 288 6870
207 23 520
291 91 7880
221 154 2990
87 180 6510
299 80 4170
176 234 3120
41 221 310
139 85 2850
5 167 4500
286 286 5630
198 92 7740
104 226 1670
97 135 1660
267 268 9330
207 164 4670
107 13 3820
11 97 4480
299 232 3550
149 33 470
266 275 9460
158 194 1620
160 242 8180
263 130 3530
193 176 7580
212 117 3020
145 58 8860
238 100 6470
3 212 8430
253 236 8950
107 189 1130
156 297 600
42 242 9130
265 258 5870
137 75 4890
288 245 5610
187 203 4900
204 85 1350
194 8 3250
23 5 2810
256 99 1320
197 167 2540
268 2 1880
207 247 2360
158 171 5090
225 169 5130
23 276 8120
16 202 8270
275 92 3560
220 282 2480
247 9 930
273 260 6520
223 36 5550
63 267 6780
138 75 5820
5 135 4800
265 223 8800
264 100 6940
64 278 1040
91 99 4620
64 128 1560
272 155 90
96 238 3990
42 284 9030
89 121 8500
131 149 6350
210 290 9260
122 273 1830
230 264 3720
197 40 8840
79 17 2150
99 145 6280
172 82 5770
266 139 3430
35 216 4070
78 257 4590
132 197 2670
184 189 5290
48 64 8950
270 147 880
68 176 6670
147 216 1860
255 242 1690
183 17 3850
19 236 1910
200 56 4080
48 35 2810
247 223 7230
110 121 9570
296 213 610
295 206 5720
209 271 8860
61 226 8760
280 200 1920
151 115 5370
160 115 1540
163 234 2720
105 181 3870
85 149 9780
176 291 1710
118 208 3460
89 93 2810
41 152 8360
88 232 3980
263 138 9790
184 130 6630
291 295 3350
20 162 2380
204 39 6340
2 227 8950
52 22 3400
39 47 1690
157 49 3810
225 153 5850
95 144 610
35 269 4480
148 84 3180
102 116 7230
38 2 4970
99 35 2290
132 127 8870
189 45 7310
19 281 2580
281 140 1600
240 280 8640
104 284 1350
293 272 6580
147 261 8010
139 294 310
4 223 8000
187 10 2250
157 226 4280
187 260 7920
186 154 9550
17 126 9990
42 108 540
211 225 2730
191 27 4260
42 103 2900
248 25 7580
240 258 6340
51 229 8090
222 209 7540
277 48 6340
72 104 6370
105 30 5380
93 168 9510
139 53 9380
40 70 7270
95 163 140
279 268 7660
103 61 2800
46 52 1420
90 227 3000
14 237 3320
299 159 9140
237 292 8070
209 233 430
119 225 3500
21 93 4790
255 21 580
60 131 5990
288 273 9490
228 178 7420
11 126 4150
84 197 5570
264 67 4650
241 160 2010
212 157 9700
194 150 1090
191 292 7940
83 233 5960
92 150 1180
144 49 9860
13 53 2010
214 94 6860
4 136 6560
154 70 8990
218 209 7240
60 82 8420
164 164 5410
98 274 6840
67 47 5760
128 139 3040
77 161 7730
116 22 6260
258 299 1670
260 201 1710
268 197 2200
207 82 6380
299 61 6510
177 280 4600
208 36 3630
25 47 2720
109 179 1380
107 120 7970
199 189 2500
171 251 7460
163 219 9490
294 126 5850
72 201 1630
66 57 4540
240 209 5730
48 298 7180
195 138 7620
137 55 6540
257 146 1970
61 230 1690
206 245 7370
255 185 2910
92 205 9680
117 40 350
220 116 2070
219 286 1560
220 167 3690
273 56 8640
61 275 4120
48 30 8360
227 283 3390
166 162 3410
240 158 4440
48 78 1580
175 130 530
191 90 6580
54 68 320
66 99 740
219 213 4800
264 199 1640
298 15 6590
130 111 2030
20 46 1190
42 292 930
109 181 5190
249 41 4700
89 291 5530
74 52 4800
74 274 770
228 222 5570
159 149 7100
109 295 5640
92 236 2550
111 269 1010
183 136 9750
185 86 2840
47 54 5000
161 99 8640
79 74 5400
269 146 6690
47 68 2660
236 87 3210
96 200 6280
23 265 2260
44 268 6510
27 79 3540
163 152 5020
19 87 6270
214 149 2300
170 101 240
236 300 3690
127 136 3040
288 146 3320
133 232 6190
163 27 5960
154 292 7510
249 73 2860
250 229 4320
37 270 8650
94 254 6300
137 240 3950
57 139 9560
298 290 1630
129 231 9980
36 219 6630
141 204 4800
8 24 7390
292 252 2480
219 188 5270
119 271 2610
209 232 4360
75 92 5670
293 270 1220
98 164 7380
137 249 170
143 151 200
156 248 8400
180 153 4940
254 114 3960
296 37 5620
267 16 2010
138 152 9070
26 109 8990
177 123 5720
286 7 2890
246 227 7070
43 160 9540
29 9 7270
33 10 2900
146 289 8780
179 67 8450
47 183 3070
180 250 8810
206 205 6280
223 164 4310
271 76 2370
174 8 4960
281 157 3500
232 234 9560
22 143 4740
247 205 7180
180 224 8140
300 21 3570
179 127 5430
67 266 3430
216 71 100
121 226 6900
243 90 3060
140 51 8390
285 280 3630
11 268 5870
238 101 2980
154 11 2670
191 37 2780
3 250 8720
150 228 2110
246 1 8750
126 73 1900
38 257 7210
195 172 3310
109 278 9320
279 19 6150
113 98 290
176 45 400
283 146 5250
100 131 8630
261 233 8410
164 266 6850
102 24 3630
283 283 3930
269 272 290
13 138 4030
77 174 8370
21 38 70
62 139 5590
100 130 7280
51 195 8720
244 50 3230
218 116 380
42 73 580
144 160 3030
163 50 2600
70 237 3810
39 242 3130
177 180 8250
64 129 4500
231 175 7870
236 92 3550
257 11 7670
224 107 8090
244 252 3790
211 263 90
139 119 1980
58 257 7130
132 69 1570
130 67 7470
212 298 1480
106 137 4690
9 26 1760
119 137 3890
76 88 9510
19 121 600
81 287 580
158 190 3630
90 244 9710
115 157 3360
133 200 2480
186 231 3900
236 50 2310
98 181 1330
97 96 6500
166 112 6420
3 84 7150
277 165 10
41 208 5340
273 218 7220
98 275 3560
212 185 5080
121 280 8520
181 129 300
243 299 9660
282 126 3220
184 192 3590
165 9 3510
294 129 6430
62 176 5080
27 180 1720
160 200 7400
22 108 3960
33 54 7690
140 241 6690
224 23 370
116 30 310
75 96 5650
179 169 8520
206 124 5750
205 40 5380
223 183 3180
270 238 5850
115 206 9380
223 280 5170
265 81 1580
123 238 3240
45 248 8120
138 166 3870
232 37 9130
9 35 2590
94 187 2830
42 51 4130
6 248 3000
232 101 9730
184 26 1510
266 8 8050
234 291 4990
4 243 490
74 285 880
58 158 4080
233 284 6030
291 221 2220
225 118 7190
50 108 7450
31 227 6020
299 40 90
49 55 9540
300 284 4440
257 20 8900
122 152 9210
57 239 1510
176 171 2830
3 81 4820
256 101 6820
95 81 9250
127 288 4080
297 99 3830
162 203 570
14 240 7160
56 77 4590
275 189 8470
229 142 2180
237 106 3950
193 170 6310
134 47 4390
174 118 7620
1 243 5240
222 161 9420
206 219 1300
173 88 7890
187 117 910
23 212 2080
184 26 8650
11 177 6560
286 121 7750
21 158 5010
293 8 3210
4 55 3360
141 165 1130
169 86 1150
187 289 7820
18 212 4790
70 108 910
193 123 2790
200 176 3730
197 56 6070
262 129 410
270 231 1590
15 125 600
177 146 500
113 173 8900
149 17 8980
94 155 1630
233 18 5290
15 29 960
196 95 7230
203 198 3060
103 252 5350
140 216 8470
146 58 3660
217 193 170
284 127 8720
80 279 3700
94 151 3360
94 183 4290
177 222 280
11 228 3920
246 48 7920
156 162 7960
148 284 2440
230 81 1190
223 181 440
203 88 7530
222 64 4400
155 77 2870
280 63 9260
255 255 5530
222 186 3800
85 274 1160
288 123 6010
105 182 7030
230 114 7070
85 155 2610
195 116 5010
23 282 7370
24 19 7630
21 111 640
57 198 4780
234 103 450
124 167 3080
67 152 7060
204 281 3910
177 254 9770
252 277 5450
159 291 780
86 290 6650
107 170 6920
73 126 930
270 184 4400
121 99 5820
197 165 4130
296 92 7790
124 232 2240
125 113 3100
163 85 820
139 70 4240
80 66 5230
1 238 9570
100 163 5980
184 92 9710
160 86 1240
27 130 1490
23 128 970
181 46 6370
279 19 1470
260 134 8920
134 223 9650
79 170 9440
27 2 6200
146 252 7640
68 47 5660
291 168 8020
298 132 5810
102 292 6600
191 204 8480
17 272 80
163 223 5070
27 199 6460
37 140 3210
284 147 8090
141 59 1840
229 260 6560
136 3 730
187 12 4430
9 241 3170
197 37 720
38 36 8100
22 32 7530
65 167 4720
253 73 4280
159 111 1020
258 93 3100
112 285 1770
144 275 7890
88 260 2860
289 73 6500
149 219 2560
94 61 5240
243 148 7540
149 162 5480
187 52 7260
288 37 5280
262 4 5470
6 3 4430
9 111 8390
281 230 1480
252 206 4800
141 265 4100
56 95 920
153 201 3070
264 82 2440
294 138 3400
203 244 2780
238 111 6330
34 174 1910
33 243 1890
154 135 9280
224 108 5630
222 280 7480
72 92 4540
187 47 6980
269 274 7250
148 65 6700
45 24 2730
98 37 5290
7 133 910
292 108 5850
11 218 7590
52 34 6880
33 116 6750
209 134 5300
159 252 5050
132 111 9810
75 237 7950
290 234
