5000
2 1
3 2
1 4
2 5
2 6
2 7
8 3
3 9
6 10
9 11
12 5
13 1
5 14
15 4
16 15
5 17
18 6
17 19
20 12
2 21
22 21
2 23
24 8
25 16
26 8
27 17
28 10
19 29
14 30
31 15
32 11
33 5
1 34
35 12
36 23
16 37
38 21
37 39
36 40
41 18
42 40
43 25
44 2
45 39
33 46
27 47
18 48
38 49
7 50
51 10
52 11
31 53
31 54
51 55
56 35
22 57
41 58
4 59
34 60
61 26
62 15
17 63
64 26
65 60
66 42
67 63
66 68
69 35
7 70
70 71
72 66
65 73
15 74
30 75
76 72
77 44
78 59
79 43
48 80
81 64
82 72
14 83
49 84
69 85
57 86
83 87
14 88
89 19
90 15
91 13
92 71
42 93
94 55
95 37
96 65
92 97
98 40
84 99
44 100
92 101
102 51
103 91
104 62
105 44
106 78
107 86
98 108
109 89
110 69
44 111
73 112
27 113
26 114
34 115
14 116
117 15
118 97
119 93
15 120
60 121
122 52
7 123
49 124
125 109
34 126
127 78
83 128
112 129
34 130
48 131
132 32
133 81
134 73
35 135
37 136
60 137
33 138
90 139
140 14
122 141
64 142
105 143
20 144
47 145
146 16
57 147
148 19
43 149
45 150
151 126
152 12
153 14
154 97
155 81
97 156
157 19
91 158
38 159
160 158
141 161
4 162
51 163
56 164
119 165
14 166
167 46
56 168
107 169
51 170
171 78
172 122
173 81
81 174
175 122
107 176
177 173
178 72
57 179
104 180
37 181
23 182
69 183
171 184
185 171
186 143
130 187
188 7
189 114
186 190
191 143
192 38
191 193
194 129
195 148
196 149
100 197
33 198
7 199
200 112
201 133
119 202
198 203
204 67
205 112
67 206
207 5
27 208
209 179
210 114
84 211
62 212
30 213
214 115
215 166
216 89
91 217
218 134
57 219
92 220
203 221
186 222
223 83
101 224
225 7
226 112
227 216
87 228
93 229
83 230
231 142
178 232
233 192
234 133
235 45
6 236
145 237
37 238
191 239
240 168
241 203
241 242
179 243
126 244
38 245
246 48
247 140
248 83
249 15
250 83
213 251
252 176
105 253
254 206
255 189
256 104
177 257
258 92
259 59
138 260
261 32
262 237
189 263
264 62
53 265
183 266
267 33
268 216
269 200
269 270
167 271
272 254
273 245
201 274
275 218
276 201
277 111
31 278
273 279
150 280
159 281
282 89
201 283
284 238
136 285
286 94
287 267
288 77
16 289
290 262
291 6
292 25
11 293
12 294
295 290
296 229
297 289
298 5
299 55
166 300
301 83
302 175
174 303
304 165
305 142
197 306
253 307
308 30
309 174
310 252
8 311
240 312
108 313
145 314
94 315
316 76
317 207
23 318
319 85
165 320
321 167
322 128
25 323
324 208
266 325
198 326
327 89
238 328
329 81
121 330
331 30
332 47
285 333
334 278
43 335
221 336
21 337
233 338
331 339
340 322
217 341
127 342
40 343
344 11
345 103
346 20
347 89
348 262
48 349
213 350
4 351
190 352
353 179
195 354
355 326
356 145
357 281
31 358
359 148
360 261
361 251
362 129
363 220
364 62
365 219
366 248
367 16
368 173
369 127
370 276
371 234
372 333
250 373
374 187
375 235
55 376
240 377
378 182
379 216
170 380
111 381
382 359
383 232
152 384
316 385
386 171
135 387
388 38
53 389
84 390
391 366
392 97
393 276
300 394
235 395
165 396
263 397
398 79
36 399
25 400
206 401
402 395
403 267
404 14
405 23
406 71
407 112
408 24
409 317
410 308
411 341
412 397
239 413
264 414
126 415
374 416
364 417
418 82
419 315
420 275
421 113
314 422
423 200
321 424
425 184
86 426
427 7
256 428
429 8
422 430
277 431
432 336
433 99
309 434
224 435
436 411
437 211
438 2
439 398
440 112
77 441
408 442
363 443
444 19
122 445
446 318
269 447
448 430
449 358
450 212
37 451
452 119
453 10
92 454
186 455
456 197
197 457
458 324
374 459
460 189
461 313
53 462
347 463
464 252
418 465
166 466
467 264
468 463
167 469
50 470
308 471
472 422
473 333
86 474
475 438
84 476
477 235
473 478
479 392
464 480
481 206
482 249
483 301
47 484
485 152
486 3
57 487
357 488
104 489
455 490
129 491
492 78
493 201
494 3
495 375
496 331
412 497
498 79
418 499
500 413
501 473
502 63
214 503
504 210
505 498
506 62
314 507
243 508
509 47
491 510
511 438
512 100
513 84
514 339
515 329
115 516
517 422
518 180
519 339
520 74
521 209
522 457
523 250
524 462
328 525
526 432
460 527
528 41
65 529
530 497
531 68
532 362
533 236
534 7
535 158
132 536
537 506
174 538
539 277
201 540
385 541
542 508
157 543
544 240
545 83
546 114
198 547
80 548
417 549
248 550
551 516
81 552
553 169
554 107
555 302
556 107
557 329
558 13
559 540
560 311
239 561
229 562
3 563
426 564
322 565
321 566
567 165
568 449
569 555
570 438
571 197
251 572
43 573
574 478
575 494
327 576
399 577
578 475
389 579
132 580
317 581
582 416
101 583
584 463
585 158
586 501
587 556
588 194
589 547
409 590
79 591
592 108
227 593
594 530
204 595
596 562
597 575
598 153
599 74
448 600
601 203
602 499
603 65
604 92
180 605
355 606
607 56
562 608
609 601
610 254
110 611
392 612
591 613
344 614
615 508
181 616
617 106
618 6
619 256
403 620
425 621
622 248
623 68
624 309
110 625
626 348
627 244
628 611
428 629
630 607
87 631
632 61
633 424
189 634
635 382
636 506
637 455
638 31
456 639
224 640
641 196
622 642
83 643
644 621
398 645
19 646
510 647
395 648
204 649
650 143
651 581
48 652
653 293
654 58
339 655
656 193
14 657
658 140
551 659
660 3
661 128
420 662
495 663
664 260
665 6
666 29
667 486
668 394
669 12
670 367
671 575
672 414
553 673
674 259
91 675
676 183
677 292
606 678
461 679
355 680
681 214
682 237
683 20
684 548
445 685
400 686
77 687
688 450
559 689
690 105
691 665
529 692
123 693
2 694
370 695
326 696
697 276
281 698
699 229
419 700
701 236
702 585
703 436
704 1
93 705
706 162
475 707
708 637
210 709
63 710
77 711
602 712
182 713
412 714
715 28
273 716
717 175
718 432
423 719
46 720
525 721
697 722
723 345
164 724
668 725
653 726
727 205
728 364
692 729
730 24
195 731
67 732
434 733
734 21
735 286
736 716
737 164
738 289
739 646
740 702
741 468
356 742
743 15
66 744
232 745
746 79
383 747
194 748
749 268
750 407
751 696
38 752
163 753
754 446
499 755
756 233
107 757
758 278
444 759
760 255
579 761
503 762
763 386
49 764
765 454
766 587
767 116
141 768
769 410
407 770
300 771
772 577
641 773
774 27
775 759
105 776
777 184
684 778
779 330
118 780
772 781
782 303
783 649
784 564
163 785
786 215
674 787
788 399
138 789
790 598
791 630
792 468
232 793
295 794
795 750
796 363
797 673
798 24
799 742
125 800
801 242
802 423
486 803
256 804
805 708
648 806
462 807
808 387
327 809
810 300
811 134
812 304
758 813
497 814
303 815
816 535
275 817
818 540
819 91
163 820
821 644
340 822
32 823
430 824
825 29
826 804
60 827
828 125
829 623
321 830
831 389
732 832
833 783
41 834
835 214
836 261
272 837
838 472
839 512
792 840
841 467
842 581
843 596
844 246
845 265
846 424
203 847
848 738
849 687
17 850
851 412
852 462
775 853
854 520
855 714
856 788
857 305
858 10
481 859
355 860
530 861
290 862
356 863
864 328
865 773
866 685
362 867
738 868
869 151
817 870
871 332
872 423
121 873
245 874
875 852
876 705
459 877
628 878
879 567
880 269
808 881
651 882
883 703
844 884
885 225
886 861
887 780
888 796
702 889
75 890
170 891
892 182
893 119
178 894
895 37
896 349
349 897
898 360
899 211
900 91
564 901
853 902
583 903
143 904
69 905
906 200
907 608
639 908
898 909
410 910
911 765
551 912
525 913
290 914
915 431
916 360
38 917
918 717
264 919
920 537
921 693
514 922
923 628
816 924
120 925
926 146
927 15
928 715
929 290
930 773
931 635
154 932
933 517
423 934
935 776
936 18
937 501
244 938
939 56
940 439
666 941
258 942
943 277
944 317
400 945
946 809
115 947
510 948
949 63
950 456
951 314
952 462
547 953
954 393
955 791
956 621
894 957
958 165
959 289
492 960
584 961
346 962
826 963
892 964
965 3
470 966
967 7
631 968
969 154
262 970
971 599
739 972
823 973
974 101
975 954
976 293
406 977
978 671
979 119
373 980
331 981
982 79
315 983
984 318
492 985
538 986
987 402
988 191
221 989
990 679
202 991
754 992
993 476
994 330
995 315
996 975
997 62
575 998
999 173
1000 16
362 1001
1002 536
831 1003
458 1004
90 1005
1006 305
596 1007
1008 520
174 1009
523 1010
430 1011
1012 129
1013 585
1014 536
1015 960
1016 368
473 1017
1018 1008
1019 246
332 1020
1021 194
1018 1022
1023 332
693 1024
1025 264
1026 802
1027 233
724 1028
1029 463
604 1030
536 1031
4 1032
1033 971
115 1034
952 1035
1036 36
1037 886
1038 391
178 1039
495 1040
1033 1041
830 1042
735 1043
1044 275
911 1045
835 1046
639 1047
1048 207
582 1049
426 1050
1051 348
472 1052
83 1053
1054 74
1055 377
703 1056
1057 771
65 1058
1059 557
622 1060
1061 1011
1062 95
1063 494
1064 1058
1065 545
1066 799
152 1067
587 1068
1069 130
1070 538
218 1071
1072 150
1073 404
355 1074
383 1075
331 1076
501 1077
1078 907
1079 241
1080 603
876 1081
1052 1082
913 1083
686 1084
1085 264
1086 380
491 1087
1088 517
760 1089
1090 707
1091 498
1092 45
1093 762
1094 577
1095 395
1096 333
1097 852
998 1098
1099 780
931 1100
490 1101
127 1102
491 1103
810 1104
18 1105
1106 709
527 1107
90 1108
1109 1072
190 1110
783 1111
1112 1045
1113 23
940 1114
928 1115
26 1116
62 1117
1118 101
1106 1119
831 1120
1121 839
1076 1122
1123 84
1124 48
671 1125
1126 203
1127 1081
1128 200
189 1129
1041 1130
1131 944
824 1132
1081 1133
429 1134
1135 335
242 1136
1137 428
1138 433
265 1139
1037 1140
1141 291
1142 913
1143 455
479 1144
1043 1145
1146 664
1147 229
1148 692
1149 200
491 1150
1151 151
353 1152
482 1153
1154 1013
1155 664
768 1156
1157 776
340 1158
267 1159
1160 1131
708 1161
701 1162
132 1163
1164 448
199 1165
1166 225
175 1167
1024 1168
493 1169
1170 525
72 1171
335 1172
1027 1173
1174 923
1175 267
704 1176
1177 776
1178 557
665 1179
555 1180
539 1181
1141 1182
1183 237
263 1184
1185 1182
1186 311
630 1187
1188 356
1189 879
750 1190
1191 701
1192 1041
483 1193
1194 1147
3 1195
1196 93
568 1197
1198 1073
40 1199
536 1200
1201 314
1202 1058
1203 698
797 1204
1205 836
1206 257
1207 895
340 1208
1209 569
1210 159
1211 973
1147 1212
318 1213
1181 1214
1154 1215
1216 995
992 1217
779 1218
798 1219
405 1220
1221 938
572 1222
613 1223
387 1224
964 1225
502 1226
736 1227
324 1228
1229 674
184 1230
215 1231
12 1232
995 1233
283 1234
1235 766
52 1236
282 1237
1237 1238
1022 1239
1240 1095
906 1241
1242 519
1243 908
682 1244
1245 752
245 1246
1247 1092
788 1248
1249 829
1250 678
1251 1154
1252 609
1127 1253
1254 94
1030 1255
1256 497
1257 463
1258 698
1259 521
666 1260
1261 826
822 1262
1252 1263
1264 360
1265 711
914 1266
350 1267
1268 442
1269 319
1041 1270
190 1271
15 1272
235 1273
665 1274
487 1275
1276 351
1277 716
69 1278
1279 458
399 1280
687 1281
109 1282
856 1283
1284 461
1285 1182
239 1286
1287 40
723 1288
1289 238
26 1290
1291 472
1049 1292
588 1293
405 1294
894 1295
1296 9
1297 852
1298 961
601 1299
151 1300
1301 1029
1302 1145
1303 1262
615 1304
505 1305
1306 1180
1307 339
613 1308
1309 727
782 1310
1311 1188
963 1312
1290 1313
118 1314
540 1315
1316 1111
1060 1317
1318 901
1319 403
1320 970
1321 692
135 1322
1323 971
558 1324
1325 874
998 1326
784 1327
1328 74
1329 127
704 1330
349 1331
1332 880
1333 258
1334 798
1335 823
1336 1313
332 1337
1338 1212
1312 1339
805 1340
922 1341
1342 380
511 1343
638 1344
848 1345
497 1346
1280 1347
1348 1125
235 1349
21 1350
629 1351
1352 862
1353 50
1354 181
585 1355
713 1356
1357 1338
622 1358
418 1359
1360 1255
550 1361
399 1362
1363 507
442 1364
1365 1080
1273 1366
147 1367
421 1368
1369 1075
1370 977
1371 575
1372 894
493 1373
1374 683
232 1375
1065 1376
1245 1377
849 1378
1379 397
174 1380
1163 1381
1042 1382
459 1383
1384 1087
536 1385
1013 1386
1387 762
321 1388
908 1389
1390 965
582 1391
1392 163
1393 821
309 1394
936 1395
1396 1374
221 1397
1398 1245
1399 365
1400 194
1401 864
1290 1402
1403 203
1398 1404
1405 1257
1185 1406
158 1407
1408 210
1409 653
1410 1161
18 1411
1265 1412
137 1413
1414 473
712 1415
1416 459
1417 472
1418 948
1419 1157
1420 325
1421 968
1176 1422
1423 234
922 1424
440 1425
177 1426
282 1427
273 1428
798 1429
1056 1430
591 1431
1432 1322
1433 133
1296 1434
1435 1218
665 1436
1437 373
559 1438
1070 1439
852 1440
733 1441
1225 1442
1443 444
1444 1423
1379 1445
1446 204
1447 365
1448 692
1449 1039
1450 124
1451 1052
939 1452
722 1453
1274 1454
1141 1455
1456 1314
926 1457
945 1458
1459 911
773 1460
452 1461
1234 1462
1463 537
1464 179
273 1465
203 1466
353 1467
284 1468
1204 1469
1470 561
1471 247
679 1472
1473 1335
1474 1312
346 1475
1476 160
1477 407
1478 260
1479 1000
1480 1277
1304 1481
1482 585
1483 1460
1222 1484
45 1485
1486 470
675 1487
41 1488
1489 762
1490 1183
1315 1491
1492 1336
460 1493
541 1494
430 1495
973 1496
1497 134
14 1498
1499 632
476 1500
968 1501
1502 614
1413 1503
1203 1504
110 1505
1506 1379
1507 1363
479 1508
1509 1395
1179 1510
1511 434
1329 1512
1513 500
605 1514
901 1515
1516 1265
1400 1517
1518 440
895 1519
1520 250
1271 1521
873 1522
1523 1074
1524 204
1525 476
79 1526
1013 1527
803 1528
1303 1529
1530 806
1531 1296
1390 1532
1257 1533
672 1534
159 1535
1211 1536
720 1537
1373 1538
1539 122
1540 1040
1541 886
1218 1542
1543 22
1408 1544
1545 880
337 1546
450 1547
1548 315
1323 1549
1550 1070
1551 563
1025 1552
526 1553
1219 1554
1555 1473
1233 1556
1557 1510
250 1558
1559 626
1560 496
648 1561
382 1562
1563 676
478 1564
1565 363
1541 1566
1526 1567
1547 1568
1569 1071
1570 694
966 1571
1494 1572
1573 1441
1574 103
770 1575
938 1576
1074 1577
936 1578
806 1579
1580 919
621 1581
1582 577
1332 1583
1584 1396
1504 1585
1586 889
1587 1367
1588 1587
1339 1589
1590 1421
1591 431
1592 722
1593 886
1408 1594
1595 953
1596 846
1597 754
1490 1598
1599 163
504 1600
1601 225
1602 1292
1529 1603
802 1604
1340 1605
1606 793
653 1607
1063 1608
690 1609
1610 438
495 1611
1612 837
1613 1108
1307 1614
1615 1312
1616 407
1617 606
666 1618
1619 703
1620 494
1621 505
1622 237
1623 464
1210 1624
1625 1132
1561 1626
463 1627
1628 1428
439 1629
1630 1591
677 1631
1632 1550
1141 1633
1436 1634
1128 1635
702 1636
1637 330
1638 1551
912 1639
1040 1640
1121 1641
744 1642
1643 1406
95 1644
711 1645
1281 1646
121 1647
1648 1493
1649 969
1650 1035
566 1651
1652 1639
609 1653
1654 597
1354 1655
1656 1136
1657 713
693 1658
118 1659
1069 1660
356 1661
723 1662
1663 1177
1664 570
1298 1665
651 1666
1564 1667
1668 1455
1572 1669
23 1670
108 1671
1544 1672
1673 1062
679 1674
19 1675
1676 570
1527 1677
783 1678
462 1679
1209 1680
1681 1642
1167 1682
405 1683
1684 469
1685 201
327 1686
1687 1537
801 1688
631 1689
1690 912
530 1691
899 1692
47 1693
1694 500
570 1695
1696 1085
520 1697
1698 515
1699 540
76 1700
1303 1701
491 1702
1605 1703
246 1704
532 1705
1706 775
1 1707
1708 238
1709 1530
1439 1710
1711 1335
1230 1712
1713 789
865 1714
388 1715
1716 484
1169 1717
1356 1718
1348 1719
961 1720
1721 1511
1722 207
1535 1723
890 1724
103 1725
1481 1726
810 1727
1728 451
1623 1729
1270 1730
1731 899
1732 632
1733 1546
1177 1734
1447 1735
693 1736
1737 419
322 1738
1739 1191
1740 835
385 1741
1536 1742
1743 697
1744 975
1544 1745
1746 567
1747 1291
462 1748
1749 12
1750 979
1751 1621
1752 1606
1753 1017
1754 1231
1755 392
1756 411
638 1757
1758 497
107 1759
1760 1697
1144 1761
1762 1112
1347 1763
1764 744
984 1765
1766 952
1767 392
292 1768
1769 832
1770 1355
84 1771
1772 25
1773 908
1774 1244
1381 1775
1776 109
1777 1180
1778 778
1779 1289
1780 378
1781 357
1351 1782
1783 1296
1447 1784
1785 357
1636 1786
763 1787
526 1788
1789 152
1790 989
1791 481
1104 1792
1793 1608
1794 1587
1609 1795
1796 938
1673 1797
1798 308
867 1799
644 1800
1801 1129
1802 1083
1803 705
1804 37
782 1805
1490 1806
752 1807
250 1808
1809 982
231 1810
1811 230
351 1812
1813 1195
1814 537
589 1815
1383 1816
1594 1817
1818 909
633 1819
1593 1820
1821 250
1822 1432
1190 1823
135 1824
672 1825
1826 1422
1827 1234
1828 425
1829 993
623 1830
1554 1831
836 1832
1833 1291
1834 349
337 1835
1836 1214
1837 25
678 1838
1839 1588
1383 1840
1841 77
1842 1576
857 1843
881 1844
883 1845
1370 1846
1847 545
797 1848
231 1849
1850 1343
214 1851
190 1852
1136 1853
1290 1854
717 1855
1453 1856
1766 1857
1533 1858
858 1859
1860 1558
1102 1861
1862 1632
1863 809
1413 1864
1119 1865
377 1866
1867 1840
1868 876
1869 462
320 1870
123 1871
1409 1872
1873 1469
1545 1874
1875 945
1876 926
1066 1877
1769 1878
1433 1879
1880 417
6 1881
1882 1028
1883 1437
1884 1809
1885 6
1175 1886
1091 1887
343 1888
1889 970
1890 527
296 1891
1892 1304
1818 1893
1894 868
1895 1497
1518 1896
1897 1112
902 1898
1899 1327
1900 1824
1901 1513
1902 1659
638 1903
994 1904
1905 688
204 1906
373 1907
1908 890
1909 1443
1717 1910
750 1911
1912 828
1913 634
401 1914
416 1915
1916 33
1917 974
633 1918
1919 1888
1848 1920
1921 1652
1922 1692
1923 1455
203 1924
1279 1925
1393 1926
1750 1927
1097 1928
440 1929
573 1930
1836 1931
1321 1932
1933 719
1934 319
66 1935
1936 1309
1937 844
1938 1934
1535 1939
1787 1940
221 1941
1942 842
1943 1611
1944 316
1125 1945
1785 1946
352 1947
115 1948
1949 1204
346 1950
1645 1951
353 1952
1289 1953
1954 1527
1955 1784
302 1956
1957 751
1958 1095
201 1959
1960 1040
1961 329
1962 658
1963 1357
1964 1571
1965 1916
242 1966
299 1967
435 1968
1598 1969
1970 294
1112 1971
1972 1435
1896 1973
1882 1974
760 1975
1976 1366
1688 1977
1978 552
1579 1979
1980 599
58 1981
1982 1478
1672 1983
852 1984
33 1985
1986 1198
747 1987
1988 107
967 1989
1990 405
1991 290
1967 1992
1461 1993
1580 1994
1995 1275
237 1996
1997 1314
396 1998
1164 1999
2000 864
2001 75
1309 2002
2003 199
720 2004
2005 1066
2006 1763
2007 652
485 2008
1052 2009
2010 947
1259 2011
2012 585
342 2013
271 2014
340 2015
750 2016
2017 940
2018 1862
1836 2019
270 2020
2021 1104
613 2022
2023 2011
2024 1666
1850 2025
2026 1068
2027 1
1882 2028
600 2029
211 2030
1432 2031
1406 2032
36 2033
2034 763
641 2035
129 2036
2037 1740
1894 2038
2039 186
2040 756
1588 2041
2042 176
2043 1082
2044 229
2000 2045
2046 1129
626 2047
582 2048
422 2049
1111 2050
1107 2051
2052 1754
1426 2053
567 2054
1147 2055
2056 1116
2057 1856
2058 1202
460 2059
555 2060
2061 1939
2062 1215
748 2063
2064 1189
2065 1065
1129 2066
1353 2067
913 2068
1801 2069
2070 318
2071 1280
2072 337
2073 31
2074 857
2075 558
2076 56
2077 524
2078 1080
2079 306
2080 1084
1445 2081
2082 671
124 2083
678 2084
308 2085
2022 2086
495 2087
2088 947
1598 2089
2090 1690
2091 1861
967 2092
2093 1336
379 2094
1302 2095
2096 179
884 2097
2098 1400
512 2099
2100 1806
1910 2101
2102 663
2103 1421
2104 1262
643 2105
898 2106
1200 2107
2108 1427
1930 2109
2110 1933
2111 236
1031 2112
61 2113
2114 703
1071 2115
964 2116
165 2117
1162 2118
2119 457
2120 421
1687 2121
1201 2122
2123 677
2124 1752
2125 1384
450 2126
897 2127
1434 2128
407 2129
2130 2052
627 2131
2132 249
540 2133
1892 2134
1432 2135
2136 2112
171 2137
2138 1329
2139 627
1783 2140
1832 2141
2142 1153
1080 2143
2144 378
323 2145
2146 642
1419 2147
2148 1978
737 2149
538 2150
466 2151
2152 790
475 2153
1461 2154
1539 2155
2156 1332
1167 2157
98 2158
1158 2159
2160 1546
2161 1868
2162 299
599 2163
1557 2164
2165 180
1387 2166
1134 2167
2168 1549
166 2169
1093 2170
2075 2171
50 2172
856 2173
2174 1402
879 2175
2176 390
2177 660
2178 92
2179 1556
147 2180
2181 726
1621 2182
2183 2082
886 2184
2185 2148
1591 2186
2187 1542
2188 1052
2189 1035
1550 2190
594 2191
2192 427
2193 1165
2194 1903
2195 14
2196 1548
560 2197
2198 1580
2061 2199
464 2200
1110 2201
2202 1058
857 2203
2204 1401
2205 943
2206 117
1482 2207
2208 243
1792 2209
2210 2117
1228 2211
826 2212
2213 1336
2214 987
2215 1091
1192 2216
2217 139
73 2218
957 2219
2220 574
2221 1054
2222 558
481 2223
2224 2080
2225 1045
1968 2226
1133 2227
1845 2228
1694 2229
1797 2230
2231 1973
2232 1606
1653 2233
454 2234
848 2235
2236 261
2057 2237
1292 2238
2239 1808
2240 44
780 2241
2039 2242
229 2243
2244 390
2245 1102
2246 2124
2247 1750
2248 2064
322 2249
1751 2250
272 2251
1590 2252
311 2253
2214 2254
2255 314
2256 1464
1925 2257
978 2258
1973 2259
2260 1031
2261 704
465 2262
758 2263
147 2264
2265 1611
2266 1927
1430 2267
2268 2082
1055 2269
2270 1333
2271 1646
2272 643
1381 2273
820 2274
521 2275
2019 2276
2277 727
296 2278
308 2279
2280 391
2281 1552
2282 1381
1644 2283
565 2284
2285 37
184 2286
2287 1544
2288 1161
1833 2289
2290 987
2031 2291
2292 1357
757 2293
2294 1524
2295 2127
1752 2296
2297 1618
1168 2298
1296 2299
664 2300
2301 2056
325 2302
1551 2303
2108 2304
2097 2305
1242 2306
12 2307
1791 2308
294 2309
2246 2310
2311 1832
2312 530
87 2313
633 2314
1634 2315
2316 1116
2317 361
200 2318
2319 26
2320 2208
2321 350
2322 900
2323 1435
978 2324
1921 2325
1238 2326
941 2327
1509 2328
2197 2329
447 2330
1055 2331
2213 2332
2333 352
1025 2334
1868 2335
2336 1151
2036 2337
2338 39
2339 1496
990 2340
2341 1312
1173 2342
521 2343
44 2344
1450 2345
26 2346
2347 1935
2348 1562
2349 1925
2350 1411
2351 1477
2352 1401
2353 2256
2354 592
2355 2286
1834 2356
2357 665
1978 2358
2359 1644
155 2360
2361 1923
2362 2160
2363 1875
1179 2364
562 2365
2366 942
2367 16
2368 2140
2023 2369
2370 899
1090 2371
1072 2372
2373 375
2374 1196
603 2375
2297 2376
1004 2377
1517 2378
2035 2379
1008 2380
5 2381
2382 792
1199 2383
522 2384
2385 1352
1963 2386
2387 11
2388 153
2389 1609
2250 2390
2391 1149
217 2392
2393 406
2394 51
2395 1566
1775 2396
291 2397
2016 2398
1179 2399
1084 2400
2401 53
431 2402
2166 2403
2404 1640
2405 385
2017 2406
649 2407
2408 544
2113 2409
591 2410
380 2411
2412 1809
2000 2413
2414 274
173 2415
2416 1821
2417 1819
2418 517
2393 2419
135 2420
763 2421
2422 1600
57 2423
221 2424
1980 2425
1919 2426
594 2427
2428 564
2429 2396
1668 2430
1691 2431
2432 1938
1478 2433
2434 1961
2430 2435
2436 1938
2437 738
6 2438
2427 2439
2440 1539
154 2441
2442 1081
1208 2443
2444 1969
2445 1534
2446 1859
2447 348
1755 2448
2449 331
618 2450
2310 2451
2164 2452
376 2453
2028 2454
2455 308
1095 2456
1501 2457
2458 353
2459 2162
2460 878
1542 2461
560 2462
698 2463
93 2464
1368 2465
2466 22
1138 2467
2468 829
1093 2469
2470 1178
2471 2409
2472 1375
2473 1435
1074 2474
1508 2475
2476 493
2477 998
1396 2478
2479 2116
183 2480
1325 2481
66 2482
2483 1138
2347 2484
1467 2485
2363 2486
531 2487
1117 2488
1815 2489
1509 2490
2491 596
2492 2155
2493 1859
2494 1785
501 2495
2496 2260
2319 2497
236 2498
2499 667
2500 1227
431 2501
228 2502
2503 2281
819 2504
2505 450
2506 1796
2507 1079
2508 701
1004 2509
1866 2510
1733 2511
496 2512
1079 2513
378 2514
2271 2515
2516 1174
2517 1266
1513 2518
2223 2519
2474 2520
1228 2521
2522 2048
2523 1160
2524 683
2525 982
1905 2526
544 2527
2528 480
902 2529
2453 2530
2531 2440
928 2532
2533 579
2534 1376
2535 829
1524 2536
2537 1011
2538 2269
193 2539
2162 2540
1607 2541
2542 2066
208 2543
2544 374
2545 1821
2546 95
139 2547
2548 1804
2098 2549
2550 1877
884 2551
995 2552
2553 2304
2554 2196
2555 332
881 2556
2397 2557
2558 1300
1679 2559
1184 2560
2561 2028
2562 965
2563 1462
1313 2564
2565 1586
2288 2566
1391 2567
2461 2568
2569 1286
2570 2319
2571 2100
1690 2572
2573 1940
2174 2574
29 2575
2576 378
2232 2577
1965 2578
2579 138
2580 148
2581 1398
462 2582
2041 2583
2584 127
2585 616
2586 518
2587 21
2588 1620
592 2589
2590 21
2591 1771
1731 2592
866 2593
2594 2231
2595 740
2596 2272
2597 2581
513 2598
11 2599
2567 2600
2290 2601
2602 252
2603 2070
2604 20
1989 2605
2606 906
2588 2607
2608 830
2161 2609
2399 2610
1926 2611
29 2612
2613 739
2614 991
2615 1730
2616 474
1717 2617
2401 2618
2045 2619
2620 1549
2621 1085
1691 2622
1934 2623
2624 1473
2625 677
1342 2626
647 2627
2063 2628
2629 1274
2630 1163
877 2631
2632 2466
455 2633
366 2634
2635 2130
2636 1560
2368 2637
1188 2638
2639 2047
924 2640
2641 1069
1102 2642
2643 1009
2644 816
855 2645
2646 1430
2647 109
2648 1442
24 2649
2650 188
1711 2651
1354 2652
2653 2610
2654 1637
2655 1364
2656 1357
352 2657
2658 1594
2659 137
2385 2660
106 2661
2662 603
2165 2663
1112 2664
2564 2665
2666 541
1866 2667
2668 145
2669 134
2670 1666
2671 742
2672 2089
109 2673
2387 2674
1655 2675
2676 977
2530 2677
1202 2678
2679 774
244 2680
2681 270
184 2682
2683 2169
2684 1752
2685 212
1066 2686
2687 1287
1973 2688
1300 2689
2690 696
2691 1605
1146 2692
2014 2693
2694 247
2695 2373
1991 2696
675 2697
974 2698
2699 532
2700 1511
502 2701
1226 2702
2703 2435
2704 927
588 2705
1507 2706
2707 2055
2708 1266
734 2709
2710 1302
2711 2412
2712 2622
2713 1613
917 2714
2715 35
2716 679
2717 2147
2718 665
2719 2391
2720 2055
206 2721
2722 1722
861 2723
2724 675
2330 2725
2726 1477
2727 2400
2728 1414
2519 2729
2730 2419
2244 2731
2732 2528
316 2733
2734 1629
1500 2735
2127 2736
2737 1382
2738 71
2739 2473
2740 2392
2741 1366
2549 2742
399 2743
80 2744
2745 1392
2277 2746
2747 1382
1130 2748
2263 2749
2750 2008
2751 1611
1708 2752
2753 982
2754 1673
2755 85
522 2756
2757 1757
1421 2758
2759 517
2760 827
735 2761
2287 2762
2763 736
571 2764
407 2765
2766 1723
2767 1268
1664 2768
1318 2769
1772 2770
2 2771
2772 2738
2442 2773
2774 1703
2775 1466
2312 2776
2777 1950
1285 2778
963 2779
2780 2658
1215 2781
2782 2034
709 2783
1821 2784
2404 2785
304 2786
2787 1692
2788 2702
2789 2451
209 2790
1448 2791
2792 280
2793 814
226 2794
2795 324
267 2796
1256 2797
2798 1775
1617 2799
288 2800
2012 2801
2802 968
2803 1996
2169 2804
1425 2805
2806 2294
2807 1746
884 2808
2809 1010
2810 757
2811 571
1444 2812
2616 2813
1133 2814
1776 2815
2137 2816
2817 1731
2818 141
2819 2484
360 2820
2821 2442
2822 2301
1983 2823
727 2824
1557 2825
2044 2826
7 2827
2828 1991
2068 2829
2830 2173
2831 2555
1125 2832
2833 1963
2482 2834
738 2835
676 2836
1618 2837
2305 2838
2839 508
2840 915
2841 2448
2842 863
2662 2843
2844 1201
2306 2845
2846 2181
2847 1467
2848 2397
1458 2849
2850 1037
1499 2851
2852 1035
2853 2133
2854 80
399 2855
2856 2160
2857 2712
2858 1878
2859 2441
408 2860
2861 2823
2534 2862
1960 2863
1726 2864
2403 2865
2866 190
2867 2159
66 2868
2869 1620
2870 2622
2871 2005
144 2872
652 2873
2874 807
100 2875
1212 2876
2877 2692
2878 435
2879 2427
2880 910
524 2881
2882 2246
2883 1056
2884 24
2885 181
1610 2886
269 2887
1673 2888
1718 2889
2890 574
1419 2891
2774 2892
386 2893
268 2894
2895 415
2896 1762
1652 2897
1524 2898
2899 2514
1574 2900
1401 2901
2902 2278
2903 2430
642 2904
2905 2189
2906 2647
2332 2907
2908 1471
1595 2909
865 2910
2911 1710
1191 2912
2622 2913
2914 41
1211 2915
2916 704
2917 399
312 2918
2919 2372
1711 2920
2921 2824
99 2922
2923 867
2924 757
1647 2925
2926 530
2927 2705
1263 2928
2929 649
2930 573
2931 657
723 2932
2933 581
630 2934
2935 1034
2936 303
2937 2929
2595 2938
2939 1635
522 2940
2941 2762
1065 2942
1298 2943
2944 2509
2945 577
2946 1199
692 2947
1798 2948
2949 928
2602 2950
2951 2415
2949 2952
2953 1140
646 2954
2955 260
2289 2956
2208 2957
2958 545
2342 2959
2960 1579
2961 2295
2962 2481
1170 2963
2964 976
2965 1069
2748 2966
2967 2482
867 2968
1390 2969
2970 78
2971 2487
2972 2788
2842 2973
2430 2974
2628 2975
2976 95
2977 2239
1653 2978
55 2979
1549 2980
2981 157
2982 2645
1888 2983
2984 949
2985 1741
1586 2986
2451 2987
1377 2988
1909 2989
251 2990
2991 2838
1581 2992
1422 2993
1911 2994
2033 2995
2617 2996
2997 766
1864 2998
2999 286
2931 3000
3001 1440
3002 2697
40 3003
384 3004
288 3005
3006 1540
3007 182
502 3008
1038 3009
3010 1930
2537 3011
2245 3012
3013 695
923 3014
3015 417
3016 1474
3017 1219
1754 3018
3019 2460
2466 3020
3021 1213
3022 2624
3023 92
1421 3024
3025 1488
2874 3026
3027 934
1698 3028
2050 3029
3030 2262
1218 3031
1892 3032
3033 1258
2918 3034
3035 2019
46 3036
1993 3037
3038 524
3039 2596
3040 1865
2988 3041
343 3042
3043 1505
884 3044
3045 709
3046 185
1556 3047
3048 2369
3049 1706
2967 3050
2200 3051
683 3052
3053 1051
2143 3054
3055 1070
3056 342
3057 2844
747 3058
3059 2561
1333 3060
1328 3061
1388 3062
3063 517
1396 3064
902 3065
604 3066
706 3067
3068 322
3069 1811
3070 3046
1697 3071
827 3072
82 3073
2372 3074
2617 3075
3076 1360
3077 1202
2560 3078
3079 1942
2111 3080
3081 1428
3082 1456
3083 932
2923 3084
1643 3085
3086 296
3002 3087
3088 1035
916 3089
3090 996
3091 612
3092 1997
3093 417
3094 472
3095 1770
839 3096
3097 2491
1111 3098
3099 2150
754 3100
2760 3101
3102 974
1508 3103
2999 3104
3105 1346
3106 2086
3107 2533
2894 3108
3109 1325
3110 2399
409 3111
551 3112
3113 1829
3114 676
3115 2432
504 3116
341 3117
3118 2537
3119 1142
3120 3116
449 3121
3122 1711
2482 3123
3124 2570
3125 404
3126 396
2671 3127
2692 3128
3129 2914
1245 3130
2271 3131
1918 3132
200 3133
1460 3134
3135 941
3136 958
152 3137
3138 730
3139 1391
2752 3140
2780 3141
10 3142
3143 2759
3144 760
2521 3145
3040 3146
2476 3147
3148 508
3149 1527
2243 3150
1102 3151
3152 981
3153 1026
1936 3154
2054 3155
1543 3156
649 3157
3158 703
2223 3159
3160 2430
943 3161
3162 658
3163 572
3164 493
2811 3165
3166 806
2993 3167
197 3168
3169 1558
3170 1016
3171 2575
2501 3172
165 3173
3021 3174
3175 2651
1361 3176
506 3177
3178 2271
3179 1288
3180 675
3181 996
2170 3182
3035 3183
2033 3184
3185 2973
981 3186
3114 3187
1460 3188
3189 321
2533 3190
3185 3191
1589 3192
2120 3193
1351 3194
2276 3195
3196 1204
3197 229
3198 1742
2209 3199
1268 3200
3201 1984
306 3202
2387 3203
3204 221
1163 3205
3206 1002
3207 2991
2822 3208
89 3209
744 3210
2563 3211
3212 1730
2599 3213
2905 3214
2319 3215
1074 3216
3217 1117
2340 3218
2193 3219
2079 3220
3221 2627
3222 2292
291 3223
3224 2326
84 3225
3226 274
2709 3227
3228 2369
3229 3036
1623 3230
3231 2536
3232 1832
3233 1702
2249 3234
3000 3235
1377 3236
1576 3237
926 3238
1450 3239
1548 3240
3191 3241
1722 3242
3243 2325
373 3244
3245 2721
2787 3246
3247 680
346 3248
145 3249
2731 3250
1611 3251
3252 2079
3 3253
3254 76
294 3255
3256 3160
676 3257
3060 3258
3259 1592
3260 1615
2796 3261
3262 2122
3224 3263
2060 3264
1645 3265
961 3266
1057 3267
280 3268
949 3269
3270 293
3271 381
3272 1891
3273 2263
3274 1322
1789 3275
795 3276
2758 3277
3278 3001
2608 3279
3280 582
1955 3281
55 3282
3283 3200
3284 2564
2486 3285
3286 1629
3287 2925
3288 1561
765 3289
896 3290
52 3291
1124 3292
861 3293
1668 3294
3295 332
3296 1248
269 3297
3298 1909
3299 416
2616 3300
3301 2486
3302 3267
3303 2630
3304 1058
1484 3305
2772 3306
3307 669
3308 3196
1935 3309
3310 2832
1553 3311
3312 246
755 3313
3212 3314
3315 3078
1637 3316
3317 1954
3318 667
1597 3319
3320 2741
3321 2070
2619 3322
3323 1069
935 3324
3325 2087
2053 3326
1930 3327
3328 3265
3329 1560
3330 249
2049 3331
3332 181
3333 1323
2275 3334
3335 2338
3336 2086
3337 1821
2376 3338
3339 1757
1363 3340
3341 376
3342 2765
220 3343
3344 2130
1217 3345
631 3346
3347 3328
3348 3182
3349 2131
343 3350
1734 3351
3352 2515
2214 3353
1146 3354
3355 208
3356 2570
3357 2888
3358 1024
3359 2454
3360 2370
3361 1799
1944 3362
2490 3363
3364 2042
3365 2351
2911 3366
3367 364
2280 3368
2058 3369
3370 3315
3371 3085
1029 3372
3100 3373
3374 3179
455 3375
3376 1782
3377 304
3378 2465
300 3379
3380 1790
3381 843
3382 2961
1829 3383
3384 2447
3385 2612
3386 3242
1075 3387
3388 315
285 3389
1805 3390
2591 3391
3392 972
3393 2258
2816 3394
3395 943
197 3396
1648 3397
3398 1261
3399 1476
3400 3296
3213 3401
1486 3402
2185 3403
410 3404
1067 3405
529 3406
2010 3407
3408 262
3409 90
735 3410
3411 2442
2152 3412
3413 96
3414 2575
1579 3415
3102 3416
3417 632
3418 2776
3419 437
1562 3420
3421 760
1995 3422
2732 3423
3424 2449
1426 3425
2455 3426
325 3427
2800 3428
331 3429
1032 3430
3319 3431
3432 1047
2190 3433
373 3434
3435 2713
3436 387
3431 3437
3438 2054
3093 3439
901 3440
3441 511
3442 1523
3443 1071
2028 3444
3445 1669
2153 3446
3165 3447
3448 3311
3128 3449
1604 3450
3451 1352
1525 3452
2397 3453
1252 3454
3455 55
184 3456
3457 2028
3458 1111
981 3459
3460 1892
3461 355
2584 3462
3463 482
938 3464
3465 2437
3466 2100
3467 164
1326 3468
2117 3469
3470 2036
1255 3471
2262 3472
3473 3360
3474 1153
303 3475
559 3476
2078 3477
3478 423
2685 3479
1069 3480
2867 3481
841 3482
3483 2073
58 3484
832 3485
2287 3486
2613 3487
2360 3488
3460 3489
3484 3490
3491 576
3492 2228
1688 3493
482 3494
3495 2835
3496 1095
3497 874
3113 3498
2068 3499
3500 1190
1021 3501
2713 3502
2754 3503
2659 3504
3505 3148
3506 317
3507 446
2409 3508
3509 2974
3510 49
607 3511
3512 1384
3513 1970
3514 470
3515 2567
3516 956
3517 2627
3518 3430
3519 1326
3520 3069
3505 3521
3522 1714
3523 148
539 3524
465 3525
3526 969
2933 3527
663 3528
2465 3529
1496 3530
206 3531
3002 3532
3533 568
1974 3534
3535 3223
3536 1882
3480 3537
944 3538
3539 3517
3540 1883
3325 3541
2281 3542
1526 3543
3129 3544
1798 3545
2622 3546
3547 626
253 3548
1251 3549
3550 2602
3019 3551
233 3552
3553 452
961 3554
3555 621
3556 2089
630 3557
23 3558
3559 739
3560 1535
3561 2382
3562 2016
3563 2673
2960 3564
3565 1225
3566 1273
3116 3567
3568 1039
1497 3569
12 3570
1477 3571
1428 3572
3573 975
3574 2263
3575 2387
1640 3576
3577 595
217 3578
3579 1241
3580 2616
3581 2394
2403 3582
128 3583
3584 585
3585 1251
3586 2200
2824 3587
3588 1839
2427 3589
3590 1329
3472 3591
468 3592
3012 3593
3594 1092
3595 671
1579 3596
3597 1090
3598 121
3599 1686
3476 3600
3577 3601
3602 3036
2764 3603
2345 3604
885 3605
1340 3606
203 3607
3608 2627
3609 856
1803 3610
1584 3611
170 3612
3613 2625
3261 3614
788 3615
1850 3616
3617 465
3618 2818
1918 3619
432 3620
1037 3621
3622 2818
3623 55
3624 2218
3453 3625
3626 1766
3627 926
3628 116
2085 3629
2541 3630
2398 3631
3632 199
1180 3633
3182 3634
1981 3635
3636 1648
3637 2047
2445 3638
3639 3326
1422 3640
1046 3641
3642 40
1852 3643
3644 2301
2792 3645
3618 3646
1995 3647
3648 2354
3649 2750
1014 3650
3651 3063
3652 658
3653 1524
3654 841
449 3655
1317 3656
584 3657
3571 3658
3659 741
1114 3660
453 3661
3662 3253
2417 3663
3398 3664
3665 223
3666 809
3667 765
3584 3668
56 3669
1235 3670
3671 342
3672 403
257 3673
860 3674
3675 1138
2615 3676
3677 309
3678 3237
3679 3039
3680 781
3681 2682
3682 846
3683 303
3684 2109
2027 3685
3686 2455
2734 3687
2394 3688
1914 3689
2695 3690
3691 1664
3692 534
3693 571
3694 1427
3695 2657
263 3696
3697 3188
3698 3461
3699 2826
3700 505
1343 3701
171 3702
1978 3703
2915 3704
2038 3705
2929 3706
3707 492
3708 121
1636 3709
3710 3166
356 3711
3712 1344
2851 3713
3714 3271
3715 2951
1721 3716
2820 3717
2464 3718
3719 3280
3720 2063
318 3721
3722 2686
1633 3723
3724 3297
495 3725
3726 2269
3727 612
3728 2797
3729 2790
3730 849
3731 753
752 3732
3733 2091
2707 3734
2326 3735
3736 2421
2431 3737
2660 3738
3739 2798
3740 3104
3657 3741
1978 3742
2570 3743
2792 3744
264 3745
3746 1111
3747 2522
3748 1802
3749 728
3750 3348
3751 2620
3752 1006
3472 3753
3754 2509
3755 1761
3756 968
2143 3757
3758 2044
290 3759
3760 2710
3761 797
3762 2550
3763 2179
3764 2162
778 3765
379 3766
3689 3767
379 3768
3769 3006
1194 3770
3771 684
2256 3772
3773 366
805 3774
3775 3021
3776 69
3777 1608
3778 331
3779 1974
1587 3780
1756 3781
1621 3782
1286 3783
1533 3784
3785 1674
1900 3786
2593 3787
3788 721
3789 709
1955 3790
1239 3791
728 3792
3793 2615
2279 3794
3795 4
600 3796
3797 551
1836 3798
2517 3799
3800 175
1655 3801
3068 3802
3803 226
3804 3224
3313 3805
3806 3280
2835 3807
3808 70
3809 2709
1871 3810
3811 937
3812 366
3813 3611
3814 1062
3064 3815
3816 2614
3817 3273
3818 3735
3819 3377
2342 3820
1933 3821
3822 426
3193 3823
3613 3824
3825 3052
3560 3826
3067 3827
3828 1747
3337 3829
560 3830
1247 3831
3797 3832
3833 1461
2550 3834
3835 1246
596 3836
3837 1953
3838 3211
2495 3839
3840 1791
3841 1490
3842 2577
3843 1268
3844 680
3845 1898
3846 1595
3638 3847
2701 3848
2070 3849
578 3850
2226 3851
3852 1890
3853 1515
3854 2638
3855 2051
3856 2356
3857 219
3858 2345
3067 3859
226 3860
2874 3861
2511 3862
3863 910
94 3864
3865 649
3866 2414
1671 3867
3868 2355
3869 1681
3870 3186
3092 3871
3872 3566
3761 3873
3874 1782
2328 3875
3876 1614
3877 2049
3496 3878
3879 2375
3880 3594
769 3881
1470 3882
2987 3883
3884 543
3885 286
3886 120
1308 3887
3888 602
3889 367
3691 3890
3891 3612
2375 3892
1019 3893
3894 1176
2917 3895
3896 207
1565 3897
1254 3898
3114 3899
1298 3900
3901 3426
3902 1812
3519 3903
3904 732
3653 3905
3434 3906
1597 3907
3908 2814
3909 3755
3910 3789
3911 2457
1128 3912
3913 877
761 3914
1253 3915
3916 2144
3807 3917
3862 3918
3696 3919
3658 3920
3591 3921
3922 3919
3467 3923
3924 154
3925 1675
3926 1377
3927 802
656 3928
3929 2897
58 3930
3931 671
1467 3932
827 3933
3064 3934
3935 1520
2432 3936
112 3937
783 3938
2068 3939
2366 3940
3001 3941
1265 3942
2531 3943
3944 443
947 3945
2617 3946
393 3947
3948 563
1095 3949
856 3950
1922 3951
3952 2939
635 3953
973 3954
3955 1847
2654 3956
3957 1175
3958 29
2841 3959
3685 3960
3961 3273
313 3962
3963 98
3964 1111
3965 2978
3966 3785
2154 3967
1434 3968
1776 3969
523 3970
3971 397
3972 269
3973 2851
353 3974
3975 1325
2224 3976
1348 3977
2549 3978
3979 1420
3980 2037
3981 3468
2801 3982
3983 680
3984 2958
3985 820
3810 3986
3987 758
3678 3988
3989 3169
3990 2275
3338 3991
3992 2365
3702 3993
3994 2107
1199 3995
1498 3996
3997 2816
3357 3998
3999 1997
1637 4000
1694 4001
847 4002
2389 4003
767 4004
3261 4005
876 4006
4007 1427
1803 4008
4009 3259
4010 146
4011 1597
1651 4012
4013 2072
4014 1374
1594 4015
2883 4016
1588 4017
844 4018
1253 4019
4020 3296
4021 833
4022 2214
4021 4023
4024 1860
346 4025
4026 1256
4027 3578
1527 4028
1590 4029
4030 278
4031 3418
2167 4032
3977 4033
1072 4034
4035 1478
3999 4036
2294 4037
4038 805
1386 4039
4035 4040
1208 4041
4042 174
4043 1090
4044 1925
327 4045
4046 1062
1025 4047
4048 2465
4049 1949
4050 346
1847 4051
4052 421
2520 4053
492 4054
4055 1081
610 4056
4057 1141
4058 1312
4059 3893
116 4060
4061 1555
3082 4062
1105 4063
3958 4064
1423 4065
4066 2165
3282 4067
350 4068
3846 4069
4070 2568
4071 1028
4072 3286
2975 4073
4074 3085
2076 4075
3405 4076
580 4077
4078 3855
2038 4079
4080 9
3636 4081
308 4082
4083 620
4084 520
4085 2487
2940 4086
2440 4087
762 4088
4089 2859
1310 4090
3761 4091
3893 4092
487 4093
4094 1477
4 4095
4096 4
2288 4097
3963 4098
2761 4099
1657 4100
4101 2533
4102 1158
3176 4103
4104 3064
4105 1828
3897 4106
3970 4107
1774 4108
4109 687
2359 4110
3556 4111
4112 1250
4113 3200
4114 1596
2500 4115
1853 4116
4117 3508
3683 4118
1469 4119
4120 342
4121 226
4122 2427
4123 1561
4124 2819
3025 4125
3332 4126
4127 3738
4128 148
4129 3917
4130 3234
4131 1199
3220 4132
4133 2009
4134 2586
1530 4135
4136 2499
4137 2555
1549 4138
2886 4139
4140 2085
4141 4127
4142 1866
4143 3308
2409 4144
4145 462
791 4146
4147 2653
3875 4148
4149 66
279 4150
2621 4151
4152 1272
4153 554
4154 2366
1590 4155
931 4156
4157 3041
4158 2721
1710 4159
4160 4058
2196 4161
1361 4162
4163 1874
2471 4164
2698 4165
4166 3589
4167 767
2359 4168
4169 902
3821 4170
4171 506
666 4172
3364 4173
950 4174
4085 4175
4176 2925
13 4177
4178 3825
734 4179
2709 4180
2220 4181
2838 4182
621 4183
4184 659
4185 3184
4186 3550
4187 2472
4188 2484
4189 1887
4190 3431
4191 3044
463 4192
4193 2010
657 4194
3601 4195
4196 1506
4197 2054
2623 4198
4199 2403
4200 3010
4201 3884
4202 3721
2323 4203
732 4204
4205 3195
1080 4206
4028 4207
3682 4208
4209 2163
2309 4210
1832 4211
3175 4212
2323 4213
2941 4214
4215 3916
4216 1847
4217 1797
4218 2146
4219 406
4220 1846
4221 2867
2035 4222
4223 432
4224 359
4225 681
4226 1865
3908 4227
4228 2343
857 4229
2063 4230
4231 2989
4232 3630
4233 3092
696 4234
4235 2760
4236 2376
4237 1113
1201 4238
2102 4239
786 4240
4241 1606
4242 3128
3510 4243
3177 4244
1210 4245
4246 3783
630 4247
3759 4248
4249 1092
4250 3779
4251 1930
4252 3948
4253 2173
1877 4254
4255 3166
1333 4256
839 4257
4258 448
4259 995
4260 1464
4261 1481
30 4262
4263 4099
4264 2921
4265 2590
251 4266
1430 4267
4268 3144
3617 4269
4 4270
4271 895
4272 421
1162 4273
4274 1470
4275 910
4215 4276
4059 4277
2383 4278
1593 4279
4280 568
2422 4281
626 4282
4283 3054
1383 4284
4285 3029
165 4286
3628 4287
3194 4288
4289 1127
4290 2557
4291 3132
4292 3208
4293 3456
4294 3854
3045 4295
694 4296
4297 4138
4298 1744
172 4299
779 4300
4301 250
451 4302
4303 2161
4304 645
4305 4099
4306 2474
4307 1031
4308 3309
4309 151
4310 3073
254 4311
3677 4312
4313 3140
4190 4314
348 4315
4316 4164
3533 4317
4318 4158
2225 4319
3820 4320
2343 4321
4322 827
4323 1607
4312 4324
4325 3242
604 4326
4327 542
4328 1196
37 4329
4330 2065
1228 4331
4332 1232
3041 4333
4334 289
326 4335
40 4336
3899 4337
4338 3864
3936 4339
4340 2463
4341 590
4342 3112
3379 4343
2549 4344
4345 3755
4346 813
1111 4347
4348 1982
4349 1272
1605 4350
4351 2183
4352 901
4353 3643
4048 4354
4355 4274
3244 4356
2778 4357
622 4358
1063 4359
3085 4360
1258 4361
4362 2392
4363 1115
4364 2642
4365 475
4366 4361
4367 4160
4276 4368
4269 4369
2166 4370
4371 674
4372 2856
3048 4373
4374 4369
4375 2663
3213 4376
411 4377
477 4378
2565 4379
4380 1558
1106 4381
4382 3119
393 4383
882 4384
2836 4385
2034 4386
4387 199
2111 4388
3410 4389
3163 4390
4391 1675
4108 4392
4393 3879
4394 2983
4395 3090
4396 243
323 4397
4398 1314
4399 1008
3107 4400
4401 2462
4402 3880
4403 525
4404 1316
1569 4405
3293 4406
4407 2363
3289 4408
4409 718
4410 3573
4411 4271
4412 216
4413 3768
4414 3774
4415 2726
2253 4416
4417 4165
68 4418
748 4419
165 4420
4421 1061
3633 4422
3220 4423
4424 2661
3840 4425
4426 358
4044 4427
4428 4286
4429 249
4430 4389
3247 4431
745 4432
4433 3952
1976 4434
4435 1006
4436 2945
4437 450
4438 3256
4439 2564
376 4440
586 4441
3427 4442
686 4443
4444 3947
1725 4445
4446 2186
4447 2858
4448 3976
2006 4449
4450 3099
2195 4451
2291 4452
4453 2199
4454 2720
2563 4455
4044 4456
2173 4457
4458 601
2378 4459
4460 397
4461 3
1602 4462
4463 1635
2784 4464
4465 3250
4466 2693
4467 4181
897 4468
120 4469
2154 4470
1600 4471
4472 268
4473 1299
4474 2561
1617 4475
4476 2878
4477 202
3017 4478
2566 4479
1046 4480
4481 3226
1471 4482
4483 2530
3507 4484
1293 4485
4486 2239
4487 3494
2011 4488
4489 2895
4490 1589
4491 3615
2229 4492
3816 4493
3786 4494
4291 4495
4496 291
1824 4497
3747 4498
4499 2959
4500 3573
4501 1283
3938 4502
4381 4503
1735 4504
4505 518
11 4506
1774 4507
2737 4508
4509 2408
2304 4510
1733 4511
4512 935
4513 952
3515 4514
4515 2894
797 4516
475 4517
294 4518
2950 4519
3815 4520
871 4521
1021 4522
4523 3628
325 4524
4525 3642
135 4526
4527 4073
1513 4528
2647 4529
4530 1499
4435 4531
2859 4532
4533 1547
4534 4364
3494 4535
4536 412
471 4537
673 4538
4539 2176
4540 1862
2370 4541
4542 1699
3907 4543
1834 4544
675 4545
4546 229
4547 4221
3275 4548
4549 2023
4373 4550
1258 4551
4552 499
4553 486
3156 4554
4555 4040
4556 3513
3665 4557
4376 4558
1787 4559
51 4560
658 4561
4562 3513
4563 3273
1512 4564
517 4565
4538 4566
3551 4567
28 4568
4569 3791
2425 4570
4571 3534
4572 3039
2874 4573
2937 4574
4575 3
4576 591
4460 4577
1269 4578
4579 1611
4580 3918
4581 3786
4582 1955
3070 4583
2217 4584
4585 2494
4586 1313
4587 386
4588 864
4589 963
4303 4590
4591 3915
822 4592
1093 4593
4394 4594
4595 339
4596 1405
4597 2287
4038 4598
2586 4599
1384 4600
4601 215
1075 4602
2510 4603
4604 4449
675 4605
780 4606
4399 4607
2032 4608
4609 2423
2917 4610
1194 4611
4612 2002
1073 4613
4614 4566
2798 4615
3690 4616
4617 404
4618 2096
38 4619
2112 4620
218 4621
239 4622
3351 4623
4624 3868
1454 4625
1081 4626
4627 2700
4107 4628
4629 1586
2070 4630
3745 4631
1848 4632
4279 4633
3925 4634
4635 4392
913 4636
4637 4629
2877 4638
4639 1945
4640 381
3381 4641
4642 339
4643 3594
830 4644
4332 4645
3503 4646
2327 4647
4648 3409
4649 2583
2548 4650
4651 1720
3419 4652
4653 4155
3100 4654
3039 4655
4656 3849
4657 1820
3751 4658
4659 3738
1175 4660
60 4661
2777 4662
4663 3385
3228 4664
4665 2116
4666 3529
4667 2870
4668 3744
4669 85
4670 3597
247 4671
4672 2658
2080 4673
2818 4674
4675 4150
3031 4676
4677 2380
4678 2281
2082 4679
1656 4680
1141 4681
4682 434
924 4683
4684 210
4685 424
3294 4686
3550 4687
4688 1458
4396 4689
2704 4690
4197 4691
4692 462
286 4693
4694 2672
4695 879
4696 925
4697 252
4698 2495
4699 3708
681 4700
516 4701
4281 4702
2331 4703
2566 4704
3766 4705
4706 2766
4707 3530
4708 1094
4483 4709
4710 576
561 4711
2004 4712
4713 1185
4714 1762
4715 3077
4716 532
2045 4717
1675 4718
4582 4719
1003 4720
4721 573
1273 4722
3141 4723
4724 6
4725 3081
1022 4726
3713 4727
4728 1204
4729 727
4730 181
4731 192
4732 3134
4733 3503
4734 3478
3002 4735
4736 3440
1530 4737
2735 4738
3077 4739
3624 4740
4741 600
971 4742
2669 4743
4744 638
4745 569
4122 4746
4747 4236
4092 4748
2675 4749
2981 4750
14 4751
4752 1055
2153 4753
1647 4754
4755 1838
4756 4635
4757 1789
4758 1690
4759 4386
2409 4760
4761 1751
2346 4762
246 4763
2808 4764
4765 2609
4766 4534
4713 4767
4768 496
1397 4769
4770 149
4025 4771
538 4772
4282 4773
4774 4544
4775 4761
4776 917
4777 1022
4778 345
924 4779
4780 2249
1582 4781
4782 1762
4783 3633
4784 1468
1306 4785
3476 4786
4068 4787
3920 4788
4789 363
774 4790
4791 671
2666 4792
4793 4363
1743 4794
1889 4795
1801 4796
4797 517
4798 2734
4799 1430
4800 1790
4801 1153
4802 3189
1599 4803
4804 4402
4527 4805
3446 4806
3578 4807
4808 3521
2205 4809
330 4810
3671 4811
753 4812
4813 4183
1029 4814
794 4815
4696 4816
4600 4817
4818 2368
2763 4819
4820 171
648 4821
3930 4822
3648 4823
144 4824
4825 3777
3006 4826
4827 1646
3982 4828
4829 4342
4731 4830
4831 593
4832 1179
2325 4833
3469 4834
4835 2418
4836 4145
3911 4837
440 4838
551 4839
4840 3738
545 4841
4842 3957
3925 4843
4734 4844
4845 1706
1692 4846
1494 4847
1443 4848
4849 382
4850 2933
664 4851
492 4852
4010 4853
4005 4854
4855 1788
4856 751
757 4857
2380 4858
4859 1217
4860 550
4371 4861
4862 1420
4645 4863
436 4864
4865 3293
3435 4866
4867 2450
1826 4868
4869 302
178 4870
1265 4871
4872 3344
4873 1217
4874 680
4472 4875
4876 3772
4465 4877
4622 4878
4879 2156
4880 1190
4881 30
4882 3313
4883 567
4884 3468
4177 4885
1923 4886
4887 1340
4888 1121
382 4889
4890 701
3702 4891
4274 4892
1692 4893
4894 3343
4895 4678
4040 4896
4897 4419
4898 3686
416 4899
4900 2655
4901 1491
4902 2383
4903 3594
4904 3893
4905 2618
4906 785
1698 4907
2659 4908
4223 4909
1378 4910
4911 2597
4912 3512
1881 4913
767 4914
4915 2011
4916 2603
4917 3805
4918 1144
2306 4919
2564 4920
3903 4921
4922 2036
4680 4923
4924 3088
102 4925
4926 3409
4927 2636
259 4928
4929 4303
3681 4930
4931 2134
2927 4932
4933 53
4829 4934
4295 4935
4936 2104
4937 49
4938 1768
1565 4939
4940 2809
4249 4941
4476 4942
4628 4943
4944 2134
4898 4945
1011 4946
2835 4947
4948 1907
4949 639
4950 4030
4951 1840
4952 3724
4953 3108
4939 4954
4955 43
4956 493
1489 4957
184 4958
4959 364
4960 3493
2144 4961
2889 4962
1948 4963
4964 2335
4965 352
4966 4021
4967 3153
2646 4968
3851 4969
3664 4970
4971 1256
4972 1898
4973 3885
4974 3136
4975 4573
4976 1723
4977 3909
3697 4978
4979 991
4980 3178
2711 4981
4982 1430
4983 2874
4984 35
4985 3828
1434 4986
4987 3294
4988 4424
4989 1768
4944 4990
4991 3442
4992 3170
1566 4993
4994 2676
4995 4897
1055 4996
4997 1246
4226 4998
4999 461
5000 3244