5000
2 1
3 1
3 4
5 2
6 2
7 2
8 6
9 4
6 10
5 11
12 7
3 13
7 14
6 15
12 16
17 13
18 9
19 13
20 10
21 12
21 22
21 23
9 24
8 25
22 26
27 6
28 27
15 29
29 30
31 29
11 32
19 33
34 16
25 35
33 36
37 31
38 31
15 39
40 17
41 20
39 42
43 19
44 29
34 45
46 40
42 47
48 7
23 49
50 39
11 51
52 22
53 10
4 54
22 55
56 9
57 18
58 33
59 10
60 59
20 61
54 62
63 54
36 64
65 54
66 40
28 67
24 68
59 69
18 70
71 37
72 56
26 73
42 74
19 75
76 55
18 77
78 13
79 16
38 80
53 81
52 82
38 83
80 84
25 85
86 32
73 87
7 88
89 52
50 90
91 68
12 92
38 93
20 94
95 33
23 96
41 97
98 45
99 26
54 100
36 101
12 102
4 103
104 69
105 48
98 106
107 40
108 35
100 109
90 110
111 34
112 99
113 11
7 114
115 104
31 116
71 117
94 118
100 119
37 120
121 62
122 117
123 32
124 122
125 32
126 2
127 48
128 63
129 126
105 130
131 77
64 132
21 133
119 134
33 135
34 136
137 50
138 45
139 59
135 140
123 141
135 142
143 43
144 62
134 145
146 74
48 147
148 61
149 91
53 150
93 151
121 152
49 153
120 154
155 55
49 156
155 157
108 158
74 159
160 119
161 17
123 162
163 26
164 73
165 157
144 166
97 167
85 168
169 101
170 79
171 76
172 38
170 173
174 127
175 47
176 87
107 177
39 178
177 179
133 180
181 124
5 182
51 183
181 184
52 185
88 186
176 187
148 188
189 164
190 75
66 191
181 192
117 193
169 194
101 195
186 196
22 197
198 90
199 172
200 106
188 201
202 106
203 116
165 204
90 205
21 206
207 121
86 208
121 209
113 210
211 114
83 212
203 213
135 214
215 53
216 61
130 217
128 218
36 219
64 220
221 154
222 160
18 223
224 223
225 101
226 44
129 227
105 228
38 229
157 230
187 231
129 232
159 233
173 234
235 70
105 236
54 237
59 238
179 239
240 130
241 92
242 18
243 123
36 244
239 245
90 246
247 131
237 248
249 168
250 191
251 8
252 34
253 100
31 254
255 35
73 256
257 171
96 258
90 259
85 260
261 19
127 262
263 257
264 72
265 195
258 266
267 2
268 200
151 269
270 78
230 271
272 154
273 256
115 274
275 147
276 219
158 277
106 278
279 274
109 280
98 281
282 17
283 38
284 243
285 113
83 286
169 287
288 153
289 267
290 52
69 291
292 8
29 293
59 294
295 197
257 296
297 149
211 298
279 299
300 192
301 159
27 302
300 303
304 65
49 305
306 147
164 307
252 308
194 309
243 310
128 311
312 103
290 313
314 16
315 45
316 157
317 65
318 247
37 319
285 320
321 93
35 322
323 151
292 324
325 203
326 148
323 327
328 12
185 329
330 296
331 11
250 332
33 333
334 176
335 182
336 329
116 337
257 338
311 339
198 340
341 286
301 342
310 343
344 166
104 345
346 323
347 31
348 134
349 178
159 350
282 351
352 158
187 353
208 354
95 355
356 324
357 192
358 84
359 188
360 161
361 137
362 63
363 96
364 339
365 10
354 366
367 242
179 368
151 369
249 370
371 176
372 336
373 40
75 374
124 375
367 376
263 377
189 378
379 214
380 46
191 381
382 310
383 297
248 384
385 161
386 310
41 387
388 269
389 341
390 236
227 391
208 392
271 393
319 394
395 220
22 396
397 315
185 398
57 399
400 341
318 401
309 402
403 277
404 303
405 316
406 18
300 407
408 155
175 409
410 337
76 411
412 406
26 413
414 110
11 415
328 416
417 210
418 49
419 103
25 420
329 421
408 422
158 423
228 424
425 340
77 426
427 84
428 84
429 253
430 13
431 341
432 238
433 150
293 434
435 41
436 398
395 437
438 314
439 41
338 440
441 189
442 97
250 443
43 444
141 445
446 141
447 435
448 112
289 449
450 161
451 303
77 452
453 254
454 119
347 455
388 456
224 457
285 458
283 459
422 460
461 225
462 384
463 61
464 322
32 465
328 466
301 467
468 221
31 469
91 470
471 125
66 472
473 251
474 202
202 475
327 476
477 350
157 478
365 479
480 346
481 290
412 482
483 17
404 484
128 485
486 228
46 487
488 152
489 134
414 490
491 416
164 492
493 142
156 494
495 3
334 496
77 497
344 498
499 385
500 135
468 501
502 428
477 503
504 59
206 505
337 506
317 507
329 508
29 509
154 510
457 511
512 488
466 513
514 206
49 515
516 466
517 420
488 518
519 120
388 520
521 339
394 522
347 523
411 524
525 16
526 341
421 527
158 528
436 529
92 530
418 531
532 259
397 533
498 534
452 535
536 199
71 537
281 538
39 539
424 540
541 6
217 542
91 543
448 544
545 409
21 546
100 547
419 548
31 549
550 279
390 551
519 552
149 553
527 554
555 107
228 556
557 197
356 558
559 482
236 560
241 561
469 562
280 563
564 201
565 122
566 520
184 567
568 234
212 569
570 552
571 120
187 572
573 327
303 574
575 541
576 278
577 91
578 526
543 579
182 580
45 581
100 582
583 113
584 578
585 317
586 240
587 145
588 553
244 589
590 283
487 591
215 592
593 13
594 295
417 595
549 596
323 597
238 598
227 599
600 359
72 601
260 602
518 603
350 604
527 605
93 606
607 73
608 80
609 583
169 610
611 63
612 206
463 613
614 362
615 70
47 616
301 617
618 417
173 619
405 620
621 315
439 622
623 528
624 10
625 577
626 382
627 227
349 628
287 629
25 630
631 577
632 16
633 386
20 634
477 635
555 636
637 299
638 517
639 596
148 640
641 152
642 295
643 512
644 180
317 645
646 464
647 345
382 648
271 649
650 564
242 651
139 652
653 337
654 40
536 655
656 374
636 657
106 658
659 178
660 131
128 661
283 662
663 561
404 664
665 402
273 666
667 148
668 614
469 669
670 642
671 415
108 672
34 673
674 271
445 675
118 676
677 359
678 100
321 679
680 221
681 583
604 682
683 615
359 684
685 247
686 334
101 687
688 514
396 689
690 142
691 476
567 692
117 693
35 694
695 651
274 696
309 697
328 698
699 335
700 149
701 339
702 466
703 394
704 366
579 705
706 15
238 707
164 708
709 8
475 710
474 711
703 712
713 500
714 466
658 715
716 421
447 717
420 718
719 326
683 720
721 472
722 156
84 723
546 724
725 500
726 28
727 186
305 728
729 197
730 80
317 731
732 355
733 327
734 82
735 268
662 736
303 737
738 284
720 739
120 740
265 741
742 321
743 234
509 744
745 689
735 746
747 263
748 249
242 749
750 571
185 751
67 752
154 753
650 754
488 755
470 756
757 686
736 758
683 759
82 760
185 761
762 672
763 206
764 296
765 58
764 766
625 767
768 78
769 288
654 770
771 35
683 772
652 773
328 774
44 775
11 776
45 777
778 507
779 352
283 780
781 697
782 119
690 783
784 771
785 450
236 786
299 787
788 209
789 203
203 790
791 517
792 662
793 168
794 479
795 791
204 796
797 383
429 798
435 799
187 800
801 694
604 802
803 207
804 239
760 805
806 516
807 455
808 214
219 809
810 114
811 708
812 738
508 813
814 234
815 412
816 342
817 575
818 734
122 819
228 820
168 821
317 822
823 362
88 824
825 734
826 753
827 77
500 828
829 593
728 830
202 831
832 209
144 833
364 834
835 749
497 836
837 625
13 838
790 839
220 840
841 687
720 842
843 144
844 655
162 845
396 846
521 847
848 711
444 849
225 850
545 851
527 852
853 161
141 854
855 114
856 302
333 857
858 302
549 859
695 860
247 861
41 862
863 728
864 711
220 865
866 227
867 422
868 141
72 869
870 706
871 854
872 515
267 873
874 302
746 875
551 876
860 877
457 878
879 578
767 880
881 777
882 754
883 549
884 789
289 885
886 70
887 837
888 35
166 889
400 890
347 891
892 24
893 689
894 529
895 667
896 269
630 897
898 667
137 899
900 647
901 799
859 902
903 438
206 904
561 905
906 555
588 907
660 908
751 909
910 477
911 774
783 912
913 188
543 914
256 915
916 521
917 640
396 918
919 612
145 920
606 921
922 814
632 923
822 924
290 925
926 137
927 582
928 618
929 713
930 515
684 931
932 427
877 933
934 278
935 872
799 936
937 713
410 938
685 939
169 940
941 43
264 942
943 369
173 944
934 945
946 757
280 947
195 948
949 429
436 950
951 652
646 952
826 953
202 954
671 955
956 591
796 957
542 958
110 959
372 960
682 961
886 962
963 522
875 964
433 965
88 966
967 138
968 502
969 898
970 571
971 513
796 972
973 225
974 566
975 683
976 6
586 977
978 283
979 191
980 340
981 827
139 982
445 983
401 984
985 801
821 986
83 987
988 48
989 718
514 990
991 407
992 590
993 214
994 81
995 768
996 38
997 498
998 510
684 999
1000 991
72 1001
1002 938
844 1003
1004 652
1005 491
1006 787
1007 449
1008 575
1008 1009
904 1010
334 1011
1012 490
57 1013
188 1014
763 1015
243 1016
1017 547
1018 777
644 1019
1020 79
308 1021
1022 48
1023 474
698 1024
326 1025
1026 746
1027 500
182 1028
1029 730
1030 840
1031 431
780 1032
1033 655
1034 215
275 1035
114 1036
1037 1008
1038 92
1039 57
327 1040
942 1041
1042 821
441 1043
1044 144
1045 105
609 1046
469 1047
401 1048
1049 248
1050 34
1051 151
748 1052
1053 1036
716 1054
1055 862
1056 142
1057 1010
1058 644
1059 646
217 1060
1061 950
1062 12
1063 682
989 1064
1065 198
1066 327
339 1067
1068 58
1069 348
1070 647
1071 428
1072 392
975 1073
995 1074
1075 453
759 1076
1077 199
911 1078
1079 405
1080 854
660 1081
1082 957
1083 142
712 1084
295 1085
33 1086
1087 257
1088 722
1047 1089
405 1090
529 1091
850 1092
17 1093
999 1094
512 1095
1096 180
1097 606
1098 958
1099 619
1100 375
1101 932
866 1102
1103 30
918 1104
1105 32
1047 1106
1008 1107
1108 721
1109 101
1110 646
1111 851
384 1112
1056 1113
1114 249
1115 419
126 1116
748 1117
593 1118
697 1119
561 1120
1121 582
1122 543
736 1123
293 1124
117 1125
1126 542
663 1127
1128 165
1129 817
1130 163
1131 454
431 1132
29 1133
1134 244
374 1135
1136 434
318 1137
1137 1138
1139 394
1102 1140
1141 680
1142 1105
985 1143
1144 931
1145 256
260 1146
1045 1147
1148 231
1109 1149
894 1150
1151 42
788 1152
1153 888
1154 628
780 1155
1156 980
1053 1157
1024 1158
1159 1051
332 1160
1161 974
1162 1065
1163 337
1 1164
50 1165
1166 491
1167 1086
1168 1113
267 1169
1120 1170
1168 1171
874 1172
312 1173
862 1174
1175 654
835 1176
147 1177
1178 356
1179 323
464 1180
1181 1122
669 1182
211 1183
309 1184
804 1185
802 1186
809 1187
1188 852
541 1189
504 1190
844 1191
1192 505
1193 39
1194 135
1195 271
152 1196
1197 368
1198 303
991 1199
1200 194
320 1201
470 1202
1203 1022
237 1204
908 1205
1206 1031
213 1207
1208 763
442 1209
340 1210
1211 263
609 1212
1085 1213
710 1214
508 1215
795 1216
1217 477
499 1218
1219 855
1220 25
1221 1205
1222 720
1223 786
1224 998
1225 1222
435 1226
1227 15
1228 1187
1229 1107
1104 1230
923 1231
883 1232
421 1233
1234 1133
1069 1235
199 1236
1237 291
1238 869
1239 644
755 1240
1241 376
1242 791
1243 1095
615 1244
1245 821
369 1246
372 1247
263 1248
1249 193
776 1250
1251 389
1252 921
485 1253
1254 916
1255 612
905 1256
1257 820
1258 1249
894 1259
1260 553
1261 720
1080 1262
1263 1260
1264 488
36 1265
387 1266
1267 395
1210 1268
54 1269
821 1270
1271 1205
399 1272
1273 960
1067 1274
1275 386
1276 721
1277 619
159 1278
1279 221
1107 1280
1281 78
107 1282
1283 694
200 1284
1285 907
1286 1249
784 1287
588 1288
106 1289
449 1290
275 1291
688 1292
512 1293
556 1294
237 1295
889 1296
605 1297
1138 1298
500 1299
1300 628
100 1301
539 1302
1303 770
1304 267
1305 277
1306 880
458 1307
1308 611
1309 285
1310 305
1311 1012
1312 1125
1313 1174
484 1314
996 1315
1029 1316
1317 496
1318 727
243 1319
1320 1075
829 1321
1322 34
1013 1323
1217 1324
538 1325
176 1326
515 1327
1328 44
1329 944
1088 1330
1331 670
1063 1332
507 1333
1334 641
253 1335
1336 237
866 1337
1338 80
788 1339
102 1340
1341 1257
1341 1342
180 1343
1344 471
1345 608
859 1346
1347 855
786 1348
1094 1349
1252 1350
422 1351
1352 102
1353 283
985 1354
1355 44
1356 809
1357 439
1358 980
183 1359
566 1360
1361 654
1362 930
1363 536
1068 1364
292 1365
1178 1366
1367 657
1368 938
813 1369
1370 52
1371 935
711 1372
1373 847
804 1374
949 1375
1376 948
178 1377
403 1378
1379 205
1380 50
657 1381
648 1382
343 1383
643 1384
1385 879
1386 65
554 1387
1388 1054
1113 1389
1390 1228
1391 308
1392 473
1393 250
985 1394
1395 494
1396 616
1397 549
1398 958
238 1399
1400 308
1401 1095
408 1402
1403 403
1404 589
1405 478
1349 1406
1407 1101
922 1408
185 1409
661 1410
1138 1411
163 1412
872 1413
1414 1090
539 1415
322 1416
1011 1417
1418 723
470 1419
417 1420
611 1421
1407 1422
1423 311
1424 956
1425 1040
1426 1008
1427 1013
1428 280
1429 1245
1430 376
1431 762
1432 595
1433 408
1434 731
397 1435
1291 1436
629 1437
51 1438
1439 196
88 1440
1441 436
1442 278
1443 570
1008 1444
502 1445
35 1446
1447 1381
1448 142
390 1449
1353 1450
308 1451
1452 279
428 1453
1454 114
521 1455
974 1456
1444 1457
1096 1458
1459 1274
1345 1460
1461 121
1462 692
160 1463
449 1464
1188 1465
1466 998
1467 246
1468 98
541 1469
1470 761
953 1471
1175 1472
225 1473
1474 1312
1475 659
1208 1476
1477 506
543 1478
1479 277
1480 59
1481 415
1482 1141
736 1483
1484 541
1280 1485
458 1486
1487 920
1488 1210
1489 1000
1490 1388
1491 1288
1492 784
1493 247
1494 670
1495 1065
784 1496
750 1497
1498 1452
492 1499
1500 882
772 1501
810 1502
1503 1397
494 1504
264 1505
121 1506
1212 1507
1508 1363
1509 976
67 1510
1511 593
220 1512
1513 1512
295 1514
1368 1515
1096 1516
1517 1417
642 1518
1519 1246
1304 1520
1338 1521
1522 1087
1523 496
827 1524
1525 1114
1526 1508
1527 1273
1205 1528
1529 1252
1530 719
421 1531
693 1532
1143 1533
1534 116
1133 1535
445 1536
1537 946
1538 888
1539 915
841 1540
1541 577
1542 63
1543 61
1342 1544
105 1545
1546 38
36 1547
1548 17
1549 486
1550 432
1551 656
1552 1072
1553 821
1554 949
1448 1555
844 1556
863 1557
1558 324
1475 1559
1406 1560
1561 291
703 1562
1563 1037
556 1564
866 1565
124 1566
29 1567
1568 1254
109 1569
1570 447
209 1571
375 1572
1573 300
1574 905
891 1575
1576 364
1577 112
1476 1578
1579 876
1580 519
1581 557
385 1582
481 1583
1584 466
1206 1585
205 1586
1587 167
563 1588
1018 1589
1590 1056
1591 1137
673 1592
1593 31
1594 1526
1310 1595
1596 425
1597 848
1598 843
785 1599
914 1600
755 1601
1602 29
1089 1603
1482 1604
5 1605
1606 291
1607 880
1608 813
95 1609
1610 756
1611 427
32 1612
1613 1609
1614 660
434 1615
931 1616
1617 567
1618 1081
1619 1323
1620 309
1621 881
1622 255
514 1623
59 1624
1498 1625
1559 1626
558 1627
1628 1339
458 1629
496 1630
1631 1268
1343 1632
1633 147
1634 542
1555 1635
692 1636
1637 577
1638 363
600 1639
1640 327
1540 1641
1642 1005
340 1643
1644 1394
1645 31
1646 42
289 1647
1648 86
780 1649
1650 1109
465 1651
1652 830
1479 1653
143 1654
1427 1655
1589 1656
1489 1657
1425 1658
796 1659
597 1660
1661 606
1662 924
1065 1663
1664 755
1665 1313
2 1666
237 1667
1668 20
1458 1669
1211 1670
1671 576
447 1672
1673 1582
1674 1190
1536 1675
1635 1676
1677 648
693 1678
1679 411
1680 342
87 1681
1682 552
778 1683
958 1684
1685 1363
758 1686
233 1687
826 1688
1591 1689
1690 1051
713 1691
1692 493
310 1693
1674 1694
1695 685
1696 1096
20 1697
315 1698
1699 1244
647 1700
114 1701
165 1702
967 1703
1197 1704
1705 186
369 1706
196 1707
1708 759
1709 636
1696 1710
1253 1711
1712 308
1340 1713
1714 317
1562 1715
1716 243
1717 1423
1718 381
1719 563
1720 923
1721 366
769 1722
1723 650
1724 774
1725 1716
1726 1015
604 1727
1722 1728
1422 1729
1037 1730
859 1731
1732 980
1733 1299
1734 1564
188 1735
1736 127
1737 1725
1738 1065
1739 158
1740 1134
1741 1679
790 1742
1247 1743
1744 1034
1237 1745
832 1746
1410 1747
1040 1748
30 1749
256 1750
1751 1042
1752 433
1753 1351
860 1754
1093 1755
1756 1158
1335 1757
1758 85
1759 1636
1760 263
1761 1187
875 1762
846 1763
1764 453
19 1765
946 1766
1767 1561
283 1768
1322 1769
1561 1770
1771 777
1772 1145
1358 1773
1774 1594
1300 1775
1776 1210
1777 1493
328 1778
1779 964
1705 1780
1559 1781
1782 1777
91 1783
1784 1402
1785 1304
1786 1461
418 1787
1065 1788
1789 44
1790 1720
1791 1251
1604 1792
1793 725
1770 1794
457 1795
1796 181
1503 1797
1798 1155
1799 93
971 1800
706 1801
1328 1802
1803 1357
1804 121
1600 1805
1806 905
1807 423
1634 1808
1809 1331
1810 999
1439 1811
1812 8
1813 658
1814 1167
1815 1067
1816 821
1799 1817
244 1818
723 1819
1820 995
76 1821
1263 1822
1823 1205
1824 414
381 1825
1826 278
1827 1140
700 1828
281 1829
1830 488
1062 1831
1832 988
922 1833
1834 1161
1835 523
1391 1836
1837 1572
1838 934
402 1839
1840 310
991 1841
1842 1227
1843 466
227 1844
1845 1081
1846 232
1213 1847
1734 1848
1849 423
1850 783
1851 1664
1799 1852
566 1853
1023 1854
1855 238
966 1856
1267 1857
1858 1796
1859 1651
1860 55
155 1861
1327 1862
1863 176
1864 814
1160 1865
1866 950
1515 1867
67 1868
1527 1869
1668 1870
1871 1639
1872 712
1873 1074
1282 1874
1875 1231
1520 1876
1777 1877
1624 1878
1805 1879
769 1880
1881 454
1882 766
1818 1883
1093 1884
1885 337
1351 1886
1887 778
1888 1849
416 1889
1890 1271
1891 889
1892 1057
1599 1893
1894 444
1895 906
636 1896
1897 648
1898 1877
1668 1899
1900 484
1886 1901
1679 1902
1369 1903
1470 1904
1905 1171
383 1906
1907 496
1908 928
1909 1153
281 1910
1911 1832
437 1912
1850 1913
463 1914
899 1915
1167 1916
1917 1835
1918 1642
1919 1177
1920 444
988 1921
429 1922
273 1923
1924 1531
24 1925
1165 1926
1927 1777
332 1928
1929 1756
1930 1657
981 1931
442 1932
1933 1627
1528 1934
1935 435
1936 1113
1937 517
980 1938
1939 808
1844 1940
1463 1941
1838 1942
526 1943
1944 309
1945 1242
976 1946
1272 1947
1948 67
1949 1793
1950 555
1951 885
310 1952
1953 337
1954 1144
1955 145
1006 1956
252 1957
621 1958
399 1959
473 1960
1961 97
1962 700
1963 43
285 1964
611 1965
991 1966
289 1967
1524 1968
1969 1441
1970 471
772 1971
1246 1972
1973 1135
1974 1346
1167 1975
1232 1976
394 1977
1978 185
911 1979
1980 1289
1981 1718
1053 1982
1165 1983
1984 1595
1985 277
1981 1986
1793 1987
1988 1502
123 1989
641 1990
1991 601
834 1992
762 1993
425 1994
395 1995
733 1996
1997 704
1998 1551
181 1999
1901 2000
2001 674
2002 361
2003 1434
2004 997
2005 1146
2006 960
1266 2007
99 2008
1159 2009
2010 1506
2011 1625
2012 268
186 2013
1598 2014
197 2015
1499 2016
1904 2017
1921 2018
2019 261
316 2020
2021 73
2022 672
2023 873
2 2024
2025 394
1655 2026
1637 2027
211 2028
2029 567
2030 834
2031 93
2032 1134
2033 624
1507 2034
2035 679
1133 2036
701 2037
1592 2038
2039 1995
2040 836
1486 2041
2042 1641
2043 1373
2044 882
2045 1603
2046 616
2047 1850
188 2048
2049 1503
2050 1115
2051 1308
2052 732
618 2053
2054 1052
444 2055
899 2056
555 2057
820 2058
210 2059
2060 1383
1007 2061
2062 542
2063 1651
1242 2064
2065 1488
1461 2066
2067 1489
1152 2068
44 2069
2070 150
2071 1598
2072 1392
2073 1746
2074 493
1931 2075
2076 1609
1244 2077
2078 1143
217 2079
2080 1830
879 2081
2082 678
2083 1996
915 2084
1244 2085
2086 893
2087 1289
1507 2088
19 2089
785 2090
2091 1698
2092 559
8 2093
589 2094
2095 1261
2096 1804
591 2097
2098 459
2099 1160
2100 1349
2101 706
2102 420
2103 1829
2104 1106
279 2105
2106 1249
2089 2107
1046 2108
2109 911
2110 1683
1496 2111
2112 1304
2113 920
1962 2114
2115 2042
2116 196
1693 2117
32 2118
712 2119
2120 1583
2121 843
245 2122
1136 2123
2124 792
316 2125
1312 2126
1432 2127
2128 638
724 2129
1209 2130
2131 820
895 2132
2133 813
2134 107
2135 73
1819 2136
2137 1702
2138 135
2139 1591
386 2140
2141 1512
2142 2124
1104 2143
2144 1140
32 2145
1755 2146
2147 1781
2148 857
2149 735
967 2150
1288 2151
1924 2152
2153 2048
1728 2154
2017 2155
1237 2156
2157 1157
2158 329
2159 27
2160 1592
1561 2161
2162 1132
2140 2163
1838 2164
2165 1412
2166 1536
2167 89
1618 2168
2169 1566
2170 1620
2171 485
1939 2172
925 2173
1820 2174
1043 2175
1595 2176
2177 84
1282 2178
2179 1711
2180 1512
578 2181
2182 1190
1720 2183
2184 797
582 2185
2186 1708
1164 2187
96 2188
32 2189
1034 2190
2049 2191
2087 2192
832 2193
1587 2194
2195 1112
2196 214
2197 830
1453 2198
221 2199
1132 2200
2201 1045
2202 56
25 2203
1459 2204
2205 1128
2206 679
2207 1612
208 2208
57 2209
1321 2210
6 2211
2212 1966
2213 374
2214 454
2215 1214
426 2216
1511 2217
847 2218
2219 1462
2220 1847
2221 1689
1742 2222
762 2223
2224 1509
2225 2127
171 2226
1997 2227
2228 1028
2229 1830
2230 390
2231 37
472 2232
2162 2233
639 2234
1075 2235
1524 2236
304 2237
2238 2167
2239 985
2240 882
320 2241
2242 472
2243 1090
2244 1349
1485 2245
1292 2246
443 2247
2248 983
2249 1741
2250 8
1620 2251
920 2252
1294 2253
2254 1009
635 2255
2256 2095
2257 1105
448 2258
2259 1771
854 2260
1342 2261
2262 973
476 2263
595 2264
308 2265
2266 163
2267 1882
1424 2268
2269 1814
2270 1258
2271 1450
121 2272
654 2273
2274 1039
1029 2275
702 2276
918 2277
2278 2080
921 2279
1994 2280
2281 1614
613 2282
2283 1402
527 2284
922 2285
1519 2286
2287 906
1364 2288
2289 1848
1205 2290
2291 1698
319 2292
664 2293
185 2294
2295 1732
356 2296
178 2297
2181 2298
2299 220
1498 2300
1924 2301
149 2302
1674 2303
1481 2304
2305 1971
2306 1399
2307 1712
2308 908
2032 2309
292 2310
2311 1043
2312 2081
2313 1313
2314 2187
2019 2315
2316 78
2317 331
115 2318
2319 1817
858 2320
2321 307
1607 2322
2323 2050
2324 589
1683 2325
2326 1699
2295 2327
2328 324
1361 2329
1944 2330
2331 84
2332 1268
2333 1255
1750 2334
2335 1932
755 2336
1462 2337
1073 2338
2339 600
857 2340
2243 2341
2342 1588
2343 242
2344 647
2125 2345
2346 1236
2347 158
1855 2348
2349 673
529 2350
2351 1123
2352 1492
1645 2353
2354 1078
2355 1220
1204 2356
2357 1895
2358 2227
2314 2359
1668 2360
1447 2361
5 2362
1159 2363
127 2364
2365 1365
60 2366
2367 353
2368 673
1795 2369
2370 2052
2371 1825
2372 2053
2373 16
865 2374
1259 2375
1104 2376
577 2377
2378 210
2379 1315
2380 2095
2381 1324
2382 1265
2041 2383
2384 981
2385 844
2386 1626
2387 33
2388 355
2389 416
1047 2390
2391 2148
2392 1783
1312 2393
2394 927
2395 226
2289 2396
1700 2397
2398 1405
2399 611
1563 2400
657 2401
2402 1951
2403 2386
2404 1190
2405 197
302 2406
1686 2407
2408 477
1158 2409
2410 723
2411 2035
2412 505
686 2413
2414 805
235 2415
2416 1654
1890 2417
2418 1457
1757 2419
2420 1402
2421 1489
2422 1529
1425 2423
2424 240
1736 2425
2426 2307
2049 2427
2428 1201
2429 185
2430 1813
2431 1255
2432 50
2433 709
402 2434
2435 2161
664 2436
1671 2437
1084 2438
2439 473
2440 737
768 2441
683 2442
2443 268
2444 198
2445 2011
471 2446
2447 1712
2448 1334
2036 2449
2450 1168
2451 2231
2452 1241
2258 2453
2454 1146
1998 2455
2456 338
2457 1274
346 2458
900 2459
2460 1569
2461 1634
1624 2462
1234 2463
2464 1233
2456 2465
2466 2257
307 2467
2468 1712
129 2469
2470 2102
1836 2471
562 2472
1758 2473
1544 2474
2475 221
2476 1484
2477 1002
2478 625
2479 2312
1024 2480
2481 1944
1231 2482
2483 1543
1504 2484
2258 2485
2486 2014
2487 189
2488 2179
2489 790
1722 2490
1553 2491
330 2492
2493 1972
833 2494
2495 91
2393 2496
2497 1910
2498 720
2499 1502
438 2500
2501 2144
139 2502
941 2503
2504 2450
2505 1651
1513 2506
2502 2507
912 2508
2509 618
2510 393
2511 1467
2512 1443
10 2513
1466 2514
2515 1958
2516 2433
2517 1032
2518 1890
144 2519
540 2520
2521 1501
250 2522
1194 2523
2524 1531
2525 2285
1267 2526
2527 382
2528 363
2187 2529
2530 453
2531 104
2532 1240
175 2533
2534 1356
2535 1059
2035 2536
2537 2216
990 2538
444 2539
790 2540
2066 2541
2542 812
1555 2543
2544 867
444 2545
1935 2546
239 2547
1667 2548
2549 1408
2550 1282
222 2551
2552 175
2553 1183
1487 2554
1847 2555
2012 2556
1194 2557
2558 1013
2559 1621
2560 570
2561 569
650 2562
2513 2563
1614 2564
2565 1138
2035 2566
1280 2567
1128 2568
2569 1604
330 2570
2571 171
1270 2572
1568 2573
2574 522
2575 2340
495 2576
2577 554
2578 528
1593 2579
22 2580
2258 2581
2582 1723
1679 2583
506 2584
329 2585
1905 2586
961 2587
2365 2588
1268 2589
2590 589
1147 2591
67 2592
786 2593
2594 2027
2595 974
2596 724
2597 1868
782 2598
318 2599
2600 1157
88 2601
2602 1198
1559 2603
345 2604
2605 958
753 2606
484 2607
2608 1210
2005 2609
1313 2610
747 2611
2612 1856
2206 2613
1119 2614
2615 910
2616 1562
2005 2617
2618 1185
2619 2476
2620 430
2621 2615
802 2622
2290 2623
338 2624
2625 1421
1047 2626
2627 1584
1554 2628
2629 2076
2630 1070
2631 1361
2632 92
2633 1217
2634 51
2635 1948
2636 1433
2637 1061
2638 1939
2639 144
2640 1662
697 2641
2077 2642
2643 612
1544 2644
2645 47
2646 1359
1041 2647
2648 1715
2649 2547
2650 1043
2651 1275
850 2652
2653 535
664 2654
2655 2186
1256 2656
1516 2657
2658 303
461 2659
1346 2660
15 2661
1217 2662
2663 2243
2664 883
2665 186
2666 2093
2667 2290
1902 2668
2222 2669
546 2670
2671 2581
2430 2672
2673 1793
2674 165
210 2675
1041 2676
2618 2677
1711 2678
1083 2679
469 2680
1479 2681
713 2682
2683 482
1964 2684
2685 1744
2686 2540
2687 2333
1029 2688
2689 2616
2690 2568
2691 879
2692 450
2438 2693
1285 2694
2695 39
2696 523
1924 2697
1116 2698
2699 216
2700 1833
2701 1938
2196 2702
2089 2703
1826 2704
2112 2705
2706 360
2097 2707
2708 133
2709 451
2102 2710
1727 2711
2712 341
2713 2569
314 2714
2715 1591
601 2716
1909 2717
607 2718
2719 1430
1888 2720
2059 2721
670 2722
2723 1644
2724 2685
2725 1825
209 2726
2727 2657
752 2728
2729 1842
2161 2730
1172 2731
2732 1215
2733 918
2734 107
2735 1323
2736 191
2241 2737
2380 2738
2739 690
2740 821
2722 2741
2742 248
2008 2743
2744 86
2745 1267
2746 1891
615 2747
2748 1562
2490 2749
24 2750
2356 2751
1638 2752
167 2753
295 2754
2755 2620
1445 2756
2757 1288
2758 150
2759 2307
2760 1803
2761 2489
766 2762
2763 1943
2362 2764
2326 2765
2766 2689
1454 2767
2768 832
2330 2769
2770 1616
2771 2697
2772 38
2773 563
2534 2774
2775 534
2776 2483
2548 2777
2778 2377
2779 1015
2780 1010
2781 16
2782 1448
2783 2242
2784 1671
1051 2785
1367 2786
1121 2787
2788 1653
2744 2789
2790 1097
2791 694
2792 783
159 2793
1077 2794
2328 2795
330 2796
2797 2535
2096 2798
2799 1654
914 2800
2728 2801
384 2802
2345 2803
2804 1670
2805 1229
2806 2602
2807 505
2808 1981
2809 1546
2810 321
2811 340
2812 1915
347 2813
2768 2814
2815 272
967 2816
165 2817
1514 2818
2819 2594
2820 2259
2821 1193
2822 982
2823 851
1936 2824
2825 436
1707 2826
1870 2827
2828 1100
2829 1084
383 2830
1732 2831
2832 209
367 2833
1669 2834
2835 1116
1097 2836
1017 2837
2838 1319
1644 2839
1959 2840
1506 2841
285 2842
2111 2843
87 2844
2366 2845
2846 499
2847 1587
2848 2592
2849 2082
2850 1385
2851 993
2852 774
1852 2853
782 2854
1257 2855
1120 2856
269 2857
2858 2775
2859 2226
2860 675
1575 2861
2315 2862
293 2863
818 2864
2865 2210
2527 2866
2867 2034
2868 948
416 2869
544 2870
441 2871
2872 1771
2873 836
2874 2390
2875 721
1096 2876
1836 2877
2878 1626
2879 2069
2880 788
2051 2881
631 2882
2788 2883
2884 643
686 2885
2886 2699
2887 2070
1487 2888
144 2889
478 2890
2891 354
579 2892
2893 2531
2894 1960
287 2895
2896 2389
2748 2897
2898 1158
2899 466
2158 2900
2434 2901
849 2902
2903 2628
2122 2904
2905 1290
2906 1920
540 2907
2712 2908
2909 153
2639 2910
2911 1814
2912 2795
681 2913
2914 778
1052 2915
2916 1135
2917 1387
405 2918
2919 1438
1417 2920
2921 1238
2524 2922
1929 2923
2924 2634
2925 2651
1765 2926
2927 1489
2928 2318
2929 1978
2702 2930
2781 2931
82 2932
2933 788
1781 2934
1551 2935
2936 2917
133 2937
2938 811
2939 1919
2940 1925
1801 2941
1663 2942
2943 2131
2944 908
2945 2483
2145 2946
2947 90
2813 2948
2187 2949
2950 2778
732 2951
1772 2952
335 2953
2954 1481
898 2955
2414 2956
2957 746
2216 2958
657 2959
664 2960
501 2961
2962 1126
1145 2963
2964 2190
2965 936
1759 2966
2203 2967
2968 1355
1846 2969
2970 2762
2971 1901
301 2972
2973 2181
2974 86
2975 1296
2976 761
2414 2977
2640 2978
2979 548
2980 36
2981 2006
2982 1477
633 2983
2984 2030
2985 2265
2366 2986
2987 1647
2988 791
2989 2125
2990 1270
2991 1656
2992 1376
2993 2078
1101 2994
1174 2995
2996 176
2997 1512
2998 386
739 2999
3000 781
2005 3001
3002 566
3003 2797
3004 217
3005 1237
3006 2159
3007 2517
3008 2385
2406 3009
3010 353
848 3011
3012 837
3013 1496
3014 2688
3015 143
588 3016
3017 1373
2729 3018
3019 2149
3020 2365
3021 2688
3022 2767
714 3023
3024 1192
3025 1415
1143 3026
2712 3027
1159 3028
2119 3029
780 3030
3031 1967
1286 3032
3033 1643
2500 3034
3035 304
2760 3036
3037 2730
3038 1259
3039 398
3040 1257
3041 243
2231 3042
2943 3043
3044 1872
3045 631
2008 3046
3047 1503
2806 3048
3049 2311
3050 2668
3051 1331
1466 3052
733 3053
1402 3054
3055 1811
3056 2934
3057 1494
3058 511
3059 2926
3060 1535
1720 3061
2984 3062
1425 3063
3064 2750
2077 3065
2972 3066
856 3067
1870 3068
3069 1013
3070 1695
3071 765
659 3072
483 3073
1739 3074
2406 3075
344 3076
872 3077
1280 3078
267 3079
3080 2412
3081 2664
3082 1731
3083 1565
998 3084
3085 276
2959 3086
2859 3087
232 3088
1093 3089
3090 850
933 3091
235 3092
2605 3093
3094 613
3095 2575
3096 2867
2409 3097
2063 3098
3099 1480
3100 1258
2609 3101
2234 3102
2696 3103
3104 2275
2417 3105
3106 52
3107 74
1158 3108
1787 3109
3110 545
1760 3111
657 3112
3113 2932
2560 3114
3115 2144
2344 3116
2004 3117
1052 3118
3119 870
3120 2742
3121 1196
2755 3122
657 3123
2622 3124
132 3125
3126 397
3127 149
1486 3128
2290 3129
2311 3130
1895 3131
162 3132
384 3133
3134 758
3135 1290
3136 778
2834 3137
3138 1773
3139 2283
3140 1982
2059 3141
2611 3142
728 3143
3144 1140
3145 1417
3146 2
833 3147
3148 1246
3149 1577
3150 963
2612 3151
3152 383
3153 1463
3154 1691
1297 3155
3156 1655
3157 1835
3158 2335
3159 3029
224 3160
3161 2388
3162 1345
3163 1361
3164 812
3165 582
1877 3166
3167 1739
3168 1731
3169 1142
2519 3170
1677 3171
1407 3172
3173 3064
3174 2553
3175 2778
1727 3176
920 3177
2554 3178
404 3179
3180 893
3181 792
3182 2487
3183 820
1108 3184
206 3185
1276 3186
3187 1908
3188 2802
2198 3189
3190 1426
350 3191
3192 1437
3193 3183
2567 3194
148 3195
1520 3196
813 3197
3198 2539
108 3199
1017 3200
3201 3034
2010 3202
677 3203
3204 2963
2607 3205
1652 3206
1089 3207
798 3208
3209 2188
3210 1364
454 3211
3212 2797
3213 1871
1926 3214
2797 3215
3216 2006
2009 3217
3218 1808
3219 924
7 3220
1344 3221
3222 2063
3223 867
3224 2502
3225 2599
1264 3226
1859 3227
2852 3228
2750 3229
471 3230
3231 744
3232 3001
3233 1943
998 3234
3235 1905
3097 3236
1988 3237
3238 742
3239 1867
3240 2598
3241 1326
3242 2364
2563 3243
750 3244
3245 1868
1524 3246
131 3247
3248 2587
3249 2415
2039 3250
19 3251
3252 2051
2690 3253
916 3254
3255 46
3256 1139
3257 883
2902 3258
3259 3199
460 3260
2997 3261
3262 1464
3263 1993
3264 2792
701 3265
2375 3266
2705 3267
3268 2130
3269 3253
3270 2800
3170 3271
3272 637
3273 898
3274 2114
2665 3275
3276 187
3277 2082
3278 1632
2750 3279
1751 3280
1008 3281
3282 1609
3283 1068
3284 2288
3285 792
2302 3286
3287 2327
3288 1065
3289 890
1876 3290
3291 2997
1177 3292
3293 842
3294 2600
3295 1964
3296 1056
3077 3297
2550 3298
1552 3299
810 3300
3301 1456
1349 3302
1688 3303
51 3304
401 3305
812 3306
3307 567
3308 2941
1374 3309
3310 2901
406 3311
3312 2175
3313 284
2077 3314
3315 3223
3316 714
3317 3298
1385 3318
3319 2577
534 3320
1420 3321
3322 2635
1183 3323
3324 1987
3325 2746
3326 1690
3327 158
2406 3328
2911 3329
2706 3330
3331 150
2274 3332
3333 174
3334 2849
2527 3335
3336 855
3337 185
987 3338
484 3339
3340 1481
3341 2421
3342 48
1733 3343
338 3344
2552 3345
3346 2409
3347 760
571 3348
3349 2236
2823 3350
399 3351
1351 3352
407 3353
3354 1259
3355 1662
3356 1608
3357 2700
2736 3358
3359 493
265 3360
3361 2897
3362 987
3363 1731
1654 3364
3365 688
3366 2163
3367 1971
2390 3368
2494 3369
3056 3370
3371 2739
3364 3372
2351 3373
3374 1918
3375 655
1324 3376
938 3377
2308 3378
3379 3156
3380 2820
2858 3381
3382 1229
3383 263
3165 3384
3385 2177
3386 1059
3387 2204
1158 3388
3389 1734
3390 3362
3017 3391
948 3392
1350 3393
3394 826
1987 3395
1974 3396
159 3397
1402 3398
3399 3095
2756 3400
3039 3401
3402 2148
3403 1718
2984 3404
3405 2751
369 3406
3080 3407
3408 2984
2317 3409
2446 3410
3411 1592
3412 2533
697 3413
3414 2199
1227 3415
380 3416
3417 2535
1217 3418
1799 3419
183 3420
736 3421
3050 3422
865 3423
3424 1035
3425 3180
3426 3021
1660 3427
3428 1635
2322 3429
3430 2372
1691 3431
3432 649
758 3433
3434 1474
2811 3435
3436 1893
3437 257
3438 3295
3439 2247
1438 3440
332 3441
3442 113
3443 2114
2400 3444
746 3445
3446 2741
1451 3447
3448 1436
3449 3145
3450 333
2692 3451
2054 3452
944 3453
3454 2331
2944 3455
1390 3456
3457 972
1502 3458
2867 3459
877 3460
3461 925
3396 3462
3463 852
575 3464
3465 2812
3466 166
3467 718
3468 2384
3469 116
2122 3470
2460 3471
1111 3472
2674 3473
1437 3474
1300 3475
3476 492
3477 2200
3478 1247
3124 3479
508 3480
724 3481
3482 418
2212 3483
3484 3253
554 3485
3486 1421
3487 205
3488 1690
3239 3489
3490 2683
1292 3491
3492 1813
586 3493
901 3494
3495 105
3496 1820
3497 1872
2176 3498
2150 3499
3500 3178
3501 1514
3391 3502
2805 3503
3504 605
3505 1635
2164 3506
2830 3507
3281 3508
3509 2121
3325 3510
3511 1368
2357 3512
2936 3513
3514 1182
1317 3515
389 3516
1813 3517
3518 210
183 3519
1628 3520
1754 3521
3522 2633
3523 2611
3524 1220
3525 2503
1936 3526
3527 2424
3501 3528
395 3529
2138 3530
3531 3129
3532 2326
1365 3533
3534 500
3535 2577
2981 3536
3537 957
3538 58
3539 948
206 3540
3541 3528
533 3542
931 3543
2717 3544
2853 3545
2882 3546
3460 3547
3548 117
2990 3549
3550 2509
3551 1743
3435 3552
3553 1209
3074 3554
1905 3555
2219 3556
1741 3557
1354 3558
1466 3559
810 3560
3561 306
3562 3080
3331 3563
3471 3564
3565 814
2011 3566
3063 3567
280 3568
3569 771
2153 3570
1529 3571
3572 2281
793 3573
3574 2759
882 3575
3061 3576
3577 1745
3578 1363
3579 2417
804 3580
3546 3581
3582 1195
1236 3583
3584 2542
3585 3483
3138 3586
2920 3587
3588 1260
2818 3589
3083 3590
3591 2323
247 3592
3593 191
784 3594
3264 3595
3596 1844
326 3597
3027 3598
3599 1420
3600 3057
251 3601
1287 3602
3603 3468
2260 3604
3605 3261
3606 1843
3607 3315
3608 2442
3572 3609
609 3610
3611 669
3612 2910
3613 1930
3170 3614
3615 2422
1007 3616
69 3617
2118 3618
3619 2068
3620 2532
3621 2671
379 3622
1383 3623
3624 724
3625 3262
2237 3626
3627 1899
374 3628
1326 3629
2378 3630
1379 3631
1291 3632
796 3633
3548 3634
1028 3635
140 3636
3637 2283
1425 3638
1485 3639
3640 2143
1155 3641
3642 3464
962 3643
3644 2024
3645 718
3646 2826
3647 2840
2252 3648
2370 3649
3650 1456
3651 2652
72 3652
3653 1587
3654 1538
3655 2448
3656 2815
2107 3657
3658 1147
3659 3627
3660 3450
1840 3661
1840 3662
2943 3663
3664 2916
2220 3665
3666 3006
3667 3081
2275 3668
3416 3669
3670 1422
3671 908
1628 3672
2386 3673
3674 34
1912 3675
3071 3676
3677 1508
3678 133
3679 3360
3680 1876
2715 3681
2691 3682
3433 3683
3684 2564
845 3685
3686 361
3687 1624
610 3688
2797 3689
1170 3690
45 3691
3692 2688
180 3693
395 3694
1708 3695
2793 3696
3697 2951
3698 270
770 3699
3700 3287
1279 3701
3702 3485
2964 3703
3704 2266
3705 1112
1296 3706
3707 3589
3708 1582
814 3709
3710 1672
1424 3711
2402 3712
3713 2985
238 3714
2888 3715
1052 3716
2538 3717
2610 3718
3719 3121
3720 1380
1555 3721
3722 2782
1781 3723
910 3724
3725 381
270 3726
1401 3727
612 3728
1097 3729
2681 3730
3731 592
2773 3732
2288 3733
366 3734
3735 775
2915 3736
3737 295
3738 372
3739 3117
3740 2910
3741 3123
2243 3742
3425 3743
2119 3744
3745 2438
2516 3746
2163 3747
3748 444
3749 1145
3750 200
3518 3751
1690 3752
3753 577
3754 2229
3755 910
3756 2837
3757 3377
645 3758
3759 2586
3249 3760
3761 2728
3266 3762
3763 2928
3248 3764
3765 3488
3334 3766
3676 3767
3768 1548
2707 3769
3770 2329
805 3771
3772 1971
3773 1840
3774 266
3775 1652
1846 3776
2536 3777
3778 1325
3779 1893
3780 2161
3781 170
2555 3782
3783 1243
92 3784
3785 3404
3383 3786
3787 2255
3788 3749
3789 3736
3757 3790
426 3791
1982 3792
486 3793
569 3794
2709 3795
742 3796
3797 2457
3798 939
2373 3799
2984 3800
2171 3801
3780 3802
3803 2426
3804 683
3805 3106
1179 3806
3807 2854
3808 2802
3809 2430
3810 601
1513 3811
3812 3160
3813 2390
3814 1572
408 3815
3816 990
987 3817
2418 3818
1452 3819
2267 3820
3821 1210
3822 1722
3823 708
108 3824
1422 3825
2493 3826
376 3827
3001 3828
3829 476
3830 2136
631 3831
3747 3832
3833 3009
1682 3834
3835 86
3836 196
2123 3837
3838 2703
3839 3448
3840 2081
3841 2932
42 3842
3701 3843
247 3844
3845 2180
3613 3846
3847 2349
3848 1814
3849 659
151 3850
3851 3346
3852 1805
3853 2496
1849 3854
1001 3855
3856 2575
3857 3296
3858 3577
3859 3179
2106 3860
3861 3421
2929 3862
3863 3572
2055 3864
3058 3865
2289 3866
1496 3867
3868 1275
1375 3869
2408 3870
2469 3871
3872 1203
3873 3194
3368 3874
2127 3875
3876 836
3877 913
2018 3878
1982 3879
3190 3880
3881 809
3882 474
3883 138
3884 2675
3885 265
3886 1385
2560 3887
449 3888
3889 2752
3890 2743
3891 2524
3652 3892
3893 2133
3894 911
3279 3895
2601 3896
388 3897
3898 3762
3899 2394
3900 3404
1763 3901
2620 3902
2768 3903
3904 2827
1499 3905
2470 3906
3907 1884
3908 3230
2183 3909
3910 1628
2544 3911
3912 3029
310 3913
3023 3914
2638 3915
3916 2316
3917 54
455 3918
2566 3919
3920 326
3921 752
3922 2568
3923 3186
3924 2834
3925 3385
1196 3926
1002 3927
1948 3928
3779 3929
3930 1447
3931 2991
3932 1574
3933 2856
3934 2345
3935 134
1386 3936
3937 802
3664 3938
443 3939
3255 3940
1731 3941
3942 837
3943 740
3944 1230
2565 3945
237 3946
1401 3947
767 3948
3949 2791
3950 1221
2343 3951
3952 1828
3953 3492
3954 738
3955 3846
3956 1500
3957 687
3958 952
3959 286
691 3960
1623 3961
1852 3962
2488 3963
3964 540
3965 1685
3530 3966
3715 3967
2182 3968
3394 3969
515 3970
3971 3629
3972 374
2512 3973
3974 2764
1605 3975
3976 2742
894 3977
3978 1694
3979 2571
3667 3980
565 3981
3982 1841
3854 3983
3984 603
1848 3985
960 3986
3987 3459
3988 2478
3989 3473
880 3990
653 3991
2316 3992
1406 3993
3994 3313
2300 3995
77 3996
3997 587
3998 2774
3999 1853
4000 814
4001 3650
605 4002
4003 1461
4004 1685
2616 4005
4006 2165
4007 203
3994 4008
4009 837
4010 3233
4011 964
2048 4012
4013 3538
554 4014
2987 4015
4016 2414
4017 2248
4018 1467
4019 81
4020 1430
4021 2598
4022 725
329 4023
411 4024
3195 4025
2064 4026
4027 2467
2784 4028
3528 4029
4030 2909
3554 4031
1091 4032
883 4033
4034 2536
1765 4035
4003 4036
4037 331
4038 3386
2972 4039
1652 4040
3688 4041
4042 2499
3905 4043
4044 144
3329 4045
4046 933
4047 436
2174 4048
1437 4049
661 4050
4051 113
4052 382
4053 2419
4054 3930
1410 4055
800 4056
4057 574
4058 3615
4059 1164
4060 1375
238 4061
4062 4013
880 4063
2419 4064
2736 4065
4066 521
3516 4067
4068 3225
4069 2284
3922 4070
23 4071
4072 2108
4073 1046
4074 3325
996 4075
650 4076
4077 3286
366 4078
4079 2879
4080 2506
1175 4081
4082 615
568 4083
4084 3170
4085 3654
4086 2330
4087 408
3296 4088
2382 4089
4090 1592
1548 4091
4092 270
2115 4093
475 4094
1704 4095
2906 4096
4097 1743
4098 2585
4099 1359
2005 4100
2151 4101
671 4102
1772 4103
4104 181
1665 4105
3895 4106
249 4107
3785 4108
4109 1553
3506 4110
1224 4111
666 4112
3042 4113
3891 4114
937 4115
4116 3614
4117 1648
4118 1255
1989 4119
2162 4120
2057 4121
4122 826
3506 4123
1841 4124
3028 4125
467 4126
91 4127
2823 4128
4129 1428
4130 2563
778 4131
4132 1874
4133 1741
2797 4134
2226 4135
4136 3714
2243 4137
4138 3548
4139 2729
4140 2674
3025 4141
3689 4142
3750 4143
381 4144
4145 686
4146 104
4147 3966
4148 382
4149 117
2883 4150
148 4151
4152 3434
4153 3904
3976 4154
4155 3673
3171 4156
282 4157
4158 1244
4159 1748
4160 3324
3592 4161
4162 2260
829 4163
4164 2579
1902 4165
3237 4166
4167 2188
2695 4168
4169 2013
4170 531
4171 1824
946 4172
1004 4173
706 4174
4175 1574
3707 4176
4177 3959
514 4178
4179 3115
2035 4180
4181 1438
3510 4182
1948 4183
4184 1346
4185 219
2002 4186
4187 3691
4188 1774
4189 1149
4190 2479
4191 736
4192 1107
4193 3715
3439 4194
2546 4195
4196 3967
4197 2040
3220 4198
4199 924
4055 4200
3167 4201
2885 4202
2307 4203
1617 4204
2501 4205
3858 4206
1273 4207
559 4208
4209 4135
4210 1270
2625 4211
4212 2087
2948 4213
4214 311
4215 2330
469 4216
3710 4217
1364 4218
3303 4219
3944 4220
3670 4221
1068 4222
4223 3122
4224 46
3949 4225
1754 4226
4171 4227
4228 4118
1941 4229
3727 4230
4231 3334
4232 2348
4233 1015
4234 4129
3110 4235
3601 4236
4237 82
4238 4069
4239 3399
4240 3630
4241 2258
4044 4242
4243 2609
4244 1770
4245 1181
4246 4008
1084 4247
3251 4248
4249 3938
150 4250
4251 2448
448 4252
3640 4253
3248 4254
4255 2564
4256 34
4257 849
4040 4258
3336 4259
2277 4260
4261 2862
2309 4262
4263 1055
3975 4264
799 4265
4266 661
4267 3439
4268 2823
4269 1154
4270 4033
4084 4271
1688 4272
4273 465
622 4274
4275 81
1039 4276
194 4277
4278 3981
4279 1272
1983 4280
1124 4281
1710 4282
2390 4283
1003 4284
4285 1453
4286 1907
2171 4287
4288 3815
1675 4289
4020 4290
3459 4291
4292 3162
4293 2244
1769 4294
3839 4295
1590 4296
4297 2810
4298 3185
2504 4299
4300 2341
4301 3779
3863 4302
1681 4303
4304 2231
682 4305
3662 4306
1491 4307
3209 4308
1223 4309
4310 1937
4311 1782
968 4312
3506 4313
4314 1735
1102 4315
2190 4316
3953 4317
3555 4318
757 4319
4320 920
2253 4321
4322 2428
4323 2478
861 4324
3360 4325
4326 4040
4327 2585
3353 4328
4090 4329
4330 2542
4331 768
4332 4076
4333 1739
3134 4334
4335 1941
4323 4336
4337 4093
3274 4338
1772 4339
4340 1933
4341 3368
4342 3830
4343 4297
3392 4344
3439 4345
2154 4346
4347 1833
3100 4348
4349 1847
2733 4350
3758 4351
4352 3235
1767 4353
4354 3515
2197 4355
4356 768
4357 1074
4358 723
4359 1471
3734 4360
4361 1857
4362 2371
2200 4363
4364 1809
4365 67
4366 1532
3055 4367
2326 4368
4369 3513
2903 4370
4371 2898
1779 4372
4373 422
594 4374
511 4375
319 4376
4377 2947
2956 4378
4379 4160
4380 1303
4029 4381
1830 4382
4383 296
2970 4384
678 4385
742 4386
2682 4387
4388 3148
4389 4342
1994 4390
4391 2026
4392 3027
4393 2966
4394 3599
3803 4395
246 4396
4397 2874
667 4398
4055 4399
4400 2932
4401 1522
2000 4402
4403 3344
4404 2246
1846 4405
4406 2368
51 4407
4408 1984
1818 4409
3428 4410
4411 2696
4412 3965
4413 3920
909 4414
1437 4415
4416 1947
2480 4417
4418 3675
4419 4213
4420 2284
1669 4421
4422 726
2464 4423
3089 4424
1298 4425
4426 2463
774 4427
436 4428
468 4429
4430 4188
4431 3622
1903 4432
4433 3677
2307 4434
4435 3012
4436 696
3132 4437
439 4438
3902 4439
4440 1619
4441 1003
4442 1296
4443 3739
4444 926
3859 4445
4446 1526
2210 4447
4448 856
4449 3522
4450 3531
4451 4049
1086 4452
4453 1320
4083 4454
4455 4315
1784 4456
998 4457
1764 4458
4225 4459
4460 3935
1825 4461
2667 4462
1398 4463
1331 4464
2410 4465
3493 4466
4467 2279
2734 4468
4469 2241
4470 631
1138 4471
986 4472
4037 4473
4340 4474
4475 1473
2939 4476
4477 3896
1949 4478
1366 4479
4480 2380
4481 1769
4482 1157
4483 4147
4484 2149
4485 499
4486 2350
2328 4487
4488 3557
2678 4489
4490 754
4491 4202
2897 4492
2675 4493
4210 4494
4 4495
4496 4463
2327 4497
4498 1098
3707 4499
770 4500
4501 3558
403 4502
1305 4503
4504 1390
4505 4110
4506 3596
4507 2271
4508 3381
4509 4429
4510 1047
4511 4059
3011 4512
2515 4513
4514 709
3221 4515
4516 1365
4517 2804
2014 4518
4519 1051
4520 3226
4521 4486
87 4522
4523 3755
2231 4524
103 4525
2009 4526
3665 4527
1112 4528
1977 4529
4530 708
4531 3533
3616 4532
4533 4481
4534 2364
4535 4456
4536 1123
947 4537
607 4538
2071 4539
4540 1380
43 4541
4542 1686
3909 4543
4544 2909
4545 3770
4546 149
4547 2818
4548 1691
1034 4549
2877 4550
4551 1953
4552 2680
4553 2727
1788 4554
4555 3537
4556 3537
1544 4557
882 4558
1003 4559
2175 4560
2886 4561
4562 1761
4563 1563
2297 4564
4565 2105
4566 1023
4567 4242
4568 2995
4569 2028
4570 868
2543 4571
2363 4572
2262 4573
4574 4170
4575 3704
4576 2616
1732 4577
1066 4578
2273 4579
1980 4580
4581 3437
4582 3425
4583 1393
1497 4584
4585 1435
462 4586
4587 3590
984 4588
4589 3791
4590 3000
4591 237
1150 4592
3462 4593
2830 4594
4595 1050
4596 653
2551 4597
1403 4598
2111 4599
4600 4191
4601 3443
4263 4602
155 4603
739 4604
3452 4605
4606 1442
4607 1719
4608 3245
2774 4609
1362 4610
843 4611
4612 3072
4613 645
4614 1645
3461 4615
4616 2065
4617 4381
3042 4618
365 4619
1422 4620
2863 4621
4622 457
4623 3444
4624 2662
2255 4625
4626 3748
188 4627
4452 4628
4288 4629
4630 3010
4631 2060
943 4632
249 4633
1015 4634
2087 4635
4636 2058
3130 4637
3317 4638
1415 4639
4640 4205
779 4641
4642 3766
4240 4643
162 4644
3439 4645
4646 1451
4647 1402
4167 4648
3542 4649
4650 687
2768 4651
4652 4178
2506 4653
4654 2017
4327 4655
1934 4656
2513 4657
4658 3170
278 4659
270 4660
796 4661
4662 3496
4663 1243
4641 4664
4665 311
4666 2877
2544 4667
4668 1905
4669 3417
4670 727
4671 2454
4672 3705
4673 3929
4108 4674
3348 4675
4384 4676
4677 2252
1812 4678
2297 4679
4680 3789
3801 4681
4682 1803
4683 2621
823 4684
4685 2756
2369 4686
2189 4687
1083 4688
1661 4689
4690 2897
1908 4691
1440 4692
4693 636
3284 4694
72 4695
3621 4696
3798 4697
4698 1443
4699 2560
164 4700
1043 4701
2181 4702
4703 595
2128 4704
1103 4705
1148 4706
4707 2062
1811 4708
4709 2311
4710 1288
4711 1494
2281 4712
3161 4713
609 4714
1819 4715
3239 4716
4717 1531
4524 4718
1974 4719
4633 4720
4721 3339
4722 2549
3783 4723
4724 2152
1737 4725
2016 4726
4727 1461
487 4728
2329 4729
2064 4730
4731 1675
1279 4732
4216 4733
2489 4734
3702 4735
3859 4736
944 4737
149 4738
4739 1398
150 4740
4741 1287
4742 711
4743 4513
4010 4744
2096 4745
1070 4746
4747 839
4748 2106
74 4749
4750 2328
180 4751
146 4752
8 4753
4754 3689
1947 4755
4756 4586
4757 1961
2816 4758
1671 4759
1147 4760
4761 1523
4762 2620
4763 2468
2583 4764
1532 4765
4766 38
2993 4767
4768 4160
943 4769
3600 4770
2727 4771
2989 4772
2720 4773
3578 4774
4775 1686
1989 4776
2247 4777
1471 4778
4047 4779
3380 4780
527 4781
4782 599
146 4783
4274 4784
3667 4785
4786 1226
4787 602
2907 4788
550 4789
4790 433
4791 1044
2709 4792
3136 4793
4794 3043
4795 3546
4796 1434
4797 4278
4798 3516
912 4799
2421 4800
2797 4801
3386 4802
4803 1603
3904 4804
4805 2389
1247 4806
4807 1889
2753 4808
4012 4809
1096 4810
3138 4811
3774 4812
4705 4813
3760 4814
4052 4815
4816 3805
33 4817
2186 4818
3970 4819
4820 2308
2104 4821
4822 1053
3464 4823
4824 4532
4825 4553
1945 4826
4827 4711
4171 4828
4829 4612
1281 4830
166 4831
2057 4832
2585 4833
2798 4834
4835 3290
4836 4438
295 4837
2631 4838
1185 4839
4840 2929
1048 4841
4842 888
864 4843
4844 2551
529 4845
4699 4846
4847 132
4848 1043
4849 2591
4850 4788
4851 406
4852 1365
4853 3763
1944 4854
4547 4855
3813 4856
4433 4857
4387 4858
4859 3149
4860 1740
4861 986
951 4862
1197 4863
4864 1850
2368 4865
775 4866
4867 4038
693 4868
4869 3253
372 4870
4871 861
4663 4872
4873 4791
4874 2589
4547 4875
499 4876
4877 3184
2050 4878
4564 4879
4479 4880
4881 1457
4393 4882
2685 4883
3530 4884
2501 4885
4886 3163
4887 4397
4246 4888
4889 1063
2373 4890
4284 4891
4892 4408
2544 4893
2867 4894
4895 929
659 4896
4897 1627
3534 4898
4899 1470
3767 4900
4901 4871
308 4902
4430 4903
4904 2712
4905 1984
4906 1888
4907 766
707 4908
2352 4909
4910 3180
2001 4911
4912 4575
4913 3190
1928 4914
4915 4240
4916 3307
4917 3413
4918 3892
776 4919
4920 1641
4921 4134
1844 4922
4923 1015
1282 4924
4925 3958
4926 171
4927 2960
2158 4928
3676 4929
4930 4661
888 4931
2177 4932
3953 4933
3915 4934
4935 2544
4936 4516
4317 4937
1959 4938
4778 4939
4940 1740
2424 4941
1589 4942
545 4943
4944 1148
371 4945
4946 3889
4947 1989
1099 4948
4576 4949
1746 4950
4951 4900
1504 4952
4563 4953
3269 4954
4955 2566
4956 1566
4957 39
65 4958
4959 752
1299 4960
4961 4539
1499 4962
4433 4963
3253 4964
4573 4965
4381 4966
4967 2672
1117 4968
4969 1015
4970 3940
4150 4971
4972 4601
4973 3584
4378 4974
205 4975
4976 3479
4148 4977
3733 4978
4979 608
4980 1356
4981 93
2830 4982
4983 622
4485 4984
2516 4985
4986 775
4024 4987
4124 4988
4989 4170
4990 4258
4991 2623
3167 4992
4993 2743
4994 3897
1176 4995
4996 4251
4997 2367
1725 4998
4999 4529
835 5000