5000
3503 3504
4485 4484
4417 4416
3484 3483
4454 4455
1919 1918
1185 1186
3867 3868
4831 4832
3282 3281
1788 1787
4706 4705
708 707
1043 1044
2523 2522
652 653
1000 1001
3798 3797
3995 3994
4390 4389
2426 2425
3419 3418
1367 1366
2125 2124
1745 1744
3035 3034
1975 1976
4773 4772
3920 3919
4192 4191
474 475
3940 3939
3380 3379
2571 2570
2087 2086
3329 3330
3198 3197
1572 1573
3292 3291
3171 3172
237 238
4279 4278
1998 1999
227 226
3792 3791
3821 3822
637 638
4655 4656
2725 2726
3666 3667
3397 3396
1279 1278
4032 4033
781 780
1119 1118
175 176
3816 3817
1364 1363
4741 4740
2689 2688
2066 2065
4699 4698
1540 1541
2246 2245
4779 4778
2356 2355
2406 2407
60 61
4739 4738
2010 2009
807 808
2049 2048
544 543
3973 3972
4194 4193
1793 1794
4697 4698
4530 4531
1768 1767
3789 3790
3293 3294
4897 4896
2343 2344
3233 3234
670 671
630 629
2928 2927
2313 2314
1131 1130
98 99
1823 1824
1361 1362
4632 4633
3856 3855
3103 3104
2883 2882
3962 3963
2143 2142
4448 4447
3214 3213
4870 4871
303 304
4495 4494
2472 2471
4966 4965
113 112
4591 4590
919 920
1874 1875
3594 3593
2776 2775
2693 2692
356 355
2733 2732
2944 2943
1018 1017
3920 3921
3568 3569
827 828
1565 1564
4370 4371
668 669
2263 2262
2634 2635
2182 2183
2513 2514
2447 2446
3453 3452
4319 4318
239 240
2617 2618
4045 4044
2294 2293
3519 3520
1803 1804
654 653
4365 4366
2482 2483
3741 3740
569 570
61 62
4650 4651
1646 1645
1834 1835
2976 2975
454 453
4520 4519
3609 3610
3572 3573
3341 3342
1265 1264
3057 3056
275 274
2740 2741
1765 1766
1039 1038
3945 3944
1889 1888
3783 3784
3065 3064
276 275
1932 1931
4889 4890
1245 1246
1352 1351
3482 3483
4161 4160
3432 3431
1987 1986
1136 1137
4247 4246
3528 3527
2970 2971
963 962
990 989
432 431
4241 4242
4222 4223
4949 4948
2544 2543
2738 2737
4850 4851
1244 1243
2917 2916
4806 4807
2774 2775
3824 3825
2838 2839
4952 4951
769 770
3660 3661
3529 3530
350 351
1102 1101
4937 4936
3097 3098
922 923
2221 2222
2876 2877
3587 3586
1441 1442
4412 4411
1807 1806
1993 1992
1876 1875
2774 2773
3055 3054
2533 2532
1980 1979
4380 4381
4056 4055
811 810
548 547
376 377
3823 3822
3780 3779
1916 1915
2072 2071
4424 4425
2783 2784
2012 2013
1836 1837
4550 4549
2408 2409
4598 4597
3814 3813
464 465
2572 2571
3111 3112
4116 4115
1596 1595
4538 4537
203 204
2206 2205
1675 1676
304 305
732 733
1245 1244
3303 3302
2708 2709
567 566
4771 4772
4321 4322
438 439
3731 3732
938 939
4116 4117
3001 3000
4432 4431
986 987
830 829
4601 4602
2064 2065
141 142
3467 3468
893 892
2737 2736
4726 4725
3377 3378
4733 4734
1740 1741
1670 1669
4930 4931
4918 4917
3852 3853
700 701
1218 1219
3663 3664
4049 4050
307 306
2500 2499
639 638
3285 3286
4315 4316
313 312
4533 4534
2580 2579
1927 1928
1636 1635
3847 3846
3661 3662
4526 4525
890 891
1391 1392
2639 2640
2547 2546
1611 1612
1501 1500
3577 3576
1423 1422
4882 4881
101 102
850 851
4039 4040
4257 4258
1729 1730
4112 4113
2137 2136
2578 2577
510 511
7 8
2368 2367
1850 1849
520 521
2181 2182
2526 2527
977 978
1862 1861
719 720
4277 4278
1152 1153
3581 3580
2642 2641
4538 4539
995 994
2116 2117
4029 4030
561 560
346 347
2249 2250
3341 3340
4023 4022
3879 3880
1466 1467
4897 4898
507 508
4031 4032
255 256
4395 4394
3185 3184
1999 2000
1934 1933
74 73
318 319
3989 3988
1425 1424
3902 3903
2962 2961
1205 1206
339 338
349 350
1799 1798
3756 3755
1124 1125
2067 2066
2080 2079
3994 3993
4614 4615
2527 2528
1092 1093
1942 1941
4005 4006
22 21
1995 1994
2008 2007
3331 3330
2304 2305
3561 3562
1784 1783
230 231
2945 2944
2665 2666
3675 3676
1631 1630
479 480
117 118
3421 3422
2685 2684
2019 2020
918 919
2401 2402
6 5
357 358
1556 1557
3685 3686
2960 2961
4385 4386
152 151
2802 2803
1055 1056
1207 1208
2844 2843
1951 1952
4232 4233
1364 1365
3396 3395
1963 1962
2782 2783
3437 3436
2672 2673
2556 2555
2270 2269
2223 2224
3546 3545
2198 2199
3518 3519
3803 3804
28 29
3004 3003
1703 1704
3953 3952
3139 3138
4272 4271
2070 2069
3107 3108
3964 3965
2454 2453
3011 3010
1743 1742
798 799
4094 4093
3980 3981
179 178
631 630
3509 3510
1917 1916
2295 2294
4354 4353
2026 2025
3339 3338
228 229
4156 4155
261 260
4061 4060
2888 2889
4158 4159
2051 2050
2999 3000
1326 1325
4648 4647
2339 2338
1236 1237
2545 2544
2554 2555
3095 3096
2817 2816
3937 3936
258 257
2595 2594
3241 3240
559 558
782 783
4640 4641
1182 1183
3643 3644
1309 1310
3855 3854
4460 4461
2228 2227
2383 2382
1227 1228
2256 2257
3383 3382
788 787
365 366
4875 4874
285 284
3454 3455
4558 4557
3985 3986
983 982
1495 1494
3430 3431
1519 1520
2943 2942
4373 4372
31 30
4338 4337
3275 3274
2404 2403
1571 1572
1819 1820
269 268
3620 3619
1881 1880
1895 1894
207 208
488 487
837 838
2631 2632
1014 1013
875 874
596 597
486 485
756 757
1731 1732
2537 2538
4612 4611
1603 1604
954 953
883 884
3278 3277
1263 1264
2168 2169
3795 3796
1378 1379
3837 3838
3744 3745
4626 4627
1800 1799
4967 4966
2591 2590
2321 2320
3169 3170
2411 2412
3394 3393
1725 1724
2802 2801
4004 4003
4531 4532
4887 4888
3568 3567
3240 3239
4848 4849
2974 2975
1630 1629
67 68
824 825
2781 2780
1478 1477
3251 3252
3167 3166
1286 1285
4943 4944
4270 4271
3080 3079
4704 4705
3929 3928
2401 2400
1464 1463
2266 2265
4540 4541
2968 2969
4712 4711
3320 3319
2328 2329
3848 3849
1325 1324
2626 2627
4070 4071
3832 3833
2416 2417
4786 4787
3562 3563
3716 3717
494 495
3769 3768
270 269
3368 3369
2048 2047
3971 3972
1452 1451
4314 4315
1124 1123
4144 4143
4099 4098
4267 4266
4272 4273
3223 3222
1726 1727
1724 1723
2658 2657
4792 4791
2234 2233
4227 4226
3676 3677
221 222
2481 2482
2979 2978
4946 4945
3084 3085
3425 3426
4799 4798
531 530
1318 1319
2984 2983
1509 1508
2045 2044
1544 1545
254 255
1919 1920
4076 4075
2215 2216
2127 2128
4637 4638
465 466
3120 3121
4401 4400
4337 4336
4758 4759
292 291
702 701
3219 3220
4773 4774
3326 3327
3594 3595
704 703
2377 2378
1452 1453
2192 2193
3699 3698
4191 4190
4589 4590
2888 2887
4209 4210
2627 2628
2358 2357
1174 1173
2397 2398
3210 3211
4611 4610
177 176
1465 1464
1842 1841
2468 2467
2739 2738
4882 4883
349 348
1564 1563
367 366
2443 2444
984 985
3232 3233
2001 2002
4091 4090
1211 1212
293 292
2289 2290
2575 2574
4250 4249
3668 3669
41 42
2310 2311
888 889
2828 2827
1165 1166
260 259
1953 1952
4097 4098
3687 3688
3655 3654
2154 2155
3782 3781
1386 1385
1296 1295
791 790
3801 3800
1146 1145
2619 2618
3266 3265
3522 3523
2267 2266
3255 3256
3183 3182
2525 2526
2487 2488
3423 3424
4970 4969
2010 2011
2965 2964
2746 2745
1599 1600
2186 2187
3215 3216
1096 1097
4867 4866
1128 1127
3005 3004
3306 3307
803 804
4355 4354
3734 3735
342 343
4826 4825
344 343
831 830
4343 4344
27 28
2153 2152
1727 1728
1226 1225
2507 2508
2276 2277
2620 2621
3445 3444
2056 2057
791 792
2592 2593
2822 2823
319 320
4905 4904
763 764
4137 4136
133 134
1412 1413
2069 2068
1689 1690
1470 1469
1570 1571
345 344
1521 1522
4057 4056
932 931
3322 3321
1565 1566
2947 2948
1791 1792
4693 4694
4066 4065
4831 4830
3609 3608
1160 1159
4535 4536
4379 4378
2586 2587
3801 3802
4599 4598
1275 1274
1304 1305
21 20
436 437
4706 4707
2614 2613
4545 4546
2024 2023
3221 3220
3333 3334
12 11
2359 2358
1718 1717
37 36
3181 3180
3087 3088
4780 4779
4149 4150
40 41
1104 1105
2955 2956
481 482
2654 2653
127 128
3775 3776
3588 3587
4299 4300
1394 1395
3618 3617
1076 1075
4492 4491
3090 3089
581 582
3487 3488
1754 1755
539 538
957 958
2005 2004
2706 2707
4768 4769
2818 2819
15 14
669 670
3602 3603
4879 4878
2502 2503
1900 1901
867 866
4493 4492
402 401
2689 2690
3315 3316
2264 2265
2695 2696
1192 1193
2726 2727
3228 3227
1772 1773
2753 2754
4911 4912
2885 2884
3468 3469
2330 2329
2053 2052
2520 2521
1267 1268
522 521
788 789
4029 4028
1779 1778
4803 4802
1440 1441
2388 2389
1161 1160
1917 1918
4523 4524
3420 3421
1328 1329
4026 4027
4840 4839
1664 1663
2455 2454
1419 1418
3100 3101
2405 2406
2945 2946
1493 1492
3604 3605
1736 1735
4747 4748
4620 4621
1633 1632
4959 4960
608 607
666 667
482 483
1983 1984
4902 4901
3737 3738
4373 4374
3704 3703
2441 2442
497 498
3615 3616
1346 1347
3512 3513
3441 3440
2782 2781
3381 3382
408 409
4886 4887
4661 4660
4975 4976
2413 2412
115 114
1019 1020
3299 3298
4512 4511
1546 1547
3146 3145
4961 4962
4554 4555
1666 1665
1966 1967
2247 2248
1448 1449
2458 2459
4082 4081
3961 3962
3324 3325
4025 4026
2715 2716
3627 3626
739 738
2990 2989
2846 2847
908 907
1305 1306
3749 3750
1288 1289
898 899
1757 1756
1153 1154
2319 2320
3353 3352
4306 4307
1259 1258
2534 2535
443 444
3169 3168
2422 2421
1957 1956
4981 4980
722 721
4136 4135
4237 4238
2569 2568
3413 3412
1180 1179
494 493
635 636
2778 2779
2230 2229
3748 3747
3309 3308
2644 2643
3365 3364
2146 2145
282 281
4821 4820
2632 2633
1810 1809
2452 2451
1568 1567
1175 1174
1814 1815
242 241
308 309
1181 1182
3145 3144
3497 3498
3873 3872
1559 1558
1336 1337
2750 2749
1122 1121
1340 1341
3923 3924
2336 2337
782 781
4074 4073
4827 4828
1247 1248
1736 1737
512 513
2316 2315
1161 1162
2659 2658
1421 1420
814 813
4047 4046
443 442
3027 3028
4159 4160
3899 3900
2158 2159
2998 2997
2886 2887
2162 2161
2022 2023
715 716
4607 4608
3072 3071
1604 1605
4861 4862
2168 2167
1592 1591
3625 3624
3908 3909
446 447
3230 3231
838 839
780 779
3404 3403
87 86
386 385
3176 3175
2440 2439
3129 3128
884 885
760 759
2501 2500
914 915
4128 4129
1782 1781
2208 2207
4217 4216
4252 4251
3897 3898
4340 4339
1643 1644
4205 4204
971 970
2349 2350
3798 3799
4984 4983
3451 3450
961 962
424 423
3013 3012
4808 4809
3158 3157
1417 1416
4810 4809
3595 3596
3162 3161
1921 1922
1688 1689
3044 3045
3198 3199
119 118
2622 2621
203 202
102 103
4484 4483
1100 1099
2040 2041
4106 4105
1710 1709
4747 4746
4618 4617
1676 1677
980 981
3107 3106
446 445
2949 2948
1110 1111
3194 3193
4013 4012
770 771
1398 1399
2792 2793
1462 1461
4140 4141
4442 4441
4413 4414
2934 2935
1247 1246
968 969
4058 4057
3911 3912
675 674
2578 2579
2907 2906
3147 3148
4153 4154
693 692
3038 3039
603 602
2732 2731
4883 4884
4001 4002
3493 3494
4998 4997
1414 1415
4993 4994
3983 3984
690 689
4645 4646
132 131
407 408
2437 2436
4391 4392
4180 4179
1204 1205
4956 4957
1177 1178
865 864
4539 4540
178 177
2719 2718
2140 2141
3800 3799
4243 4244
4182 4181
4424 4423
2941 2942
3244 3245
1590 1589
1718 1719
693 694
4459 4458
3082 3081
4866 4865
3089 3088
290 291
1926 1927
3237 3236
1027 1028
126 125
687 688
3672 3671
2561 2560
3906 3907
2873 2872
1902 1901
4461 4462
4436 4437
4825 4824
2902 2903
4065 4064
2649 2648
1280 1281
4053 4052
3200 3201
1937 1938
3581 3582
4561 4562
1286 1287
2095 2094
4215 4216
4179 4178
10 9
575 576
130 131
3402 3403
2963 2964
1434 1435
1232 1233
1744 1743
2972 2973
1357 1358
2622 2623
4176 4175
4404 4403
1002 1001
2890 2891
1556 1555
3385 3384
529 530
3536 3537
863 862
1664 1665
4911 4910
1795 1794
2306 2307
4183 4184
3841 3842
4980 4979
1841 1840
563 562
336 337
3150 3149
3866 3865
1510 1511
1838 1837
785 786
4709 4710
516 517
2375 2374
1525 1524
1660 1661
1529 1528
4555 4556
4954 4955
4050 4051
1170 1171
935 936
2419 2418
1551 1552
4221 4222
2009 2008
662 661
1311 1310
2143 2144
1911 1910
4286 4285
3136 3137
397 398
4548 4549
4827 4826
4122 4123
3650 3651
4206 4207
3402 3401
223 224
46 45
4197 4198
4333 4332
2915 2916
479 478
2691 2692
1409 1408
4876 4877
3132 3131
3345 3346
4964 4963
4992 4993
180 181
70 69
1171 1172
3693 3694
3302 3301
191 190
1156 1155
1642 1643
3458 3459
4849 4850
4037 4036
4344 4345
1681 1682
4567 4566
1909 1910
945 946
4473 4472
454 455
4140 4139
2884 2883
2986 2985
4569 4570
1404 1403
571 570
846 845
4470 4471
4964 4965
2512 2513
3295 3294
3558 3559
4201 4202
2687 2688
368 369
1914 1913
1507 1506
2768 2767
3026 3027
1687 1686
165 164
924 923
2061 2060
575 574
2807 2808
1785 1786
3793 3794
3241 3242
4188 4189
450 451
767 766
3103 3102
3925 3926
2612 2611
4691 4692
2387 2386
4392 4393
3284 3285
140 139
1848 1849
512 511
3188 3187
584 583
2788 2789
3461 3460
2845 2844
4075 4074
2193 2194
4670 4671
4917 4916
4201 4200
775 776
3601 3602
157 156
426 425
2385 2384
2856 2857
2302 2301
3407 3406
585 584
124 123
4622 4623
1719 1720
1372 1371
595 594
4428 4427
745 744
4473 4474
4775 4776
2515 2514
3714 3715
1045 1046
3978 3977
2837 2836
2868 2869
1032 1033
143 142
1632 1631
3677 3678
1584 1583
4077 4078
677 678
1253 1254
2181 2180
4183 4182
1527 1528
665 666
4151 4152
4368 4369
902 901
4518 4519
4408 4407
4126 4127
342 341
351 352
1449 1450
1180 1181
3021 3020
3857 3858
3266 3267
4851 4852
3417 3418
360 359
2968 2967
3710 3709
3639 3640
1950 1949
4225 4226
730 729
4903 4902
3123 3122
80 81
2913 2914
1397 1396
4500 4499
2714 2713
3571 3570
2796 2797
1084 1085
1763 1762
1965 1964
4295 4296
1945 1944
2171 2170
3742 3741
2395 2394
3082 3083
1228 1229
3896 3897
843 844
4639 4638
154 155
4490 4489
485 484
4208 4209
3697 3696
298 297
2336 2335
1413 1414
4869 4868
2238 2237
4163 4164
1843 1844
335 334
4038 4037
4617 4616
2155 2156
1587 1586
1839 1840
4793 4794
1105 1106
564 565
1605 1606
4121 4122
4486 4487
3812 3813
2037 2038
31 32
3911 3910
4061 4062
1803 1802
4477 4478
2584 2583
4457 4458
307 308
3053 3052
621 622
2167 2166
631 632
4762 4763
3106 3105
286 287
4586 4585
1629 1628
3780 3781
4718 4717
249 248
4353 4352
371 370
387 386
1250 1251
588 589
4218 4217
1408 1407
4269 4270
2356 2357
778 779
1241 1240
1468 1469
743 744
4663 4664
3369 3370
4510 4509
2480 2481
895 896
1520 1521
3401 3400
4725 4724
2800 2801
663 662
3500 3501
2107 2108
2790 2791
1333 1334
3509 3508
4812 4811
3668 3667
4934 4933
960 959
79 80
4817 4816
3819 3818
2561 2562
2497 2496
3543 3542
3669 3670
4255 4254
2882 2881
1258 1257
2967 2966
2529 2528
2786 2787
1147 1148
4985 4986
1460 1459
2792 2791
2537 2536
3735 3736
4682 4681
3406 3405
836 835
4987 4986
3716 3715
1562 1561
2540 2539
3783 3782
2826 2827
2415 2416
3720 3721
2094 2093
258 259
3038 3037
4689 4690
2298 2299
859 858
4317 4318
82 81
3439 3438
966 967
623 622
4731 4732
1078 1077
747 746
4444 4445
4456 4455
4080 4079
1853 1854
4818 4819
1221 1222
1177 1176
4113 4114
4800 4799
3217 3218
2605 2606
2157 2158
2204 2205
3957 3956
2083 2084
2682 2681
1777 1778
3653 3654
2925 2924
583 582
1638 1637
3131 3130
3512 3511
878 879
4637 4636
2497 2498
3116 3115
1517 1516
4951 4950
2075 2076
4203 4204
1597 1596
4115 4114
4605 4606
1474 1473
2378 2379
4284 4285
99 100
2909 2910
3417 3416
2505 2504
2390 2391
324 325
4288 4289
4873 4872
3142 3141
3656 3657
1946 1947
463 462
4320 4319
4489 4488
715 714
2952 2953
2135 2136
1062 1061
4584 4583
1621 1620
3719 3720
4996 4997
727 726
627 628
1790 1791
1691 1690
2437 2438
2270 2271
4654 4653
1581 1580
2359 2360
2489 2490
3303 3304
946 947
2854 2855
604 603
403 404
3428 3429
4653 4652
2211 2210
50 49
2164 2165
412 411
1609 1608
2598 2597
2628 2629
1034 1033
4928 4929
673 672
2256 2255
740 741
1772 1771
706 707
4099 4100
1569 1570
1431 1430
3140 3141
3410 3411
2666 2667
2696 2697
675 676
856 855
1887 1888
4624 4623
3807 3806
3147 3146
1998 1997
846 847
1021 1022
3612 3611
2096 2097
1392 1393
4486 4485
871 870
4162 4161
4995 4996
4052 4051
2840 2839
1771 1770
1905 1904
2045 2046
3516 3515
4619 4618
4299 4298
1016 1015
1188 1189
4479 4478
2963 2962
3031 3032
4027 4028
1480 1481
4686 4687
1054 1055
2247 2246
4514 4515
1163 1164
1220 1219
1949 1948
2506 2505
1574 1575
2208 2209
553 554
196 197
1680 1679
2172 2171
3756 3757
2960 2959
3332 3331
3987 3986
3752 3753
1644 1645
3942 3943
3434 3435
2288 2289
1477 1476
233 234
3295 3296
295 296
758 757
4824 4823
1212 1213
84 85
1530 1529
3502 3503
2702 2701
4925 4924
2749 2748
2657 2656
3670 3671
4103 4102
1094 1095
3672 3673
532 533
2340 2341
4853 4854
1860 1859
58 59
3215 3214
2200 2199
4720 4721
4348 4349
4434 4435
2338 2337
1979 1978
2188 2189
4083 4082
4673 4672
1640 1641
2225 2224
3289 3288
2668 2667
68 69
4331 4330
4941 4940
3746 3745
1198 1197
4450 4449
1433 1432
4088 4089
926 927
3487 3486
1255 1254
1330 1329
2563 2564
3873 3874
532 531
3170 3171
1627 1628
1700 1701
1468 1467
1049 1050
815 816
865 866
713 712
2485 2484
208 209
3719 3718
3186 3187
698 697
959 958
4186 4185
2678 2679
2273 2272
2261 2260
1673 1672
3288 3287
3264 3263
4746 4745
3579 3580
326 327
3321 3320
1576 1577
2685 2686
394 393
3325 3326
1481 1482
4495 4496
1470 1471
1479 1478
3471 3472
2455 2456
2683 2682
1014 1015
3441 3442
1191 1190
3430 3429
3293 3292
3999 3998
4604 4605
2771 2770
450 449
4177 4178
1127 1126
184 185
374 373
1795 1796
3764 3765
263 264
383 384
2852 2851
2874 2873
4350 4349
664 663
3359 3360
2292 2293
810 809
4170 4169
1939 1938
3583 3584
3560 3559
1013 1012
2333 2332
3660 3659
4683 4684
3073 3074
1131 1132
774 773
1475 1476
4657 4656
2276 2275
823 824
3701 3702
3191 3190
354 353
818 819
3870 3869
3883 3882
1879 1878
163 162
2565 2566
1290 1289
2996 2995
33 32
2057 2058
2533 2534
3473 3474
1307 1306
3035 3036
126 127
1527 1526
290 289
216 215
4388 4389
4293 4294
1708 1709
1059 1058
606 605
3583 3582
3199 3200
1490 1491
3538 3537
3193 3192
798 797
239 238
595 596
2475 2474
1308 1309
1796 1797
2552 2553
3748 3749
1911 1912
4630 4629
478 477
4045 4046
2473 2474
1268 1269
3816 3815
620 621
4377 4378
820 819
2976 2977
612 611
3740 3739
3 2
3350 3351
4790 4791
3060 3059
540 539
3866 3867
3557 3556
1613 1614
2176 2177
851 852
3757 3758
1642 1641
167 168
2077 2076
546 547
301 300
3457 3456
173 174
2091 2090
1691 1692
188 189
224 225
445 444
2102 2101
3847 3848
2369 2368
3185 3186
2364 2363
1499 1500
4847 4848
2663 2662
4593 4594
265 266
1934 1935
2142 2141
917 916
4010 4011
2816 2815
3849 3850
2607 2608
1348 1349
3932 3933
1828 1827
2567 2566
3462 3463
4658 4657
55 54
1179 1178
951 950
1432 1431
3413 3414
2352 2351
3033 3034
3194 3195
1721 1720
918 917
2594 2593
1622 1621
528 527
2343 2342
4922 4921
2150 2149
2210 2209
3754 3753
1864 1865
1069 1070
3111 3110
365 364
1810 1811
4536 4537
284 283
2991 2990
4063 4064
1411 1410
4961 4960
4452 4453
1327 1328
4666 4667
2581 2582
3831 3832
1873 1872
879 880
4610 4609
3435 3436
253 252
2895 2896
1985 1984
3474 3475
4630 4631
1210 1211
3973 3974
4224 4223
3018 3019
3475 3476
4172 4173
270 271
2699 2698
4768 4767
3237 3238
3086 3087
4977 4978
4893 4894
2091 2092
1388 1389
2616 2615
1909 1908
1748 1747
605 604
104 105
4692 4693
952 951
3372 3373
2813 2814
4641 4642
4437 4438
1845 1844
469 470
2026 2027
2710 2711
1893 1892
4040 4041
1790 1789
51 50
3005 3006
267 266
3764 3763
3929 3930
3337 3338
1497 1496
1834 1833
1081 1080
2004 2003
2034 2033
4089 4090
2241 2240
3738 3739
1713 1714
166 165
1809 1808
4504 4505
4320 4321
4628 4629
212 211
1456 1457
4350 4351
2088 2089
3179 3178
4596 4597
1900 1899
2175 2176
2110 2111
1881 1882
2988 2989
4497 4498
3135 3134
3036 3037
138 139
452 453
4010 4009
3535 3534
1561 1560
538 537
4745 4744
3173 3172
4627 4628
362 363
1374 1375
1825 1826
3808 3807
3407 3408
3957 3958
4564 4565
4665 4664
3996 3997
3358 3357
2231 2230
1071 1072
2531 2532
4399 4398
2011 2012
616 615
4361 4362
2050 2049
961 960
1357 1356
3152 3153
3858 3859
3387 3388
2492 2491
3458 3457
4835 4834
2274 2273
3300 3301
1339 1340
2765 2764
4752 4753
2244 2245
4885 4886
1274 1273
3336 3335
1847 1846
3894 3893
2299 2300
2203 2202
4813 4814
4578 4579
1223 1224
3277 3276
54 53
529 528
4888 4889
1034 1035
4942 4941
4196 4197
3881 3882
91 90
965 966
3708 3709
4199 4200
4246 4245
2504 2503
847 848
3290 3289
3136 3135
1042 1043
4110 4111
3452 3451
2705 2704
245 244
1607 1608
3948 3947
1531 1532
4428 4429
4303 4304
1786 1787
2187 2188
2787 2788
2551 2550
4130 4129
4470 4469
4282 4283
428 429
2853 2854
1351 1350
1346 1345
1299 1298
1781 1780
999 998
4333 4334
4982 4983
458 459
1660 1659
4293 4292
4891 4892
1670 1671
323 324
3864 3865
2301 2300
624 623
1024 1025
4822 4821
160 161
1968 1967
719 718
4721 4722
1801 1802
3674 3673
122 121
3926 3927
2817 2818
731 732
3225 3226
4588 4589
3969 3968
1553 1554
1852 1853
4708 4709
1785 1784
2870 2869
2307 2308
2636 2637
1560 1559
3729 3730
1487 1488
329 330
1189 1190
1534 1533
1259 1260
1170 1169
887 888
808 809
1856 1857
3126 3125
3624 3623
709 708
3243 3244
1582 1581
2824 2825
2549 2550
2654 2655
4071 4072
1907 1908
422 421
1057 1058
2905 2906
2879 2880
640 639
472 473
6 7
3662 3663
380 379
3992 3991
2824 2823
1851 1852
695 696
2935 2936
1287 1288
2604 2605
2940 2941
3845 3844
1396 1395
4388 4387
3516 3517
1415 1416
1071 1070
1726 1725
12 13
2325 2326
4268 4267
4240 4239
77 78
3787 3786
141 140
1832 1833
4231 4230
3543 3544
2542 2541
1505 1506
536 535
2427 2428
4783 4782
3597 3596
138 137
3164 3165
136 135
1313 1312
1850 1851
3829 3828
4367 4368
3493 3492
2327 2328
4548 4547
3859 3860
9 8
890 889
2485 2486
2630 2631
4290 4289
1023 1022
3243 3242
97 96
2756 2755
3938 3939
400 399
2735 2734
390 391
1717 1716
4125 4124
1836 1835
3805 3804
1316 1317
4465 4466
3445 3446
841 842
232 233
2502 2501
1151 1152
4481 4480
515 514
3976 3975
248 247
1323 1322
2999 2998
4551 4550
4575 4574
1768 1769
3079 3078
4666 4665
4091 4092
3191 3192
4467 4468
1502 1503
4394 4393
1012 1011
3093 3092
1243 1242
249 250
3567 3566
4085 4086
3470 3471
1065 1066
2842 2843
3968 3967
1302 1301
4464 4463
4228 4227
3684 3683
1003 1002
2241 2242
4175 4174
1610 1611
1991 1992
4364 4363
2028 2027
817 816
1652 1653
4395 4396
1655 1654
1668 1669
3383 3384
508 509
3762 3761
2673 2674
4581 4582
419 420
2191 2190
476 477
3919 3918
2596 2597
3316 3317
901 900
90 89
2114 2115
833 834
448 449
2821 2820
1087 1088
1 2
4145 4144
173 172
3273 3272
1282 1281
164 163
2226 2227
1662 1661
2902 2901
1893 1894
941 942
602 601
2035 2034
293 294
2450 2451
4873 4874
1539 1540
688 689
3990 3989
1378 1377
3195 3196
4760 4759
3304 3305
668 667
4069 4068
1390 1391
2614 2615
2232 2233
2868 2867
643 644
2116 2115
2747 2748
4720 4719
166 167
4926 4925
4841 4840
833 832
4790 4789
314 315
2160 2161
4134 4135
4801 4802
4963 4962
1504 1503
2895 2894
2184 2185
2922 2921
3380 3381
4369 4370
1710 1711
4469 4468
1990 1991
425 424
2123 2122
1261 1262
219 220
2492 2493
2296 2297
2214 2213
1666 1667
1297 1298
86 85
2353 2352
3379 3378
4497 4496
4700 4701
1980 1981
1656 1657
2798 2799
4977 4976
4855 4856
1256 1257
4417 4418
74 75
2242 2243
2588 2589
3531 3532
4309 4308
2826 2825
1706 1705
1300 1301
818 817
3606 3605
2017 2016
4858 4857
3156 3155
4376 4375
1358 1359
1422 1421
3835 3836
3766 3765
853 854
2663 2664
3689 3690
4314 4313
2042 2041
2382 2381
4945 4944
1713 1712
498 499
1383 1384
4446 4447
4632 4631
1252 1253
2333 2334
3771 3772
973 972
1498 1499
3447 3448
988 989
295 294
272 273
2786 2785
1303 1302
1195 1196
2423 2424
499 500
2800 2799
4936 4935
3631 3630
3157 3156
1483 1484
1456 1455
2120 2121
2598 2599
500 501
2313 2312
1678 1679
4244 4245
2068 2067
2509 2510
800 799
4317 4316
3356 3357
1135 1136
3760 3761
4348 4347
1423 1424
4845 4846
641 642
2005 2006
971 972
680 681
4498 4499
1542 1543
158 159
3886 3885
4578 4577
1563 1562
2079 2078
3649 3650
4970 4971
4324 4323
1235 1236
1518 1517
2259 2260
2408 2407
1321 1322
1313 1314
4184 4185
3028 3029
3702 3703
729 728
3073 3072
606 607
4443 4442
273 274
3726 3725
925 926
4909 4908
4509 4508
96 95
1544 1543
4406 4407
550 549
1072 1073
3794 3795
2536 2535
1028 1029
1600 1601
1135 1134
4729 4730
1373 1374
2388 2387
3675 3674
1538 1537
1937 1936
1107 1106
26 27
2394 2393
1238 1239
3712 3711
4686 4685
1114 1113
2790 2789
111 110
3599 3600
3681 3680
2473 2472
2939 2938
4296 4297
4974 4975
403 402
617 616
4092 4093
1248 1249
1361 1360
3374 3373
4236 4237
2767 2766
1149 1148
3904 3903
963 964
2918 2917
3652 3653
3995 3996
4006 4007
194 193
405 406
198 199
3390 3389
3946 3945
25 26
3464 3465
1150 1149
634 635
4360 4359
1436 1437
944 945
2226 2225
1510 1509
144 145
3148 3149
2747 2746
3857 3856
4599 4600
103 104
3889 3888
2162 2163
555 556
1988 1989
750 751
2973 2974
4958 4959
4380 4379
4329 4328
4363 4362
93 94
4131 4130
3260 3261
4576 4575
2678 2677
2777 2776
2393 2392
2054 2055
2467 2466
598 597
2376 2375
823 822
660 661
1427 1428
2014 2015
4020 4019
2465 2466
569 568
807 806
501 502
1593 1594
1845 1846
2671 2670
1239 1240
2029 2030
3931 3932
1335 1336
462 461
3645 3646
287 288
4307 4308
2670 2669
983 984
3541 3540
3747 3746
2706 2705
3887 3888
3875 3874
3100 3099
1732 1733
3470 3469
4588 4587
4080 4081
4928 4927
4844 4845
1626 1627
341 340
3905 3906
2003 2002
2347 2348
2930 2929
4885 4884
4110 4109
2028 2029
196 195
2431 2430
3250 3249
2287 2288
158 157
1530 1531
4780 4781
4552 4551
4501 4500
685 684
4649 4648
2635 2636
1418 1417
3043 3044
2712 2711
3618 3619
4247 4248
3839 3838
3362 3363
4972 4971
2112 2111
2516 2515
4619 4620
1138 1139
1870 1869
3608 3607
2604 2603
4868 4867
313 314
856 857
3549 3550
611 610
3506 3505
2104 2103
1487 1486
1542 1541
1473 1472
3812 3811
4242 4243
4787 4788
4776 4777
4390 4391
690 691
64 65
3068 3069
3124 3123
3956 3955
2073 2072
95 94
4054 4053
2681 2680
3310 3311
246 247
1270 1269
2476 2475
4974 4973
3151 3152
1377 1376
3839 3840
4989 4988
1041 1042
4900 4899
3976 3977
4603 4604
3752 3751
704 705
973 974
4797 4796
2159 2160
3549 3548
3226 3227
4843 4842
2859 2858
59 60
369 370
2342 2341
1184 1183
1955 1954
4312 4311
3912 3913
2507 2506
3846 3845
3122 3121
1883 1882
3823 3824
4559 4560
3678 3679
1740 1739
3014 3013
396 395
1639 1638
698 699
2278 2277
2424 2425
1115 1114
4169 4168
872 871
2997 2996
4560 4561
3657 3658
1889 1890
1519 1518
3115 3114
2077 2078
1896 1895
1789 1788
3353 3354
777 778
562 561
4170 4171
3895 3894
1575 1576
3492 3491
4030 4031
3052 3051
1266 1267
2185 2186
1954 1953
1029 1030
3854 3853
399 398
4950 4949
441 442
1567 1566
1858 1859
885 886
2059 2058
333 332
609 610
4377 4376
840 839
3507 3506
1956 1955
2201 2200
4574 4573
3737 3736
2804 2805
2410 2409
1412 1411
2583 2582
844 845
1140 1141
894 893
2769 2770
3971 3970
415 414
2925 2926
4765 4766
1848 1847
2255 2254
1235 1234
1032 1031
4726 4727
3585 3586
2965 2966
19 20
4131 4132
4106 4107
1206 1207
35 36
4913 4914
3366 3367
3724 3723
1590 1591
3257 3256
1855 1856
3213 3212
4095 4094
802 801
1610 1609
75 76
2741 2742
2557 2558
3890 3889
234 235
4647 4646
3830 3831
4529 4530
2183 2184
1678 1677
4739 4740
4022 4021
4020 4021
2893 2894
153 152
608 609
1978 1977
1811 1812
4329 4330
1090 1089
948 947
1380 1379
3084 3083
328 327
3207 3208
829 828
197 198
3372 3371
2092 2093
35 34
4674 4673
2153 2154
4338 4339
3473 3472
1550 1551
1498 1497
2059 2060
3039 3040
1251 1252
3258 3257
1049 1048
3355 3354
440 439
3614 3615
1593 1592
769 768
1283 1284
3308 3307
2954 2955
4142 4141
4287 4288
4218 4219
3128 3127
2832 2833
221 220
565 566
2191 2192
761 760
3930 3931
3769 3770
3395 3394
3267 3268
4 3
3914 3915
825 826
2462 2463
4511 4510
3391 3392
896 897
2694 2693
1659 1658
4162 4163
3247 3246
4214 4215
2484 2483
821 822
4324 4325
1583 1582
47 46
4311 4310
3659 3658
1129 1128
4823 4822
3306 3305
419 418
52 51
383 382
860 859
1711 1712
4816 4815
1702 1703
2190 2189
763 762
4820 4819
4521 4520
2140 2139
4123 4124
416 417
1380 1381
3208 3209
1363 1362
2219 2220
480 481
1578 1579
3979 3978
2932 2933
2560 2559
4969 4968
1822 1823
1221 1220
2757 2758
2130 2129
2390 2389
4989 4990
1003 1004
1912 1913
1715 1714
3728 3727
4055 4054
4165 4164
3415 3414
1384 1385
79 78
4953 4952
111 112
3234 3235
4713 4714
2285 2286
524 523
3724 3725
2444 2445
790 789
4347 4346
4399 4400
1806 1805
774 775
2950 2951
3337 3336
3826 3825
3258 3259
3729 3728
1035 1036
1353 1352
3597 3598
773 772
3440 3439
1147 1146
4751 4750
3177 3176
1167 1168
57 56
613 612
1383 1382
3774 3775
3850 3851
246 245
2178 2177
4915 4914
792 793
1971 1970
3344 3345
3898 3899
2759 2760
2236 2235
1272 1273
1086 1085
1389 1390
4837 4836
4891 4890
4717 4716
2858 2857
1038 1037
1793 1792
3420 3419
507 506
2305 2306
3125 3124
2397 2396
4441 4440
784 785
264 265
2366 2365
2469 2470
1331 1332
4723 4722
519 518
3647 3646
3002 3003
2812 2811
3862 3861
2354 2355
2834 2835
2430 2429
3032 3033
484 483
472 471
4650 4649
4280 4281
1231 1230
2668 2669
437 438
4430 4431
1752 1753
731 730
3247 3248
2197 2198
2911 2912
1074 1075
475 476
3641 3642
2032 2033
3252 3253
504 505
4592 4591
3222 3221
3806 3805
1514 1515
3030 3029
1234 1233
2645 2646
2110 2109
261 262
2710 2709
17 18
4139 4138
3827 3826
3750 3751
364 363
2646 2647
3204 3205
625 626
2588 2587
2404 2405
1102 1103
2479 2478
1647 1646
3495 3496
4800 4801
4761 4760
543 542
2254 2253
3182 3181
2751 2752
1201 1200
4066 4067
3536 3535
710 709
2172 2173
4703 4704
955 954
3309 3310
2236 2237
4608 4609
1460 1461
3051 3050
460 461
2852 2853
4935 4934
2892 2893
391 392
920 921
2924 2923
4875 4876
296 297
2366 2367
100 101
202 201
985 986
1054 1053
2361 2360
2813 2812
1225 1224
3655 3656
3297 3296
1970 1969
2413 2414
1208 1209
237 236
3479 3478
2373 2374
4433 4434
1277 1278
2985 2984
2595 2596
3963 3964
4563 4564
4786 4785
492 491
3253 3254
4830 4829
1729 1728
2992 2993
161 162
3422 3423
1872 1871
392 393
1086 1087
1083 1084
4700 4699
4300 4301
580 579
2898 2897
579 578
1578 1577
3026 3025
718 717
4582 4583
210 211
2951 2952
1110 1109
156 155
552 551
1616 1615
1123 1122
2449 2448
470 471
1685 1684
1355 1354
4837 4838
1818 1817
4661 4662
3699 3700
1547 1548
2573 2572
4798 4797
3601 3600
4235 4234
1345 1344
4838 4839
4645 4644
1816 1817
3592 3593
4035 4036
3489 3488
2739 2740
3299 3300
2523 2524
1344 1343
4120 4119
2554 2553
3259 3260
737 736
1462 1463
4972 4973
3828 3827
4416 4415
1142 1141
3230 3229
1507 1508
3766 3767
4844 4843
1738 1737
908 909
4261 4260
1008 1009
1684 1683
3924 3925
4017 4018
4553 4554
4194 4195
4409 4408
2900 2899
4326 4325
4615 4616
806 805
1751 1750
3876 3875
3313 3314
3967 3966
882 881
2148 2149
1125 1126
4793 4792
4420 4421
3415 3416
1073 1074
3110 3109
1011 1010
644 645
1202 1203
1830 1829
4684 4685
4832 4833
1602 1603
3476 3477
1371 1370
2133 2134
1871 1870
2297 2298
4679 4680
3437 3438
2754 2755
3095 3094
1356 1355
3648 3649
1800 1801
1945 1946
4516 4515
1304 1303
2284 2285
3521 3522
4985 4984
4937 4938
2330 2331
490 491
735 736
699 700
2829 2828
2717 2716
316 315
3743 3744
2959 2958
1445 1446
3074 3075
40 39
1942 1943
2719 2720
2804 2803
4213 4212
1200 1199
518 517
2655 2656
2529 2530
1444 1445
1175 1176
1061 1060
3022 3021
133 132
3408 3409
430 429
3820 3819
1636 1637
373 372
2822 2821
1094 1093
2994 2993
2835 2836
1549 1550
2459 2460
468 469
4167 4168
4305 4304
3686 3687
2464 2463
4207 4208
3007 3008
2842 2841
4475 4476
4166 4167
107 106
3542 3541
2676 2675
3011 3012
3167 3168
4101 4102
2933 2934
3981 3982
3196 3197
546 545
2730 2731
1579 1580
4 5
4754 4755
3030 3031
2432 2433
3349 3350
4527 4528
3578 3577
2926 2927
1625 1626
135 134
2674 2675
4992 4991
4905 4906
2135 2134
389 390
2228 2229
421 420
3391 3390
4230 4229
3138 3137
1764 1765
2468 2469
4764 4763
2630 2629
1068 1067
1816 1815
1741 1742
2325 2324
277 276
325 326
2062 2061
2650 2649
2195 2194
3534 3533
705 706
526 525
1172 1173
4279 4280
4451 4450
554 555
981 982
4133 4132
4371 4372
2438 2439
3024 3025
1082 1081
4636 4635
3058 3059
3572 3571
2642 2643
1005 1006
1079 1078
2380 2381
413 414
3080 3081
1265 1266
3652 3651
4084 4085
1696 1697
2240 2239
4938 4939
3175 3174
183 182
2414 2415
4502 4501
2832 2831
2890 2889
1405 1404
2651 2650
878 877
404 405
2419 2420
3269 3270
1454 1453
1056 1057
4472 4471
3126 3127
929 928
678 679
4041 4042
4580 4579
4805 4804
855 854
4303 4302
522 523
1598 1599
3547 3546
3950 3949
180 179
3718 3717
4058 4059
2720 2721
1113 1112
2206 2207
2938 2937
1008 1007
4095 4096
55 56
3016 3015
1668 1667
665 664
3399 3400
861 862
1166 1167
2218 2217
339 340
1474 1475
1270 1271
4710 4711
1021 1020
2760 2761
3183 3184
2102 2103
3347 3346
936 937
1569 1568
2421 2420
2417 2418
228 227
3900 3901
3480 3481
3731 3730
1982 1983
3694 3695
262 263
904 905
3590 3591
3623 3622
969 970
4342 4341
463 464
4460 4459
3588 3589
4955 4956
4896 4895
4365 4364
4813 4812
2345 2344
2252 2251
3550 3551
2318 2317
2896 2897
3727 3726
2617 2616
3209 3210
3573 3574
205 206
4871 4872
1400 1401
659 658
3778 3777
3773 3774
1890 1891
1155 1154
225 226
3228 3229
1940 1941
3207 3206
2562 2563
4854 4855
3611 3610
3707 3706
4404 4405
949 950
1397 1398
515 516
1617 1618
4143 4142
4922 4923
1701 1702
3966 3965
4927 4926
3554 3553
3997 3998
3947 3946
3397 3398
4532 4533
3389 3388
3637 3636
3061 3060
4231 4232
3450 3449
1865 1866
212 213
4415 4414
687 686
97 98
930 929
3834 3833
4072 4073
998 997
149 148
1047 1048
2712 2713
2074 2075
2403 2402
3275 3276
216 217
1342 1343
1333 1332
2540 2541
1751 1752
4865 4864
645 646
82 83
2361 2362
2282 2281
764 765
336 335
3261 3262
4954 4953
1654 1653
3742 3743
3245 3246
1394 1393
4542 4543
1370 1369
3908 3907
2179 2178
1986 1985
3802 3803
1773 1774
3269 3268
2283 2284
4213 4214
1338 1337
1501 1502
2214 2215
2370 2371
1367 1368
2609 2610
956 955
57 58
2640 2641
3680 3679
3216 3217
3643 3642
2317 2316
4562 4563
3633 3632
3628 3629
1215 1214
4189 4190
3640 3641
4358 4359
1307 1308
4602 4603
2878 2877
4419 4420
2552 2551
682 683
1997 1996
215 214
2647 2648
256 257
2238 2239
452 451
980 979
1284 1285
4397 4398
3174 3173
2364 2365
787 786
2170 2169
2577 2576
2548 2549
2106 2105
2217 2216
842 843
691 692
2930 2931
3427 3426
282 283
997 996
2309 2310
4042 4043
2056 2055
4309 4310
2608 2609
2518 2519
1511 1512
4382 4381
2119 2120
586 585
2585 2584
873 872
1633 1634
3884 3883
1250 1249
1218 1217
4436 4435
2874 2875
4086 4087
3479 3480
3576 3575
305 306
2114 2113
1650 1649
1485 1484
2422 2423
3465 3466
4403 4402
1117 1116
48 47
626 627
2908 2909
240 241
742 743
1843 1842
4565 4566
3876 3877
3505 3504
4111 4112
4335 4334
3477 3478
2212 2211
4035 4034
3343 3344
907 906
1158 1157
4767 4766
3510 3511
435 436
3057 3058
3050 3049
1482 1483
3096 3097
347 348
3555 3556
4483 4482
3017 3018
3982 3983
3118 3117
2489 2488
338 337
209 210
4326 4327
71 72
3892 3893
1680 1681
3499 3500
3166 3165
1402 1403
129 130
4668 4669
195 194
2020 2021
1162 1163
3872 3871
1776 1775
1091 1092
735 734
3202 3201
3067 3066
795 794
4903 4904
4635 4634
1439 1440
3495 3494
4525 4524
1826 1827
2763 2762
3527 3526
783 784
3625 3626
1886 1887
3062 3061
4756 4757
3160 3159
1838 1839
3114 3113
4587 4586
619 620
4274 4275
1199 1198
1923 1924
4932 4933
4117 4118
4100 4101
2677 2676
2638 2637
107 108
1066 1067
1222 1223
4707 4708
3954 3953
3540 3539
428 427
1863 1862
1884 1883
146 147
1311 1312
2988 2987
3733 3732
1472 1471
3969 3970
66 67
4108 4107
2729 2728
4193 4192
1292 1293
1707 1706
3817 3818
1770 1769
2850 2851
2304 2303
3760 3759
2399 2400
1489 1488
1443 1444
3490 3489
3134 3133
2865 2864
4943 4942
3754 3755
1459 1458
4712 4713
3386 3387
4096 4097
594 593
4947 4948
3836 3837
4864 4863
641 640
1933 1932
3352 3351
4672 4671
1657 1658
2971 2972
4249 4248
186 185
591 590
2219 2218
1326 1327
1291 1292
77 76
2331 2332
944 943
3359 3358
354 355
1779 1780
2232 2231
527 526
4724 4723
2131 2132
2281 2280
2511 2512
2548 2547
4658 4659
2602 2603
3041 3040
1406 1407
160 159
2703 2704
2201 2202
938 937
1977 1976
1027 1026
2733 2734
4121 4120
3936 3935
3598 3599
1920 1921
1098 1099
549 548
2490 2491
3701 3700
1263 1262
352 353
119 120
2085 2086
869 870
3842 3843
3604 3603
3265 3264
1535 1534
4981 4982
3666 3665
3681 3682
1897 1898
4479 4480
268 267
2870 2871
252 251
2434 2433
3635 3636
2866 2865
4571 4570
1514 1513
4624 4625
2969 2970
1972 1971
1005 1004
573 572
1485 1486
22 23
912 913
4262 4263
4758 4757
2096 2095
2538 2539
4915 4916
2580 2581
3466 3467
2607 2606
1898 1899
2221 2220
2446 2445
1947 1948
4259 4258
1585 1584
459 460
4488 4487
4014 4015
1256 1255
1614 1615
4870 4869
2386 2385
171 172
3696 3695
1538 1539
1758 1757
505 506
979 978
2146 2147
1317 1318
3239 3238
2315 2314
4581 4580
2778 2777
4841 4842
281 280
4544 4545
2700 2701
4294 4295
1237 1238
1023 1024
410 411
1064 1065
3133 3132
4205 4206
915 916
2724 2725
657 656
927 928
1505 1504
553 552
1026 1025
3329 3328
4138 4137
4557 4556
3042 3041
599 598
4177 4176
2346 2345
1324 1323
796 795
733 734
3180 3179
2847 2848
1373 1372
3119 3118
2809 2810
1754 1753
153 154
1692 1693
4755 4756
2860 2859
1931 1930
4331 4332
1612 1613
2892 2891
4783 4784
4689 4688
1672 1671
1184 1185
4457 4456
952 953
2543 2542
3708 3707
382 381
2264 2263
2037 2036
2735 2736
1891 1892
2856 2855
948 949
1649 1648
629 628
1369 1368
4158 4157
939 940
3684 3685
3105 3104
1079 1080
4044 4043
3224 3225
1995 1996
2829 2830
151 150
4150 4151
2525 2524
2516 2517
725 724
2032 2031
703 702
924 925
4397 4396
1101 1100
4250 4251
2054 2053
311 310
3374 3375
4679 4678
4573 4572
1879 1880
199 200
1863 1864
3951 3952
4542 4541
3361 3362
2461 2462
3334 3335
4836 4835
1734 1735
3092 3091
1960 1959
590 589
899 900
658 657
3691 3690
3007 3006
2123 2124
122 123
534 533
741 742
3178 3177
374 375
513 514
109 110
1935 1936
677 676
3538 3539
3273 3274
4662 4663
2137 2138
4534 4535
813 812
4644 4643
4406 4405
956 957
4988 4987
4910 4909
207 206
3632 3631
4283 4284
1820 1821
2879 2878
2875 2876
1458 1457
887 886
4796 4795
3884 3885
1617 1616
1493 1494
4079 4078
1300 1299
488 489
3784 3785
2981 2980
535 534
2558 2559
1064 1063
3793 3792
3810 3809
3878 3879
3287 3286
2151 2152
388 389
2753 2752
3046 3045
1767 1766
2982 2983
106 105
659 660
697 696
371 372
1573 1574
738 737
2700 2699
3454 3453
1030 1031
2380 2379
3914 3913
4273 4274
2723 2724
2922 2923
435 434
2351 2350
116 117
2957 2956
4375 4374
2715 2714
1651 1650
4146 4147
1549 1548
3444 3443
2569 2570
116 115
3405 3404
749 748
388 387
45 44
3722 3723
2633 2634
4688 4687
2018 2019
4991 4990
2626 2625
3142 3143
231 232
3565 3564
577 578
3902 3901
4426 4425
2042 2043
3015 3014
3928 3927
753 752
1118 1117
4879 4880
3554 3555
2764 2763
4475 4474
13 14
2994 2995
1429 1428
2769 2768
2175 2174
880 881
892 891
3047 3046
3778 3779
1688 1687
2013 2014
2449 2450
1588 1587
4013 4014
4814 4815
2530 2531
3460 3459
3070 3069
2348 2349
1523 1522
2113 2112
1446 1447
2652 2653
572 571
2831 2830
3507 3508
2545 2546
322 323
3443 3442
3575 3574
3786 3785
3463 3464
632 633
16 17
3271 3270
64 63
4154 4155
796 797
756 755
2499 2498
4748 4749
868 869
4743 4744
3376 3377
4613 4614
656 655
685 686
3762 3763
1040 1039
3771 3770
1926 1925
4049 4048
145 146
1697 1698
1683 1682
2291 2292
4593 4592
2428 2429
3016 3017
2213 2212
2495 2494
2036 2035
3224 3223
3796 3797
994 993
1107 1108
642 643
863 864
4174 4173
544 545
2886 2885
3570 3569
4765 4764
2793 2794
492 493
218 217
4737 4738
3348 3347
1903 1902
448 447
2017 2018
964 965
725 726
1545 1546
1957 1958
2796 2795
427 426
2118 2117
278 277
651 652
53 52
1366 1365
3272 3271
748 747
4558 4559
1315 1314
4516 4517
1515 1516
1761 1760
2834 2833
898 897
2133 2132
497 496
1115 1116
967 968
4430 4429
1755 1756
2253 2252
4600 4601
4493 4494
564 563
3449 3448
3236 3235
933 934
1906 1907
2520 2519
44 43
588 587
3333 3332
2518 2517
331 330
4912 4913
1698 1699
3851 3852
1120 1119
761 762
1553 1552
244 243
2196 2195
996 995
2354 2353
137 136
1019 1018
4770 4771
2936 2937
2434 2435
333 334
883 882
3584 3585
1512 1513
581 580
4572 4571
2860 2861
577 576
4229 4228
2083 2082
3886 3887
3934 3933
3160 3161
2586 2585
4491 4490
3077 3078
1606 1607
2082 2081
637 636
2744 2745
556 557
3497 3496
2863 2864
753 754
3502 3501
614 613
3789 3788
4266 4265
2461 2460
3327 3328
1229 1230
911 912
4186 4187
4607 4606
4695 4694
2063 2062
2940 2939
2743 2744
4108 4109
1869 1868
4220 4221
2290 2291
1381 1382
1674 1673
2625 2624
192 193
4011 4012
2761 2762
1818 1819
1634 1635
37 38
3009 3010
1083 1082
3485 3486
3923 3922
1227 1226
4668 4667
1017 1016
1156 1157
600 599
1974 1973
1495 1496
683 684
2073 2074
2707 2708
4202 4203
3526 3525
400 401
1804 1805
1209 1210
2268 2269
3067 3068
62 63
1360 1359
3190 3189
3514 3515
3024 3023
378 379
739 740
3579 3578
4263 4264
1923 1922
1051 1052
4019 4018
4702 4703
318 317
4749 4750
4919 4918
4907 4908
2493 2494
191 192
3291 3290
2556 2557
467 466
1734 1733
4696 4697
2766 2765
3835 3834
4038 4039
441 440
2039 2038
2436 2435
309 310
322 321
4803 4804
1429 1430
3564 3563
1929 1928
4923 4924
1651 1652
4448 4449
3558 3557
108 109
2396 2395
4715 4714
1275 1276
1142 1143
148 147
567 568
2904 2903
1868 1867
49 48
624 625
2949 2950
417 418
1857 1858
3721 3722
4047 4048
2845 2846
367 368
574 573
3094 3093
849 850
3163 3164
3280 3281
2773 2772
3370 3371
2686 2687
3343 3342
673 674
1855 1854
4743 4742
537 536
4465 4464
380 381
4576 4577
1700 1699
2932 2931
4302 4301
1194 1193
16 15
4187 4188
1047 1046
30 29
1537 1536
4930 4929
1213 1214
39 38
503 502
1089 1088
1159 1158
1295 1294
3120 3119
1280 1279
2286 2287
4211 4210
2850 2849
1051 1050
3056 3055
468 467
3891 3892
1602 1601
3498 3499
129 128
1749 1750
4781 4782
2772 2771
3881 3880
2848 2849
2138 2139
1746 1747
113 114
3635 3634
861 860
3814 3815
814 815
4622 4621
3283 3284
3155 3154
2098 2097
4384 4385
2662 2661
1188 1187
3565 3566
1708 1707
4453 4454
4235 4236
490 489
4153 4152
976 977
2600 2599
2323 2324
541 542
3162 3163
4846 4847
4857 4856
3734 3733
3108 3109
4422 4423
1069 1068
3278 3279
4133 4134
4546 4547
4979 4978
1763 1764
3366 3365
3830 3829
1975 1974
2130 2131
1130 1129
88 89
1777 1776
4386 4387
4807 4808
4728 4727
1436 1435
524 525
1040 1041
1585 1586
876 877
1640 1639
2088 2087
2866 2867
4893 4892
2910 2911
92 93
4718 4719
2718 2717
3985 3984
3712 3713
1342 1341
1402 1401
357 356
2223 2222
3905 3904
170 171
1353 1354
4506 4507
3433 3434
1738 1739
3340 3339
2977 2978
3821 3820
186 187
2757 2756
3086 3085
3279 3280
2808 2809
4512 4513
3864 3863
1958 1959
3520 3521
1296 1297
4939 4940
1479 1480
4357 4356
2680 2679
714 713
4594 4595
190 189
4148 4147
1387 1388
749 750
3428 3427
3843 3844
3312 3313
3773 3772
4522 4521
4008 4007
1140 1139
2030 2031
728 727
943 942
409 410
3551 3552
1195 1194
1349 1350
3022 3023
3130 3129
1695 1694
2728 2727
1722 1721
910 911
1196 1197
4016 4015
2180 2179
2487 2486
1490 1489
802 803
4281 4282
346 345
1060 1059
4264 4265
1663 1662
975 976
3319 3318
2522 2521
975 974
2986 2987
1108 1109
987 988
4681 4680
3517 3518
1448 1447
1989 1990
4383 4384
4410 4411
3637 3638
3705 3704
2363 2362
509 510
4067 4068
4754 4753
3053 3054
2684 2683
331 332
3077 3076
1010 1009
2613 2612
772 771
3432 3433
746 745
4357 4358
1903 1904
1434 1433
4998 4999
19 18
4861 4860
4291 4292
1716 1715
4298 4297
2659 2660
2477 2476
2021 2022
2157 2156
2811 2810
1906 1905
2121 2122
991 992
4669 4670
1438 1439
4180 4181
3922 3921
1964 1963
1860 1861
2758 2759
759 758
717 716
3714 3713
3158 3159
3188 3189
3410 3409
3399 3398
4523 4522
3991 3990
4254 4253
312 311
2464 2465
1276 1277
4690 4691
3862 3863
2652 2651
2623 2624
2426 2427
520 519
329 328
413 412
858 857
873 874
906 905
1877 1878
3613 3612
679 680
712 711
3070 3071
2398 2399
651 650
711 710
648 647
4119 4118
2257 2258
4769 4770
1759 1760
3525 3524
2575 2576
2601 2602
902 903
2600 2601
2697 2698
91 92
1037 1036
3544 3545
2703 2702
1761 1762
1808 1807
222 223
3553 3552
649 648
2477 2478
2907 2908
2841 2840
671 672
2335 2334
4025 4024
1987 1988
3950 3951
4654 4655
1405 1406
649 650
3915 3916
361 360
3987 3988
4426 4427
1873 1874
694 695
2127 2126
3349 3348
4383 4382
2509 2508
2235 2234
2991 2992
4762 4761
2046 2047
3102 3101
4087 4088
2128 2129
4806 4805
4481 4482
3392 3393
1782 1783
4880 4881
4199 4198
3665 3664
229 230
2271 2272
316 317
4219 4220
4083 4084
2384 2383
2282 2283
875 876
3606 3607
931 930
4899 4898
2322 2323
3367 3368
3614 3613
4000 4001
3255 3254
1097 1098
4195 4196
1655 1656
4233 4234
2196 2197
2639 2638
909 910
184 183
4351 4352
2309 2308
3629 3630
168 169
4356 4355
2912 2913
2165 2166
600 601
4361 4360
2016 2015
853 852
1334 1335
4291 4290
4009 4008
2007 2006
1138 1137
2372 2373
3934 3935
2899 2898
2372 2371
1315 1316
3648 3647
4069 4070
4260 4259
1993 1994
1623 1622
913 914
1866 1867
1202 1201
4789 4788
1132 1133
849 848
2259 2258
2105 2104
3203 3202
3768 3767
2872 2871
1187 1186
2457 2458
2721 2722
1825 1824
4256 4255
2664 2665
1797 1798
618 617
1686 1685
551 550
433 434
4894 4895
940 941
285 286
4660 4659
1241 1242
634 633
2411 2410
4256 4257
3710 3711
3589 3590
4269 4268
4306 4305
752 751
88 87
4432 4433
720 721
1294 1293
4410 4409
4640 4639
301 302
4834 4833
4367 4366
1966 1965
1982 1981
4125 4126
1387 1386
3139 3140
1944 1943
765 766
4438 4439
71 70
279 280
457 458
2881 2880
3231 3232
3918 3917
2815 2814
2511 2510
2797 2798
3910 3909
2099 2098
3980 3979
618 619
4613 4612
2326 2327
2564 2565
321 320
2369 2370
1143 1144
2039 2040
2163 2164
3975 3974
2730 2729
2567 2568
120 121
2376 2377
4323 4322
271 272
1319 1320
3317 3318
3113 3112
1076 1077
1103 1104
1168 1169
1813 1812
1674 1675
2838 2837
1555 1554
1624 1625
2480 2479
722 723
4077 4076
3547 3548
4004 4005
647 646
821 820
33 34
4919 4920
3954 3955
3485 3484
3639 3638
3412 3411
243 242
4313 4312
837 836
2203 2204
557 558
2024 2025
1399 1400
1722 1723
1831 1832
2785 2784
4477 4476
2795 2794
1619 1618
362 361
3323 3322
1973 1972
4419 4418
1594 1595
1165 1164
1962 1961
903 904
3633 3634
3098 3099
299 300
2779 2780
1884 1885
990 991
723 724
299 298
4276 4275
2954 2953
1121 1120
2806 2807
4595 4596
2340 2339
4676 4677
1091 1090
2071 2070
4634 4633
4239 4238
3938 3937
2145 2144
4506 4505
805 804
4346 4345
2108 2109
3777 3776
3896 3895
560 559
1940 1939
1813 1814
2080 2081
433 432
4165 4166
205 204
2244 2243
1924 1925
2044 2043
1450 1451
4343 4342
1525 1526
2346 2347
1695 1696
3790 3791
250 251
474 473
486 487
3424 3425
2918 2919
992 993
3691 3692
4513 4514
934 935
3591 3592
1438 1437
1694 1693
1007 1006
1454 1455
540 541
4104 4105
2982 2981
1623 1624
2251 2250
4172 4171
681 682
999 1000
3249 3248
1331 1330
3620 3621
2820 2819
358 359
867 868
1821 1822
407 406
3788 3787
4946 4947
4794 4795
835 834
1930 1929
4552 4553
3312 3311
2980 2979
4921 4920
3809 3808
3811 3810
3530 3531
214 213
415 416
65 66
932 933
125 124
201 200
4737 4736
2900 2901
3870 3871
2921 2920
144 143
3999 4000
2279 2278
2690 2691
2064 2063
4253 4252
4128 4127
3218 3219
895 894
3523 3524
3878 3877
587 586
3364 3363
2590 2589
4584 4585
4023 4024
3204 3203
2275 2274
2100 2099
3315 3314
3456 3455
2929 2928
2261 2262
73 72
4063 4062
3869 3868
3841 3840
4059 4060
2453 2452
4445 4446
3529 3528
384 385
496 495
3446 3447
84 83
2863 2862
4412 4413
1466 1465
3758 3759
4518 4517
4716 4715
4733 4732
378 377
187 188
2915 2914
236 235
1597 1598
1876 1877
1647 1648
3961 3960
3297 3298
827 826
4157 4156
3533 3532
3693 3692
2106 2107
655 654
3861 3860
4907 4906
4968 4967
4642 4643
3941 3940
1758 1759
1272 1271
4503 4504
2723 2722
3263 3262
3150 3151
24 23
4859 4858
4225 4224
3482 3481
4451 4452
219 218
767 768
3462 3461
4730 4731
3116 3117
4146 4145
3993 3992
3560 3561
841 840
1053 1052
2695 2694
793 794
3324 3323
1731 1730
3002 3001
3891 3890
175 174
1096 1095
4212 4211
614 615
4529 4528
3689 3688
2862 2861
2100 2101
169 170
2248 2249
1291 1290
2295 2296
3960 3959
2312 2311
1443 1442
1426 1425
3514 3513
2174 2173
3698 3697
1828 1829
2443 2442
181 182
3355 3356
591 592
2947 2946
2743 2742
4277 4276
3917 3916
4240 4241
3205 3206
457 456
1215 1216
1745 1746
3066 3065
1523 1524
4676 4675
1420 1419
4651 4652
1133 1134
254 253
1886 1885
423 422
1376 1375
2431 2432
2319 2318
1063 1062
4003 4002
1112 1111
776 777
3063 3064
4439 4440
3706 3705
395 394
3282 3283
2920 2919
1145 1144
1409 1410
3076 3075
1588 1589
1151 1150
4751 4752
4287 4286
831 832
4859 4860
4878 4877
1261 1260
2805 2806
2392 2391
4508 4507
2958 2957
430 431
3211 3212
1191 1192
456 455
3042 3043
1044 1045
1897 1896
1619 1620
10 11
1533 1532
1950 1951
4017 4016
4569 4568
3385 3386
812 811
4729 4728
4340 4341
289 288
1348 1347
1339 1338
3490 3491
2267 2268
4994 4995
3682 3683
4675 4674
2751 2750
4775 4774
4818 4817
4932 4931
922 921
1204 1203
5000 4999
1217 1216
4567 4568
2471 2470
1775 1774
4785 4784
4402 4401
3250 3251
4900 4901
4421 4422
2457 2456
4829 4828
4503 4502
1232 1231
4678 4677
3019 3020
4958 4957
4444 4443
4735 4736
3090 3091
3047 3048
4526 4527
1915 1914
1558 1557
25 24
2671 2672
593 592
3645 3644
303 302
3144 3143
3621 3622
754 755
3616 3617
4734 4735
4682 4683
1426 1427
2322 2321
4853 4852
4033 4034
4544 4543
4702 4701
2574 2573
3944 3943
3949 3948
2052 2051
2303 2302
3009 3008
4336 4335
4778 4777
4863 4862
4262 4261
2280 2279
1283 1282
2448 2447
4103 4104
2001 2000
4741 4742
1704 1705
4463 4462
3153 3154
375 376
2118 2119
4467 4466
3941 3942
2610 2611
3361 3360
1321 1320
1748 1749
2151 2150
149 150
2496 2495
2085 2084
504 503
2126 2125
2592 2591
4811 4810
278 279
800 801
3062 3063
3048 3049
2441 2440
1960 1961
1536 1535
2089 2090
3628 3627
4328 4327
4626 4625
3958 3959
2645 2644
2660 2661
1491 1492
1831 1830
396 397
43 42
3376 3375
2148 2147
4149 4148
2620 2619
4695 4696
1968 1969
2905 2904