5000
4173 1378
1587 4827
874 2659
945 2879
861 284
972 2952
339 1012
371 1112
1262 3819
834 2533
1400 4238
555 1670
702 2126
156 51
562 1688
115 37
880 2684
383 1147
2577 847
919 2804
1148 383
4380 1446
1157 388
973 2955
258 82
581 1739
4721 1554
27 87
1862 622
3050 1008
98 307
1202 3632
343 112
2529 832
3423 1138
4349 1434
4897 1610
1329 4020
868 287
522 1562
2312 760
2046 677
2834 929
826 2512
1452 4406
23 8
616 1843
555 1669
477 1425
89 279
4951 1627
905 298
196 594
4317 1425
1377 4169
1262 3817
3101 1024
301 96
2920 960
377 1129
2162 714
3369 1121
937 2860
4967 1634
595 1777
1791 599
1359 4112
1343 4060
312 943
1056 3186
530 1593
1313 3974
666 219
1033 345
365 1099
2029 671
3639 1204
99 311
2280 751
2053 678
1345 4067
1354 452
1515 4602
3707 1227
3543 1176
3457 1150
1701 567
1057 3188
1001 335
749 242
324 977
4297 1420
1625 4942
3232 1071
2016 666
623 1870
3093 1022
1708 569
1571 4777
2095 692
830 2522
3419 1137
4305 1422
135 414
1546 517
1334 445
490 1465
1153 3464
4369 1441
865 2629
1471 4460
3888 1287
816 2481
1321 3999
1210 3655
646 1950
4114 1360
180 546
276 844
2018 666
3091 1022
3421 1138
697 227
338 111
1826 611
2276 750
900 2756
2813 922
2215 733
2765 903
3524 1170
835 2538
4928 1621
4853 1594
1118 3360
1667 553
4930 1622
3584 1188
1533 4658
3976 1313
2495 821
573 1715
1481 4495
175 537
2661 874
1921 637
4674 1538
3712 1229
9 3
25 9
456 1370
1318 3991
1007 337
958 2912
3930 1302
3427 1139
4496 1482
304 97
3416 1136
1498 4547
1326 4010
1749 583
3858 1277
2479 815
1371 4155
2284 752
1218 407
1532 4657
957 2910
2023 669
1993 659
418 1255
374 1118
494 1481
1194 3605
4005 1325
2140 706
1206 3644
3634 1203
1039 347
743 2255
1637 545
3273 1086
1352 451
410 1229
1113 3346
359 1079
1529 4646
4101 1357
1206 3646
377 122
1358 4104
3437 1144
925 2828
3992 1318
4541 1497
543 1633
1535 4663
1638 4978
30 10
1391 464
1242 413
777 2361
1773 593
1149 3455
1543 4690
44 135
56 177
1035 3127
1625 4944
2221 734
523 1567
1131 378
626 1880
1564 4751
703 2128
508 166
4124 1362
2844 932
1331 4024
493 162
1439 480
772 2344
1555 4724
1305 3939
3364 1119
450 1348
387 128
3834 1269
4500 1483
4758 1567
94 296
1049 350
862 285
224 683
1423 4307
1119 3361
4836 1589
506 1511
2915 958
1159 3491
4499 1483
970 2945
838 2547
1248 3771
90 283
216 68
845 2570
1231 3716
2303 758
3430 1140
961 319
506 1512
202 610
4143 1368
2287 752
366 1101
690 226
860 2610
527 1583
747 2271
1095 3302
2599 857
481 1440
1385 461
360 1086
3517 1168
2802 917
1284 427
1046 3157
773 2350
2415 794
1990 658
1451 4398
1159 3490
1033 3119
683 2066
335 1000
134 44
1601 532
52 161
3014 994
901 2759
1975 654
931 308
1630 4960
608 1815
1157 3482
582 1743
1116 3352
742 2248
3653 1209
826 2511
661 218
1466 4441
2505 824
3041 1005
200 603
1987 658
1278 3860
64 206
3495 1161
700 2119
3842 1272
3553 1179
1520 4614
2272 748
745 2265
3096 1023
940 2867
4589 1511
342 1025
594 1775
721 2188
485 1451
521 1560
4273 1410
3567 1183
4485 1478
927 306
1227 409
2137 705
1501 501
1575 4792
4918 1616
308 933
1402 4244
4208 1391
2267 746
4877 1602
1494 4526
1942 644
450 1350
225 686
186 58
652 1971
481 1442
3422 1138
268 828
4872 1599
2216 733
2425 798
1559 4735
2646 870
3191 1058
1164 3502
3205 1062
3374 1123
4438 1465
648 1956
129 391
2370 779
2623 864
1233 3722
4834 1589
1091 3288
4780 1572
205 623
1374 458
2037 673
1478 4487
2428 800
337 1006
1070 3228
3398 1131
1566 523
684 2070
379 1136
184 559
3919 1297
1927 639
1003 3037
1335 4035
1111 3340
3299 1094
251 784
2630 865
1136 3417
1169 3522
349 114
1481 4492
2348 773
4641 1528
1444 482
837 2540
1597 4860
926 306
122 378
457 1373
2694 882
135 416
664 2011
630 1893
524 1573
889 2719
275 842
1363 454
178 541
1141 3431
1359 4110
741 2242
3087 1020
2647 871
2810 920
553 1665
2043 675
3347 1114
58 183
522 1563
3017 995
4823 1586
4435 1463
2080 688
167 511
1494 4528
290 878
845 276
1256 3800
2175 717
431 1294
330 109
2003 661
1190 3591
3914 1296
3158 1046
2033 672
3064 1013
104 33
39 122
854 282
63 21
3072 1017
2551 840
570 1711
1050 3172
1320 3997
812 2468
3208 1063
225 687
3300 1095
2639 868
1351 4084
316 952
190 580
2165 714
1287 427
563 1689
1604 4883
1286 427
3031 1001
1324 4003
1517 4606
987 2989
106 327
1617 4920
2285 752
698 2113
1508 4576
1443 481
4085 1352
741 2244
4388 1448
887 2712
4842 1591
74 233
3253 1078
4316 1425
1461 4430
898 2750
1107 3331
126 41
560 184
1510 505
99 310
1100 3312
830 2524
167 510
326 106
1808 606
996 3019
210 638
1447 4384
2231 738
984 326
702 229
1168 3518
212 646
3811 1260
2305 759
4412 1455
171 524
4736 1559
1452 4405
694 2099
1443 4371
270 830
898 2752
1416 472
1305 3936
853 281
4535 1496
84 26
1282 3872
1429 477
4239 1400
2654 873
337 111
1506 4570
4256 1406
4856 1595
1166 3510
1962 649
385 1154
2914 958
3641 1205
4042 1338
146 448
1489 4516
88 27
2699 884
229 705
1552 4714
899 297
281 90
1518 4610
41 127
1492 4521
418 137
117 37
1284 3880
351 1052
802 2435
2149 709
532 1602
649 1961
1163 389
1221 407
280 89
208 630
1328 4016
1541 4683
1379 4174
460 1381
773 248
3388 1126
1492 498
114 350
13 40
2159 713
1178 3552
3996 1320
4601 1515
885 2702
4711 1551
1261 420
4185 1383
3715 1231
984 2982
1355 4094
972 2953
1314 439
619 1856
1078 3251
2177 719
682 2064
1536 515
579 1736
3461 1152
893 294
924 2824
1673 556
2032 672
4314 1425
1157 3486
264 816
3135 1039
315 101
3043 1005
4159 1373
2909 956
4598 1515
433 1298
1644 546
3536 1174
4351 1434
1 6
4709 1550
1263 3822
4787 1574
335 1003
850 2580
1615 4915
1357 4103
4594 1513
36 12
1307 3949
1250 3778
928 307
694 2100
789 2399
4389 1448
2063 681
1872 624
1742 582
836 2539
425 138
4258 1406
3709 1228
3323 1105
1528 4643
1172 3528
1614 537
16 6
790 2402
1032 3118
1306 3945
605 1807
1316 440
2256 744
369 1108
2089 691
785 2384
68 217
168 518
2 7
4056 1342
1349 4078
1049 3170
4473 1474
258 807
3891 1288
3896 1290
1929 639
3622 1198
1568 4763
2695 882
1296 3915
1430 4334
821 266
809 2456
465 1395
1319 441
33 11
4520 1491
1557 4730
1417 473
3055 1010
754 243
236 75
1477 4484
1080 359
672 2030
877 290
773 2347
1284 3878
369 1109
1836 614
56 18
567 1699
1564 522
860 2609
662 2004
110 34
479 1436
875 2667
1310 3961
3241 1075
577 1727
94 29
292 93
1010 3057
4767 1569
205 622
564 1691
1914 635
651 1970
2268 747
1531 514
587 193
1522 4620
600 199
906 2773
24 9
568 1704
661 2000
2161 713
766 2327
1350 4079
463 1390
906 2772
118 363
4750 1564
868 2637
2022 668
971 2950
1198 3623
827 2517
1217 3680
2449 806
4776 1571
120 369
715 2169
270 831
656 1981
698 2112
1036 3128
1197 401
1037 3132
691 2090
4182 1382
1130 377
2796 916
1693 565
3294 1093
1603 4879
421 1264
1207 403
379 1138
4716 1553
232 74
329 990
916 2799
889 2720
1355 4095
1037 346
902 2760
886 2706
1620 4924
492 1476
2901 953
150 459
1325 4006
665 2014
2958 973
795 2417
224 684
248 80
3544 1176
224 681
860 2612
860 2611
254 794
2922 961
1584 4814
1624 541
1022 3095
57 178
139 429
4865 1598
4890 1607
3545 1176
46 139
1202 3630
679 223
4040 1337
592 1768
1490 4519
498 1495
1586 4822
1018 341
3721 1232
294 94
1422 4304
778 250
873 2657
526 1578
1092 3290
1346 449
3298 1094
811 262
3047 1007
1464 489
3736 1238
3882 1285
3593 1190
157 51
1093 3296
419 137
4642 1528
853 2589
106 33
1944 644
715 2168
863 2622
359 1081
1470 4453
1593 4849
2527 831
1614 4908
657 1984
570 187
940 2869
3659 1211
709 231
3114 1030
753 243
1532 4655
778 2365
2672 877
1268 423
2407 791
3597 1191
2111 698
648 1957
1006 3044
223 680
4355 1435
657 1982
1215 406
2536 835
3691 1221
1234 411
1276 424
4821 1585
2114 699
3425 1139
693 2096
924 306
1064 355
3967 1311
846 277
2668 876
1142 381
1283 3873
1383 4188
1020 3088
1193 3603
1892 630
4830 1588
308 930
138 423
1570 524
1847 617
1682 560
3585 1188
858 2604
1038 3134
1596 531
452 1355
2088 691
1731 578
4639 1527
468 152
202 611
2454 808
181 57
3074 1017
2586 852
1135 3412
1251 417
3946 1307
1051 350
2605 858
4162 1374
4592 1513
607 1810
286 91
655 216
527 1582
29 10
190 579
267 823
977 2963
131 394
635 1912
1135 3413
4415 1458
867 2635
2883 946
367 119
1201 3629
1205 403
3155 1045
508 1517
173 531
1559 521
2727 891
4695 1545
1413 4278
552 1659
278 89
4991 1642
496 1488
4214 1393
102 33
893 2731
1645 547
750 2278
1176 3546
1436 4357
936 309
478 1433
3473 1155
3071 1016
520 1554
354 1060
418 1254
432 1296
75 237
3598 1191
2889 948
72 23
1549 518
4126 1363
1173 3534
3956 1309
642 1935
1263 3821
865 2628
493 1479
1630 4958
292 886
738 2233
714 2166
912 2790
2644 870
3409 1135
3246 1077
2408 791
840 274
224 685
1028 3109
2197 724
921 2812
3830 1267
390 1164
689 2085
3812 1260
134 409
676 2044
236 729
988 2993
1595 531
2700 884
876 2669
1186 3580
1627 4949
1177 395
248 771
626 1881
759 245
3145 1042
1154 3470
353 1058
67 215
1519 4612
2673 877
2507 825
1637 4973
585 1751
663 2008
3865 1280
1505 4568
1193 400
1574 4785
1487 4508
4387 1447
472 155
635 1913
4654 1531
4604 1517
4193 1386
3307 1099
125 382
4621 1522
82 259
227 71
1020 3089
689 225
259 808
2995 989
2749 897
1658 551
1417 4290
3245 1077
746 2266
1131 3397
105 323
1584 4815
2913 958
220 668
677 223
3395 1129
1337 447
1902 632
979 2966
4841 1590
609 1820
4866 1598
1407 4263
3136 1039
3631 1202
392 1172
4740 1561
825 2508
1029 3110
3400 1131
2683 880
1339 4046
1225 3700
538 176
4648 1529
66 213
437 142
873 2655
114 351
1583 4813
4820 1585
616 1842
173 532
819 2486
909 2782
1432 4343
2562 844
788 2393
71 22
693 2098
1392 4210
4346 1433
3695 1222
4452 1469
3338 1110
1244 3755
1273 3847
764 2322
375 122
3968 1312
1642 546
838 2546
934 309
1439 4365
2209 730
317 956
3415 1136
4299 1421
1358 4105
4132 1365
1241 3745
1003 3038
648 213
4741 1561
4312 1424
565 1695
859 2606
384 1150
3848 1274
1546 4700
4072 1347
817 2483
5000 1644
772 2345
1342 4055
1196 401
1091 3289
2182 720
185 563
117 359
1452 4402
2571 845
610 1822
2815 922
4220 1395
634 1907
1171 3527
2836 929
379 1137
1379 4176
210 640
1940 643
4889 1606
1 5
149 49
1423 4306
4921 1617
3436 1143
3080 1018
405 133
2031 672
756 2297
2751 898
2025 669
879 2680
714 2164
1292 3906
2858 937
3214 1065
1534 4659
1371 4154
2436 802
677 2047
2861 938
1118 3359
112 344
3663 1212
1610 4898
566 1697
1178 3550
1092 3293
2748 897
185 564
497 1491
3786 1252
1318 441
4753 1566
1967 651
914 2792
455 1365
686 2075
3448 1147
1542 4686
658 216
504 1508
4572 1506
1469 4449
2450 806
1631 543
4832 1588
3120 1034
450 147
4895 1608
2932 965
2555 842
906 299
671 221
4490 1480
4194 1386
825 267
649 1963
512 1527
942 311
1574 525
368 120
932 308
3894 1289
560 1681
376 1127
968 2943
1647 547
1592 4844
1070 3227
1241 413
2190 721
1030 3116
574 1721
995 3018
1501 4554
1067 356
776 249
2690 881
363 1093
4586 1510
1883 627
287 92
426 1283
265 819
2135 705
1307 3948
34 108
2296 756
3766 1247
2132 704
1187 3581
199 599
715 2170
28 92
3221 1068
1453 4408
110 336
1887 628
1240 413
1553 4715
696 2104
923 305
1258 3804
3396 1130
1067 3217
1195 3609
2664 875
593 1770
35 112
897 296
1096 3303
562 1687
1404 4249
2471 813
1604 4885
289 873
1497 4538
1147 3447
1376 4165
4217 1394
4018 1328
1336 447
1877 626
591 1764
2082 688
822 2496
646 1949
788 2394
149 457
142 47
814 2477
970 2948
1121 3367
874 2658
486 1454
1316 3982
4134 1365
988 327
740 2239
3149 1043
1471 4459
1101 3318
2747 897
1397 4226
107 34
344 1031
2973 980
1402 467
783 251
81 254
1277 3857
53 166
2887 948
3588 1189
678 2055
3808 1258
4230 1398
2940 967
2187 721
1644 4998
711 2152
227 695
561 1685
1032 345
447 1338
1235 3729
677 2048
719 2178
1541 516
647 1953
782 2378
712 232
1000 3026
1389 463
476 1423
1035 3124
422 1266
2363 777
4723 1555
828 2519
4096 1356
312 944
1592 4847
3733 1237
174 56
2774 907
1302 3931
1483 4498
1602 4878
2832 928
1420 474
2352 774
2054 678
4940 1624
4303 1422
434 1301
2938 966
4765 1568
221 69
2102 695
335 110
1561 4742
1581 4805
123 379
27 10
1189 3589
609 202
1472 4463
93 293
516 168
3621 1198
218 68
549 1652
1180 397
983 2978
1475 4476
683 2068
147 453
2455 808
4945 1625
1119 374
995 3016
1110 3337
83 26
3818 1262
768 2331
157 478
4021 1330
2681 879
2204 728
2463 811
1291 430
310 937
764 2321
2041 675
3160 1047
2360 776
2795 915
995 332
1616 4916
186 566
774 2353
3604 1193
1167 3515
2148 709
342 112
132 401
4467 1472
1287 3887
380 1140
801 2433
4204 1390
1212 406
4512 1488
630 1891
325 106
4039 1337
697 2109
2220 734
1550 4710
2304 759
4661 1534
1126 3387
4053 1341
1303 3933
410 134
3480 1156
1303 435
896 2743
888 2714
378 1132
1178 396
547 180
129 392
1062 3203
2013 664
725 2199
1423 4309
3498 1161
2176 718
3143 1042
1530 4650
2275 750
1582 4808
3909 1293
1429 4332
1576 4793
238 76
1078 3250
1115 372
3381 1124
4221 1395
1195 401
685 2073
1008 3049
1828 612
4379 1446
863 2621
471 1411
2833 928
1613 536
4161 1373
763 2319
1622 540
3443 1145
1539 4677
1580 4801
1426 4319
3478 1156
4117 1360
1295 432
996 3021
501 1500
44 14
4300 1421
1985 657
1576 525
1345 4068
3220 1068
691 226
268 827
993 3010
310 938
1188 3586
329 992
3445 1145
517 168
1217 3683
398 1187
349 1047
4855 1594
56 176
2367 778
2788 911
4066 1345
243 77
1362 4122
1478 4486
3104 1027
740 2241
1316 3983
241 746
1255 3797
1322 4000
1370 4151
682 2065
1996 660
865 2631
2034 672
892 293
1511 4588
4899 1611
281 852
4470 1473
2886 947
3339 1111
880 2685
2627 864
844 2566
511 1523
1851 618
845 2567
567 186
950 2896
189 574
3761 1246
341 1019
1047 3164
697 2108
1151 384
2101 694
1247 3767
390 1166
1483 4501
1233 3724
639 210
4556 1503
4580 1508
1638 4979
1584 527
652 215
1309 3957
1086 3274
4271 1410
1621 4925
388 1158
958 318
2778 909
1802 603
3401 1131
1037 3131
781 250
119 366
1238 412
283 855
3689 1220
171 526
3030 1001
752 2286
2081 688
1169 3519
3741 1240
1307 3947
4713 1552
594 1776
444 1329
383 126
339 1011
73 23
3472 1155
267 85
24 77
1496 4537
79 246
1458 487
822 2498
979 2967
869 287
1383 4186
374 1120
988 2991
1155 3475
4475 1475
471 1412
295 895
298 94
787 2392
895 2739
2488 819
2552 841
4091 1353
683 2069
641 211
2487 819
2549 839
4638 1527
146 48
634 209
1081 3258
1509 4583
1361 4119
1281 3868
2598 856
3962 1310
739 239
994 331
2930 964
1035 3125
1070 3229
1019 3084
4955 1628
1083 3264
1408 469
4207 1391
919 304
1074 357
1898 631
4566 1505
3444 1145
876 289
3254 1079
586 1753
269 829
457 1372
3011 993
1399 4234
1253 3789
1095 3301
2380 783
397 131
1793 600
49 153
438 1309
969 321
3020 996
3854 1276
602 1801
4482 1477
65 21
1782 596
2447 806
1825 611
2823 924
1582 4809
2956 973
1406 4257
2971 980
1515 4600
589 1760
1605 534
858 2603
2211 732
1284 3879
870 287
1461 489
400 132
3606 1194
3142 1041
812 2470
3218 1067
304 920
2074 685
1361 454
2928 963
575 189
1209 404
866 286
4937 1624
1499 4551
604 1803
1781 596
1180 3556
4719 1554
1279 425
1362 454
3560 1181
2103 696
1205 3643
1790 599
564 1692
4622 1523
2144 708
4727 1556
561 185
1284 3876
650 214
545 1638
1280 425
1640 4985
4557 1503
579 1733
227 696
4281 1413
355 1062
4013 1326
489 1463
942 2873
1007 3046
1099 3311
273 88
2260 744
358 1077
1132 3403
831 2526
1789 599
2793 914
3791 1253
772 2343
914 302
1618 539
3379 1124
4107 1358
4331 1429
1387 4196
4361 1437
2718 888
113 36
1632 543
1853 619
1319 3994
642 1936
407 1219
523 1565
4014 1326
978 2965
757 244
1025 3102
3180 1055
3433 1142
892 2728
902 2762
688 2079
241 745
458 1375
692 2092
1308 3952
624 205
49 150
3917 1297
278 848
1972 653
345 113
2579 849
973 324
2 1
1511 4587
24 78
2764 903
878 2676
596 198
992 3005
1575 4791
3678 1216
1129 3393
3377 1123
814 2473
4442 1466
410 1231
3316 1100
821 2493
411 134
527 1581
446 146
49 151
436 142
356 1069
1056 3184
297 900
1016 340
1040 3140
4666 1535
741 2243
1266 3826
235 725
26 85
2273 749
610 1823
1190 399
3718 1232
1610 535
1020 3086
791 252
459 1379
1095 363
4704 1548
1169 3523
36 114
4149 1369
75 235
2301 757
3378 1124
1640 4984
1087 3279
3827 1266
1600 4874
1432 478
4227 1397
214 649
487 161
1852 619
1613 4905
329 991
1304 3934
1427 4322
1598 532
729 2206
412 1239
1579 4796
1615 538
626 1879
135 413
2142 707
1498 499
1451 4401
889 2723
1661 552
124 381
569 1709
54 170
1367 4138
490 1467
102 316
788 2395
2389 787
1281 3871
4341 1431
435 1304
2625 864
976 2962
1335 4034
419 1258
321 970
801 255
629 1890
3903 1292
1028 3108
3357 1117
2283 751
3004 991
895 2737
1091 362
4199 1388
3675 1216
509 166
1662 552
1427 4321
4515 1489
439 1315
253 81
1040 3139
1144 3438
1955 647
1348 4075
657 216
2356 775
597 198
1504 4562
3928 1301
876 2670
1365 4130
86 269
1639 4981
390 1165
2911 957
2885 946
1499 4548
3576 1186
3699 1224
833 271
839 273
1494 4529
507 166
1621 4929
4216 1394
3759 1245
64 21
2314 761
1545 4696
251 782
741 240
4335 1430
83 262
1897 631
1474 4472
4667 1535
1494 4527
3002 990
2757 901
325 979
950 2893
2902 954
1384 4189
858 284
421 1263
817 2482
393 1174
4420 1459
1212 3664
11 31
4896 1609
1057 353
4140 1367
78 245
1329 4019
2409 792
862 2619
3838 1271
767 2329
2716 888
730 237
3704 1226
3859 1278
426 1282
1082 3261
68 22
1429 4329
263 83
1065 3213
154 50
1115 3350
1524 4626
1568 4766
4939 1624
622 1865
662 2007
223 71
3356 1117
3432 1142
3023 998
637 1920
167 513
1626 4946
578 1728
284 860
71 224
1400 4237
2156 712
138 424
3390 1128
2458 809
1308 437
232 711
452 147
1308 3951
3990 1318
312 99
791 2406
1643 4995
1134 378
321 104
1425 4315
298 903
1308 3953
1450 485
4184 1383
1169 3521
1480 493
759 2308
4231 1398
4089 1353
316 950
1262 421
1641 4987
743 2254
434 142
801 2430
301 910
151 465
243 751
1588 4833
1181 397
1351 4082
1071 357
1593 4848
187 569
4970 1635
580 1738
1161 389
1194 400
1019 3081
1086 3271
215 651
2026 670
600 1795
1460 4424
3737 1239
1315 3980
2427 799
604 1804
716 2173
954 2904
411 1235
1300 3924
1124 3380
644 1943
197 595
189 60
45 14
452 1357
761 245
3133 1038
3608 1195
3090 1021
1100 3313
634 1906
486 1453
2147 708
3662 1212
2987 987
673 222
2218 734
4136 1367
3479 1156
1623 541
445 1333
1475 4478
1406 4259
1323 4002
1216 3677
1242 3747
4800 1580
3599 1192
3814 1261
150 460
1090 3287
1175 3541
1258 3805
2453 808
422 1265
2494 821
1468 4447
1003 3036
526 1579
333 109
359 1082
53 168
1445 4378
1531 4653
263 815
1376 4167
643 212
726 2202
674 222
1523 4623
1609 535
184 58
4803 1581
1459 4422
362 1089
548 1649
3579 1186
1175 3539
2696 883
805 258
1818 609
2998 989
348 1044
171 525
1368 4144
3739 1239
1874 624
1128 3391
263 813
850 279
1104 3321
4468 1473
4403 1452
1434 4353
1527 4637
1029 3113
1177 3547
183 554
52 17
1630 542
512 1525
1258 3807
700 228
3620 1197
874 2660
2946 970
1306 3943
622 1866
4703 1548
317 955
19 7
702 2125
850 2583
1257 3803
4893 1608
871 2651
325 980
4553 1501
731 237
1274 3852
1335 4032
32 99
1061 3200
1556 4729
830 2525
2575 847
4682 1541
24 76
475 156
1566 4757
490 162
507 1514
4817 1584
1332 4028
21 8
850 2584
2829 926
593 1772
979 2969
1397 466
2715 888
3665 1212
4212 1393
4048 1340
1351 4083
729 2208
1832 612
782 2377
1553 4717
3719 1232
393 130
891 2725
1194 3607
1378 458
1551 519
66 21
162 492
3195 1060
1640 545
1054 352
2038 673
2342 772
1237 3734
1514 4595
4989 1641
1018 3077
99 313
1566 4755
1518 4611
255 800
1264 3823
415 135
440 143
1766 591
1209 3654
953 316
4698 1545
1182 397
2545 838
4394 1450
1332 4029
2328 766
1259 3809
1629 4956
1450 4396
1837 614
3025 999
1628 542
1248 3770
251 786
2979 983
1295 3912
2318 763
1108 3332
3776 1250
554 1668
1368 4145
2789 911
128 390
3705 1227
2146 708
647 1954
4861 1597
4593 1513
601 1796
4012 1326
2207 729
1043 347
1137 3420
1648 548
1973 653
1419 4295
801 2432
814 2474
1181 3562
218 662
2500 823
1878 626
762 2315
1928 639
1211 3656
4771 1569
1090 362
3503 1164
2094 692
3846 1273
1184 3570
4618 1522
1461 4429
2784 910
2257 744
1414 4284
2830 927
2189 721
886 2707
1225 3702
3844 1272
1723 575
1541 4681
2597 856
1443 4374
82 260
1122 3372
319 960
429 1289
4871 1599
1598 4867
1198 401
1517 4607
512 1528
925 306
1545 516
204 618
71 226
1144 3440
628 1885
146 447
1243 3751
2160 713
62 197
1786 598
806 2446
11 34
606 201
1002 335
1457 4414
3861 1279
154 470
693 2097
156 474
3297 1093
713 232
586 1752
1978 654
1356 4100
583 1748
966 320
375 1122
1049 3167
1713 572
1105 3324
4235 1399
582 191
3768 1247
743 2251
1004 3040
612 1829
2917 959
4845 1592
381 1144
633 1905
1082 3259
3268 1084
1059 3193
4336 1430
839 2548
649 1960
4363 1438
732 237
1344 4061
671 2028
1241 3742
654 1976
582 1740
309 98
1148 3450
2990 987
165 503
825 2509
736 2228
3129 1036
372 1114
3672 1215
1428 4328
2863 939
1119 3362
1203 3635
3060 1012
1026 3103
1358 4108
1450 4395
1608 4894
1580 4799
512 1526
1528 4644
759 2307
431 140
218 663
2617 862
555 1671
1070 356
2744 896
1188 3587
2503 823
3565 1182
804 2440
966 2935
1493 4525
558 1675
1539 4678
1288 428
1349 4077
3661 1212
780 250
3513 1167
283 856
4784 1573
1328 444
602 1800
3112 1029
952 2900
1105 367
590 1763
1100 3315
1057 3190
1254 3794
1483 494
2366 778
182 57
812 2467
3099 1024
3516 1167
461 150
2214 732
3371 1121
2127 703
1572 4781
3392 1129
613 1833
391 1168
955 2906
256 81
566 1696
1526 4631
374 121
670 220
403 133
4938 1624
569 1707
1493 498
524 1572
1184 3573
1043 3147
249 775
1023 3097
126 385
853 2587
166 506
318 957
1176 394
3674 1216
2840 930
3376 1123
678 2052
3198 1061
152 467
3365 1119
478 1434
1040 347
1555 520
222 70
3535 1173
1034 3123
1485 4505
177 540
47 15
118 37
842 2558
3937 1305
859 2607
3237 1074
174 534
4738 1560
1612 4903
694 227
275 841
4687 1542
4250 1404
382 1146
3033 1002
1507 504
1155 3476
3660 1211
1132 3404
1489 4514
3429 1140
324 106
3692 1221
1277 3856
1577 4794
2364 777
93 289
4102 1357
6 17
1396 4225
3869 1281
447 1339
4410 1454
329 108
1514 4596
493 1477
2460 810
833 2531
713 2158
363 1096
52 162
1532 514
3590 1190
12 37
1149 3453
1407 4261
421 137
1499 4550
157 480
2692 882
2986 986
1121 3370
434 1300
286 864
128 42
3085 1020
495 1486
87 271
598 1787
62 200
4050 1341
1440 4367
145 444
1060 3194
734 2217
26 82
778 2368
17 55
152 49
1256 3802
769 247
560 1683
4434 1463
631 1900
113 347
266 820
1071 3233
320 963
823 2501
682 224
305 97
1277 3855
762 246
1490 4518
411 1236
426 138
640 1931
642 1937
4215 1394
1307 437
2518 827
1769 592
716 2171
965 2933
1623 4932
1335 4033
1431 478
1054 3179
62 20
2259 744
559 1678
954 317
2117 700
1056 352
3451 1148
4093 1355
2203 727
1710 570
317 103
1260 3810
1010 3056
4509 1487
4457 1470
1476 4480
961 2923
1537 4672
1567 4759
1072 3235
1077 3247
904 2767
207 64
442 1321
2418 795
1213 3666
1228 3708
4581 1509
1271 423
1994 660
1112 3342
1983 657
1463 4432
4778 1572
2386 785
1864 622
39 13
393 1175
532 1599
3628 1200
2466 811
4197 1388
374 1121
1157 3483
83 264
119 37
1612 4902
3329 1107
719 2180
411 1237
2465 811
333 997
3775 1250
740 2238
2568 845
514 1535
1467 4446
4733 1558
4971 1636
2734 893
552 1660
530 1591
1027 3106
372 121
175 56
1459 487
4141 1368
1574 4788
2172 716
1233 3725
3462 1152
1121 3368
1488 4510
1027 343
547 1646
4936 1624
203 63
325 978
4044 1338
1606 4888
2457 809
2781 909
617 1846
450 1351
3642 1205
2732 893
4705 1548
774 2354
541 1625
1155 3474
1656 551
369 1110
1643 546
637 1923
1234 3726
1391 4209
543 178
934 2847
4330 1429
1193 3602
3051 1008
1331 4023
4685 1541
620 1858
1549 4707
2895 950
1292 430
249 774
407 1220
154 471
902 2761
1637 4975
3484 1157
35 11
232 715
1062 3204
2650 871
447 1340
1021 342
2729 892
4811 1583
770 2336
2924 962
216 656
4350 1434
212 645
445 1332
210 65
930 2841
3383 1125
718 233
3165 1048
367 1104
1466 490
1506 503
1185 398
623 1871
2888 948
148 454
3671 1215
3117 1031
2185 720
1741 582
3454 1149
2212 732
843 2561
1554 4722
4399 1451
1160 3492
94 295
638 1925
1297 433
706 2139
2490 820
1366 456
3001 990
4950 1627
436 1306
54 17
579 1734
234 74
818 2485
1540 4680
42 13
1401 4242
784 2382
164 499
127 386
623 1868
1255 3795
3262 1082
1403 4246
4953 1628
1569 4770
949 2892
417 1252
963 2926
675 222
4160 1373
999 334
3713 1230
104 318
635 1910
4999 1644
1030 344
43 13
2017 666
576 189
615 1840
3921 1298
2693 882
1575 525
538 1616
4326 1428
3773 1249
761 2313
813 2472
1421 4302
527 172
1370 4152
342 1023
1293 431
931 2842
1424 4311
497 163
4560 1504
4555 1502
1055 352
2502 823
1237 3735
1251 3783
2333 769
4391 1449
621 1859
664 2012
1047 3163
673 2035
486 1455
1106 3328
679 2056
1253 3790
76 240
508 1518
929 307
723 235
1196 3614
289 872
1423 4310
2556 842
482 158
1422 475
1014 3068
838 273
1132 3402
266 84
3196 1060
675 2042
1538 515
628 206
4195 1387
2543 838
1186 3577
483 1445
3460 1151
121 38
579 1735
1563 4748
1821 610
4080 1351
1638 4980
3434 1143
1369 4147
658 1986
4327 1428
4288 1415
880 2686
2530 833
200 604
3950 1307
577 189
1643 4997
4293 1419
3035 1003
1315 3978
365 1098
292 887
3326 1106
992 3008
2093 692
3883 1285
550 1655
11 32
340 1014
98 308
374 1117
248 772
3234 1071
345 1035
206 626
4647 1529
534 1606
240 740
538 1617
602 200
4448 1469
664 2009
924 2822
40 123
964 320
2497 822
318 959
2957 973
3192 1059
1106 3327
147 451
2857 936
2123 702
63 202
664 2010
1159 3489
1209 3652
215 654
578 1730
1947 645
2856 936
3637 1204
2213 732
3973 1313
1139 3426
583 191
1580 4798
1381 4179
167 514
1379 4175
1468 490
1053 351
734 238
4471 1474
1544 4691
980 2970
1600 532
3649 1208
943 2876
247 79
1210 405
918 2803
3305 1097
1575 4789
790 252
244 78
868 2638
484 1447
1539 4679
66 212
2434 802
4990 1641
917 303
143 442
1524 4628
1134 3408
1196 3612
3130 1036
1333 4030
339 1013
1886 628
2809 920
284 857
490 1469
4339 1431
734 2219
201 605
1123 3373
896 296
381 1143
346 1038
1392 465
2825 925
4513 1489
747 241
1024 3100
2944 969
1107 369
1082 3263
1413 4279
1087 361
1385 4190
4747 1562
4386 1447
2916 959
3578 1186
4790 1575
1290 3897
4619 1522
4564 1505
297 94
400 1192
1019 3082
666 2015
4417 1458
2274 749
27 89
836 272
1223 3697
2405 790
3176 1054
1209 3651
873 2653
3981 1316
408 1224
476 156
1861 621
477 1427
612 203
1055 3183
1229 3711
209 635
4561 1504
789 2398
748 241
1320 3998
1018 3078
3542 1176
1797 601
1124 376
4269 1410
2293 755
1376 4166
3881 1285
877 2671
789 2397
1460 4427
69 220
2236 739
132 398
890 2724
463 150
743 2253
4036 1335
419 1257
646 1951
1195 3610
408 1223
2645 870
3867 1280
3260 1082
1183 397
3572 1184
3406 1133
841 2554
1428 4325
1561 4739
3993 1319
1849 618
2560 843
3913 1296
529 1589
2200 725
1133 3407
2618 862
750 2277
1167 3512
693 226
1200 402
139 430
1952 647
3835 1269
1544 4692
416 1250
1245 3760
754 2289
83 261
2877 944
1918 636
1327 444
1396 465
621 1860
422 138
1248 3769
959 2918
289 875
655 1980
742 2249
1848 618
883 2698
1181 3558
3538 1175
4904 1613
406 133
1814 608
3710 1229
519 169
919 2805
812 2469
4665 1535
460 1382
3650 1209
3216 1066
1172 3529
402 1201
4308 1423
725 2198
4531 1495
1092 362
1050 3171
1623 4933
258 806
510 1520
736 2227
556 1672
4964 1632
4455 1470
1380 4178
2106 696
613 203
1415 472
348 1045
750 242
869 2640
704 2134
1419 474
1511 4590
341 1017
2036 673
2934 965
780 2373
850 2582
449 1347
2733 893
696 2105
2362 777
630 1894
51 158
3892 1288
1394 4218
2738 895
3615 1196
968 321
946 2884
1483 4502
3566 1183
1408 4266
4954 1628
1607 4892
581 190
141 432
1249 416
301 912
1454 4411
826 2510
1312 3971
4298 1420
3679 1217
677 2050
1566 4756
565 1694
847 2576
181 550
1181 3561
3772 1248
355 115
4264 1408
192 60
475 1421
1230 410
880 2682
1412 4277
1087 3276
1792 599
3256 1080
3226 1069
1342 4054
4025 1331
1556 4725
2334 769
4183 1382
967 321
3782 1251
449 147
1270 3836
4910 1614
1160 3493
788 252
1553 4718
4004 1324
4563 1504
23 74
961 2921
1380 4177
745 2262
3333 1108
1393 465
3032 1001
384 1149
466 152
742 2247
1467 4445
1113 3345
2818 923
370 1111
4974 1637
739 2235
624 1875
889 293
4076 1349
156 473
2445 805
659 1992
1458 4416
873 2656
4097 1356
3209 1063
4158 1372
3306 1098
2949 970
439 143
2045 676
636 210
4437 1464
839 2550
1270 423
4511 1488
2894 950
182 553
744 2258
1472 4464
3284 1090
3922 1299
879 2678
1719 574
2563 844
20 61
681 2060
496 163
1252 3784
793 2410
376 1126
1523 4624
1582 4810
1437 479
4664 1535
2880 945
902 298
1568 523
1368 456
2057 680
1554 4720
1490 496
614 1835
290 879
2601 858
162 491
1326 4011
1615 4912
991 3003
3267 1084
4007 1325
3648 1208
246 766
4372 1443
1430 4333
328 989
3893 1289
2983 985
479 1435
2947 970
50 16
771 2340
4063 1344
1161 3496
250 779
88 277
4947 1626
3757 1245
1245 3758
1274 3851
1623 4935
660 218
427 139
4359 1436
2897 951
688 225
632 1901
669 2024
801 2431
301 913
454 1359
1073 3236
865 286
420 137
871 2648
588 1757
4252 1404
1867 623
419 1259
714 232
1383 460
316 951
1116 3354
1537 4673
4098 1356
155 50
1204 403
2954 972
228 699
1519 509
1606 4887
3966 1311
1619 4923
962 2925
983 2976
867 2634
908 300
3601 1193
4697 1545
389 1162
2138 705
255 798
1105 3325
776 2359
903 2763
454 1360
205 620
406 1216
4280 1413
1604 4884
364 1097
710 2150
3839 1271
1293 3907
3277 1087
225 71
834 2535
1313 3972
939 310
240 742
1125 376
3954 1308
1589 4835
1313 3975
1008 337
2039 673
4745 1562
240 743
164 52
2480 816
285 863
858 2602
348 113
236 728
3925 1301
2222 735
1301 3929
1191 3596
4694 1544
19 57
4876 1602
1567 4761
3969 1312
1009 3052
1537 515
3275 1086
4569 1506
190 60
941 2872
3728 1234
1639 545
4282 1414
508 1516
3746 1241
1317 3986
607 1811
1924 638
1615 4914
574 1722
1135 3410
681 2061
3353 1116
4037 1336
1433 4345
4579 1508
567 1700
2980 984
4360 1437
2411 793
608 1813
1367 456
520 1557
3385 1125
1343 4059
291 882
1046 3156
1013 3063
1358 4106
2371 779
803 2438
591 195
1629 542
364 119
617 1844
1213 406
418 1256
633 209
1292 3904
2229 737
1716 573
228 72
257 81
1237 3731
736 2225
250 80
91 28
1559 4737
212 644
1635 4968
458 1377
355 1063
615 204
361 117
1414 471
399 1189
1686 561
534 1604
2663 875
387 1156
3054 1010
400 1191
3806 1258
2419 796
4633 1526
4627 1524
33 103
1989 658
4260 1406
1184 3571
3636 1203
3022 997
208 632
2124 702
1218 3684
3785 1252
1056 3185
982 326
34 109
3146 1042
631 1899
733 237
1273 3845
284 859
1153 3468
2372 780
530 1590
235 722
4795 1578
540 1620
1153 3467
1383 4187
239 736
22 8
3613 1196
132 402
735 238
2736 894
2401 790
165 53
4575 1507
3837 1271
3714 1231
1556 520
3514 1167
1771 593
291 883
559 1676
424 1277
4875 1601
1571 524
121 373
494 1485
1128 377
3375 1123
4708 1549
433 142
3638 1204
4837 1589
2835 929
2846 933
1594 4851
1460 4426
760 2309
286 867
54 169
4 1
1799 602
518 1547
719 2179
699 2115
1569 4768
4381 1446
918 304
542 178
438 1311
2459 810
492 1475
1431 4340
3151 1044
1318 3989
1186 398
68 219
1636 544
1998 660
665 219
1214 406
3466 1153
4191 1386
226 692
3582 1187
4133 1365
1299 3923
313 946
2855 936
1548 518
916 2797
803 2439
139 428
4157 1372
639 1930
1153 384
4200 1389
1726 576
4652 1531
87 270
253 792
611 1827
4205 1390
3762 1246
443 1326
937 2859
3341 1112
2742 896
1413 471
46 141
1426 477
1496 498
500 1499
2310 760
789 252
137 44
1036 346
4243 1402
1197 3618
3358 1118
516 1543
775 2357
853 2590
940 2868
3563 1182
257 804
1397 4228
3121 1034
933 2845
995 3015
1312 3970
3469 1154
354 1061
2324 765
76 241
3727 1234
1758 589
220 669
38 120
300 907
4296 1420
4603 1516
396 131
4087 1352
1431 4338
518 1550
1069 3224
975 324
1977 654
1211 405
766 2326
3908 1293
648 1958
889 2722
468 1405
723 2194
4524 1492
607 1812
2984 985
891 2726
1515 508
1181 3559
1304 3935
4287 1415
869 2642
770 2338
165 504
1014 3067
2346 773
866 2633
4891 1607
684 2071
1603 4882
2145 708
1224 3698
1049 3166
2808 919
812 262
1663 552
1664 553
993 330
4824 1586
1188 398
393 1173
442 1320
22 70
1508 4578
922 2817
2250 742
1470 4456
1756 588
199 62
457 1371
955 2907
322 104
1306 3941
723 2193
1625 4943
1399 466
425 1278
3864 1280
2281 751
521 170
2269 747
1090 3285
1946 645
2941 967
1390 4203
1027 3105
3995 1319
662 2006
4706 1548
1889 629
293 890
998 3024
2504 824
763 2320
438 1312
3174 1052
1309 3959
1094 363
2903 954
1331 4022
3319 1102
79 24
1438 479
1271 3840
993 3012
3720 1232
738 2232
618 1850
868 2636
2616 862
1156 3481
4276 1412
592 196
4421 1459
987 2988
1363 4125
1444 4376
3414 1136
1074 3240
4864 1598
874 2662
230 73
1263 3820
1443 4373
190 578
293 891
4762 1567
395 131
2542 837
315 949
4285 1415
2076 686
1061 3199
922 305
3624 1198
270 832
2110 697
165 501
879 2679
404 133
1774 593
1347 4073
1904 633
4760 1567
627 1882
1184 398
913 2791
1034 345
1366 4135
2136 705
1590 4839
543 1634
4291 1417
805 2443
3717 1232
4559 1504
724 2196
1199 3627
2632 865
1365 4131
582 1744
3511 1166
2049 677
180 57
343 1029
1374 4163
233 716
4224 1396
590 1762
2852 935
4728 1556
591 1765
274 88
187 572
1222 408
2005 662
1497 4542
900 2754
818 2484
3781 1251
4466 1472
4223 1395
4240 1400
170 520
911 301
2898 951
1596 4858
2927 963
781 2376
297 898
464 151
1297 3916
762 2317
529 1588
3487 1158
1824 610
4118 1361
4181 1381
3153 1044
1514 4597
4522 1492
2865 940
658 1988
1586 4826
2992 988
1076 3243
116 357
602 1798
1092 3291
4782 1573
842 2557
3874 1283
617 204
52 163
513 1529
571 1712
655 1979
770 248
1638 4977
661 1999
22 67
2323 765
143 438
3295 1093
1214 3668
4828 1587
1255 3798
1639 4982
2385 785
704 2133
3 10
3979 1315
857 2600
157 477
2866 940
1506 4571
2826 925
366 1102
932 2843
229 704
2820 924
1049 3169
3094 1022
3181 1055
4952 1627
3749 1242
4027 1332
32 98
2381 784
659 217
3901 1291
1178 3551
4479 1476
165 500
90 282
147 48
552 181
342 1022
11 4
1460 4425
1393 4213
409 1226
1310 3963
412 135
1361 4120
121 370
2771 906
3645 1206
268 85
881 2688
1498 4544
4494 1481
1503 4558
667 2020
1339 4045
1283 3875
453 1358
1107 3330
291 93
417 136
1228 410
797 2422
4274 1411
1448 4390
3439 1144
2351 774
59 188
1657 551
1544 4693
1608 535
1477 4483
2977 983
885 2704
1544 516
4458 1471
3669 1215
2831 927
2374 781
787 2391
3144 1042
251 80
1404 4248
4127 1363
1521 510
804 2442
1311 3964
246 763
691 2091
1941 643
1301 3926
4111 1359
3238 1074
3446 1146
1895 630
955 2908
3619 1197
350 1050
1065 3212
2355 774
1480 4491
4090 1353
4474 1474
989 2999
160 51
2121 701
789 2400
2701 884
354 1059
1590 4840
2379 783
2874 942
751 2279
3984 1316
228 701
2513 826
2223 735
2358 775
97 32
2735 894
1242 3748
61 194
1334 4031
2413 793
481 157
115 354
809 260
1430 478
1041 347
1356 4099
251 785
483 1446
1139 380
1291 3902
143 441
204 63
2316 762
3042 1005
4599 1515
1017 3073
128 388
1313 439
1225 3701
2939 967
86 26
1072 357
470 1410
10 28
1433 4344
1360 4113
95 30
1150 3456
288 871
2201 726
1404 468
1218 3685
755 2295
129 42
445 1331
4318 1426
1099 3309
622 1863
1438 4364
4754 1566
1245 415
1301 3927
371 1113
3441 1145
3079 1018
515 168
886 2708
328 107
1705 568
1103 3320
1287 3890
1391 4206
1217 3682
1048 350
2929 963
1574 4786
138 45
4961 1630
1453 4407
701 2120
423 1272
1247 415
255 81
7 18
710 231
3485 1157
522 1561
1569 4769
3849 1274
536 1611
1386 4192
2839 930
2294 755
2532 834
1243 3752
1494 4530
935 2853
153 469
4009 1325
2396 789
434 1299
1129 3394
1310 438
1643 4993
3884 1285
2429 800
462 1387
1247 3765
2369 778
847 2574
2404 790
175 535
862 2620
3059 1011
1386 462
704 2131
476 1424
2421 797
1248 416
298 904
1556 4726
590 195
3843 1272
149 455
2553 841
2520 829
533 173
1204 3640
837 273
3540 1175
3920 1298
1042 347
404 1208
1290 429
3066 1014
1974 653
14 46
1532 4656
1047 3161
60 193
3252 1078
1076 358
1009 3053
3083 1019
473 1418
514 1533
485 1448
1063 3207
4139 1367
3061 1012
163 494
1587 529
4573 1506
2807 919
3955 1309
3910 1293
545 1641
92 288
1265 3825
883 2697
4906 1613
3592 1190
4057 1342
1461 4428
568 1703
1138 3424
249 777
523 171
660 1997
3940 1305
280 851
319 104
4497 1482
770 2337
555 183
1022 3092
1526 4635
170 522
388 1160
1805 605
814 2475
1165 3506
651 1969
712 2157
31 96
1471 4462
192 584
1478 493
1497 4539
1245 3756
422 1267
814 2476
499 1497
3334 1109
1226 3703
20 59
95 300
608 1817
1911 635
298 901
1527 4640
952 2899
3304 1097
1163 3500
4807 1582
597 1784
512 167
206 627
2072 685
1305 436
578 1729
3175 1053
4469 1473
215 653
3411 1135
4774 1570
1100 3314
3520 1169
1089 3282
235 724
600 1794
2968 979
1010 3058
63 205
1289 3895
223 676
200 601
1251 3780
1489 4517
116 358
1434 4352
69 22
869 2643
4870 1599
303 96
494 1484
1442 4370
1916 636
1508 4577
3681 1217
2937 966
1819 609
595 1778
559 1677
160 486
690 2086
1084 3269
1120 3366
2414 794
2593 855
467 1400
185 562
264 817
1427 4323
1559 4734
1237 3732
265 84
849 279
2062 681
939 2862
65 209
1767 591
1060 3197
2528 831
1698 566
1518 4609
2383 784
187 571
1632 4963
124 40
2051 678
564 1690
502 165
267 824
757 2298
201 63
314 947
1666 553
672 221
4825 1586
934 2850
530 1592
501 1502
1369 4148
1092 3292
1446 4382
181 551
3283 1090
368 1106
1454 4409
1724 575
3564 1182
583 1747
1679 559
4852 1594
481 1441
448 1343
183 558
767 2330
3647 1207
441 1317
1449 4393
1253 418
443 1324
1498 4545
3075 1017
105 33
292 885
4172 1377
4829 1587
541 1627
3958 1309
1536 4669
2755 900
921 2811
1062 3206
1110 3336
4812 1583
4660 1534
356 115
4934 1623
4675 1539
1180 3555
2163 714
945 2878
615 1841
175 536
1615 4911
2794 914
889 2721
846 2573
4170 1377
881 2689
1035 3126
76 239
690 2087
462 1388
5 13
2787 911
4436 1464
1064 3211
1075 357
1170 3525
502 1504
3831 1267
3382 1124
736 2226
4439 1465
3363 1119
2292 754
847 278
3568 1183
399 132
1497 4540
2569 845
1524 4629
4962 1631
707 2143
1542 4688
1991 659
1057 3189
1297 3918
1637 4976
235 721
2674 877
1345 449
1525 4630
1217 407
1463 4433
145 445
1133 3405
3754 1244
605 1806
467 1401
1653 550
1395 4222
275 88
4324 1427
1542 4689
2806 919
4443 1467
3554 1179
752 243
1966 650
3343 1112
1215 3673
4838 1590
528 172
4552 1500
1154 3471
1513 507
4115 1360
810 261
1115 3351
1425 4313
578 1732
1410 4272
764 246
1436 4358
32 101
1439 4366
1577 525
596 1783
2205 729
1479 4488
787 2390
3829 1267
61 195
4585 1510
65 208
1537 4671
1919 637
1755 587
1399 4236
1069 3223
2002 661
272 87
213 647
247 768
1340 4047
5 14
2387 786
1433 4348
491 1472
202 608
1306 3942
2191 722
1553 520
3322 1105
414 1244
1908 634
496 1489
4881 1603
1241 3743
2624 864
4617 1521
323 972
2302 757
1625 4941
410 1232
731 2210
2288 753
452 1356
2245 741
4292 1418
414 1243
479 157
1430 4337
904 2768
820 2489
378 1135
3744 1241
3799 1256
515 1540
861 2614
185 58
1398 466
7 20
1068 3222
3344 1113
2423 797
1959 648
3137 1039
617 1845
2821 924
75 24
2936 966
945 313
4008 1325
2786 910
4863 1597
1674 557
2775 908
3595 1191
810 2461
3418 1136
263 814
1421 4301
325 981
88 276
1166 3507
498 164
1362 4121
984 2981
3944 1306
4983 1640
1014 3065
380 123
793 2412
2403 790
1449 485
1482 494
1367 4137
25 81
2291 754
1481 4493
4880 1603
787 252
586 193
3499 1162
4153 1370
1317 3987
4625 1523
1965 650
2691 881
1605 4886
244 756
1285 3885
122 376
4001 1323
1264 3824
1557 4732
3098 1023
628 1884
1629 4957
875 2665
4465 1472
3633 1202
3574 1185
5 12
2864 939
236 727
1788 598
322 971
4123 1362
1505 4567
1444 4377
557 183
1009 337
4026 1331
2572 846
1585 528
148 48
32 100
1338 4043
1505 4565
80 25
48 15
9 26
2195 724
583 1746
588 194
384 1152
498 1494
1933 640
4088 1353
3706 1227
3763 1246
1816 608
4636 1527
619 1854
116 37
1572 4779
2559 842
3270 1085
1452 485
589 1761
272 835
1302 434
4992 1642
530 173
895 2740
458 1376
448 1342
4342 1432
3168 1049
47 143
3667 1213
293 888
1199 3625
2770 906
2881 946
1054 3177
2827 925
4988 1641
559 1680
4070 1346
2890 948
1360 4116
2705 885
1 3
1089 3281
637 210
972 2951
4931 1623
2854 936
804 2441
1626 4948
715 2167
1403 467
1534 4662
1548 4702
341 1020
2155 711
2942 967
4440 1465
629 207
771 2339
2544 838
1086 3272
1498 4543
1542 516
757 2300
3793 1254
38 12
2891 949
3310 1099
241 744
4523 1492
892 2730
315 948
4701 1547
990 3000
885 2703
252 80
3863 1280
176 539
1292 3905
1007 3048
1517 4605
745 2263
2785 910
642 1938
188 573
1869 623
149 458
4368 1440
844 2565
2972 980
766 2325
4092 1354
3348 1114
2153 711
1643 4996
2184 720
4255 1405
1714 573
46 140
687 2077
2838 929
126 384
403 1203
1085 360
1184 3569
643 1939
167 53
4676 1539
612 1831
488 161
1496 4536
3960 1310
633 1903
2107 696
645 1945
1221 3693
549 180
2753 899
1211 3658
1592 4843
4546 1498
4289 1416
1353 452
1322 442
2437 803
314 100
1240 3740
624 1873
708 231
390 1167
4752 1565
771 2341
3779 1250
1405 4253
1408 4267
2959 974
856 2596
161 489
1876 625
4850 1593
4917 1616
1062 3202
289 874
4712 1552
2837 929
1573 4783
3600 1192
521 1558
1507 4574
1173 3533
4818 1585
1071 3231
1225 409
1456 4413
465 1394
1066 355
1456 486
621 205
1164 3504
130 42
97 306
1117 3355
974 2960
128 389
3162 1047
239 737
2537 835
818 265
1750 584
359 1078
4142 1368
4051 1341
2514 827
4275 1412
3988 1317
1530 513
711 2154
721 2186
95 299
1651 548
1199 401
1341 4052
1718 573
799 255
2332 769
1018 3076
689 2084
567 1702
3886 1286
276 843
1101 3317
649 1964
1377 4171
894 295
703 2129
4229 1398
1384 460
4773 1570
806 2448
17 51
1552 519
4919 1617
3349 1115
3442 1145
3159 1046
1233 3723
4608 1518
3459 1151
1145 381
502 1503
4383 1447
916 303
117 360
1917 636
2078 687
2961 975
1563 4749
6 15
996 333
267 822
1116 373
309 935
3242 1075
1541 4684
1615 4913
758 245
1581 4806
2776 908
1179 396
320 104
4069 1346
271 834
460 1380
1855 619
3557 1180
2534 834
133 44
2777 908
340 1015
3150 1043
1044 3154
253 793
1586 528
770 2335
2717 888
1056 3187
1077 3249
121 371
302 96
1487 495
2130 704
827 2516
4245 1402
2306 759
1471 4461
2174 717
881 291
132 43
851 2585
320 965
1314 3977
1190 3594
310 941
362 117
596 1780
1172 3531
4966 1633
1040 3138
4772 1570
2462 810
73 229
2595 855
489 1462
1068 3219
4746 1562
246 765
531 1597
4450 1469
1536 4668
3007 992
1219 3686
4632 1526
4651 1530
1444 4375
249 80
4392 1449
3497 1161
1408 4265
1948 646
3877 1284
2237 740
1635 4969
4507 1487
1369 4146
1280 3866
760 2311
982 2975
1534 514
1896 631
4444 1467
2564 844
4129 1364
1233 411
4347 1433
1170 3526
1612 536
231 707
3532 1173
1281 3870
1403 4247
456 149
2515 827
1469 4451
361 1088
4074 1347
142 435
668 2021
2997 989
392 1171
131 42
2290 754
1083 360
357 1073
4506 1486
993 3009
2800 916
923 2819
612 1830
940 310
1995 660
3508 1166
1013 3062
4283 1414
4262 1407
208 631
1344 4062
150 462
1262 3816
1099 3308
2388 787
3045 1006
1110 3335
4764 1568
717 233
2299 757
667 220
3965 1311
4109 1359
4613 1520
1262 3815
1857 620
881 2687
4356 1436
530 1594
112 340
887 2710
3889 1287
2711 887
853 2588
255 797
1475 4477
1471 491
941 2871
1243 3753
331 109
3813 1260
2875 942
1159 388
380 1141
125 41
589 1759
4198 1388
3911 1294
606 1809
738 239
2499 823
2758 901
4156 1371
1470 491
247 767
1069 3225
1004 335
55 171
4232 1398
527 1580
2974 981
1215 3670
367 1103
1351 4081
61 196
751 2282
27 90
4071 1347
4922 1618
1509 4582
115 353
443 1325
1580 4802
1599 4868
921 304
1932 640
4972 1636
904 2766
1838 615
4965 1632
678 223
4251 1404
641 1934
424 1275
1343 4058
2709 886
3488 1159
2181 719
1495 4533
2746 897
1170 392
2059 681
915 302
698 228
1611 4900
2814 922
1065 3215
3899 1291
711 2151
880 291
1065 355
352 115
1178 3548
3494 1161
4049 1340
745 2261
2192 723
589 195
4831 1588
1584 4816
44 136
579 1737
4180 1381
2780 909
3738 1239
720 2183
4064 1344
484 160
1909 634
1197 3617
585 193
3449 1147
1061 3201
1246 415
3832 1267
825 2506
183 556
1597 4862
3152 1044
1524 512
348 1046
1291 3898
402 1202
4859 1596
3862 1279
2246 742
587 1754
830 2521
339 111
1174 3537
1068 356
989 2996
976 324
1015 3069
4534 1495
607 201
1305 3938
4986 1641
56 173
332 109
60 191
4994 1643
159 51
826 267
922 2816
1269 423
326 985
1621 540
3828 1267
910 2783
548 1650
1725 576
1473 491
324 974
2581 850
1614 4907
3182 1055
320 962
2001 661
1199 3626
1512 4591
4901 1611
29 93
680 2058
2040 674
871 2649
90 284
160 485
2769 905
450 1349
109 334
4670 1537
619 204
875 2666
58 187
2615 861
2608 859
706 230
3265 1083
896 2745
738 2230
1779 595
917 2801
2652 872
1592 4846
3458 1151
916 2798
1407 469
3777 1250
3230 1070
2122 702
1169 391
1922 637
760 245
1080 3257
211 65
548 180
1303 3932
533 1603
13 41
3985 1316
236 726
2451 807
550 1654
1626 541
1428 477
700 2116
1281 426
3034 1002
700 2118
1495 4532
4649 1529
807 2452
4015 1327
1706 569
636 1915
343 1026
4041 1338
1125 3384
2491 821
1275 3853
134 407
2375 781
651 1968
1001 3029
667 2019
67 214
1459 4419
495 163
1152 3463
2626 864
629 1888
3477 1156
1000 3027
3039 1003
3435 1143
4909 1614
3280 1088
994 3013
2492 821
424 1274
2882 946
4128 1364
1051 3173
2848 934
3900 1291
3255 1079
1389 4201
111 35
1195 3611
1100 365
755 243
172 55
4775 1571
1389 4202
1505 502
1399 4233
1243 3750
58 20
1415 4286
3505 1164
2851 935
2067 683
3111 1029
203 614
62 198
941 2870
3549 1178
2578 848
1364 455
3148 1043
48 144
803 256
815 2478
4400 1451
3501 1163
720 234
1460 4423
2613 860
424 1273
4504 1485
4065 1344
909 2779
1410 4270
90 285
338 1010
2083 688
515 1539
3028 1000
2224 735
242 77
539 1619
4168 1377
1509 505
837 2541
1409 4268
884 292
1717 573
2234 739
1155 386
965 2931
4804 1581
1216 3676
375 1123
740 2240
3788 1253
469 1406
2027 670
745 2264
998 333
1401 4241
4354 1435
3070 1015
2677 879
4397 1451
254 795
1419 4294
3122 1034
4819 1585
1063 3210
16 49
1392 4211
2675 877
492 1474
743 2252
1220 3688
4857 1596
444 1330
4699 1545
449 1344
574 1720
1087 3278
1336 4038
1133 378
3687 1220
1206 403
593 196
1220 3690
1375 4164
1470 4454
343 1028
4385 1447
179 57
4797 1579
206 625
3115 1030
1457 486
231 74
1557 4731
1083 3266
443 1323
4320 1426
1834 613
4927 1621
2641 869
483 159
4481 1477
1260 420
830 2523
794 2416
887 2713
534 1607
1561 4743
1249 3774
3792 1253
3764 1246
3244 1076
4404 1452
3 8
598 1785
119 365
4017 1328
173 529
2426 799
3530 1172
408 134
1271 3841
598 198
3239 1074
3248 1077
1460 488
954 2905
4150 1369
4219 1394
166 505
233 719
1252 3787
470 1409
4584 1510
3696 1223
1005 336
20 60
219 664
3389 1127
1635 543
3833 1268
113 346
2919 960
545 179
1599 4869
3286 1090
327 987
3509 1166
2594 855
256 802
4418 1459
1028 3107
811 2464
2741 895
446 1335
456 1369
1684 560
2592 855
4489 1480
983 326
2141 707
1054 3178
4959 1630
3141 1041
3583 1188
448 1341
3694 1222
1562 4744
327 986
1526 4634
703 229
4431 1462
4645 1529
4254 1405
2270 747
427 1285
1352 4086
2849 934
1024 342
773 2349
1126 3386
798 2424
360 1084
797 2420
2964 977
1621 4926
3616 1197
112 341
1521 4616
3801 1256
523 1569
1255 3796
48 145
1594 4854
1484 4503
1839 615
616 204
1148 3452
254 796
854 2591
1521 4615
211 642
1131 3399
988 2994
3465 1153
805 2444
1600 4873
3657 1211
1522 511
3428 1140
1926 639
544 179
568 186
4362 1438
565 185
3575 1185
583 1745
985 2985
144 443
290 93
1274 3850
1499 4549
300 909
53 17
3006 992
3730 1236