5000
1821 383
707 2372
2631 1155
4707 1477
4639 70
1095 1734
471 456
2011 2995
2563 1155
2007 2428
2 3923
32 1297
1134 3096
3081 3425
3998 3081
92 355
326 1645
232 3539
3130 1929
92 519
175 946
140 414
173 4760
116 3216
232 3059
1424 904
4267 1134
75 4869
352 1434
4332 1527
1792 159
1095 2299
30 111
116 1611
2287 1477
2687 2874
506 30
456 1377
30 1265
613 3697
2 309
116 2312
4927 32
1697 2
633 3726
4282 2548
633 2452
2007 3502
379 3741
1854 3612
937 6
2024 8
4196 6
29 3058
320 159
3807 456
1816 3102
8 2666
2238 1039
4814 4777
4657 3472
2941 1559
961 32
4348 3933
368 1237
633 2866
3401 456
352 2353
2023 66
682 1572
3904 4433
2642 447
2491 456
1303 774
3904 4325
3967 4748
1313 30
1134 4253
3873 104
1820 278
707 1141
173 4181
1039 1246
4035 383
4721 774
1849 3797
171 32
601 1486
1876 39
159 1604
4780 4734
3781 2516
1 982
774 1576
3472 4262
4154 1849
1134 1659
523 2265
1531 175
2687 1
1291 1370
120 196
1134 2695
567 383
3191 3009
3754 104
75 407
774 1173
1889 140
1800 1013
6 710
908 725
368 4241
726 159
92 1578
2315 3520
208 2611
50 183
50 1454
3142 4446
331 8
601 1765
8 3195
232 4934
1860 1291
2552 1155
273 92
2646 725
1155 1287
104 1908
1039 4620
601 3483
437 57
613 3404
4884 2628
1816 4804
159 957
3967 4608
566 1238
92 869
204 92
61 6
3251 2200
352 4276
3310 613
3047 4058
3910 1477
92 3560
4369 2548
1527 1909
1978 278
120 2281
1299 1948
173 3508
57 4159
1854 3120
66 283
3358 2882
4338 904
3316 208
1559 3292
2750 3250
3967 4829
2315 4536
120 824
1413 57
2680 50
8 335
2476 891
2506 2308
2706 725
1459 797
173 1008
30 2798
30 4083
1291 1727
57 3094
970 75
8 943
22 1217
904 3683
3236 116
1816 3044
1626 32
601 3213
383 659
116 2226
1083 127
1667 326
1013 4735
116 737
75 1243
4356 774
3568 774
1193 57
1609 39
523 4144
1219 2248
368 4625
707 4268
70 563
982 4315
2194 173
724 32
3838 2548
159 689
774 1941
589 75
8 1033
1925 3535
4661 1291
337 175
904 2837
1527 2485
3126 173
1633 352
456 533
682 2167
1400 175
633 1086
3472 4206
2076 368
57 2304
2882 4293
601 2802
1219 3269
2244 757
707 2751
232 629
20 2
3411 116
4892 1281
57 1205
22 1284
435 352
332 50
4499 1155
1530 50
601 2776
1879 1612
4226 3453
3016 32
295 278
2803 6
456 2910
1929 1946
147 30
1106 159
523 2734
3427 566
633 4501
127 1798
733 173
30 1672
2011 3276
6 15
4209 1694
3850 982
725 3434
3896 278
1901 707
1020 383
1155 4031
4445 1095
1554 523
982 1664
104 502
601 3859
426 22
805 120
613 4388
1610 232
2308 3734
1559 3186
3917 3081
29 1964
208 281
2965 904
3904 3997
352 2210
1075 379
3892 904
4467 4459
3731 1299
104 2078
4994 116
757 2352
92 2621
482 175
601 1663
748 66
120 1742
862 613
3071 379
2525 757
4848 2011
1691 120
1291 2719
760 159
208 4394
1134 4607
938 173
495 456
175 2413
1854 3644
4146 92
159 4155
757 3861
383 2543
3967 1
1956 278
368 1294
3972 1477
4280 2628
1021 22
140 2656
2853 8
92 381
368 815
278 2523
797 2655
3602 1612
4269 116
3388 1849
3111 70
904 941
403 6
1703 4069
4472 1134
1219 3919
2628 4342
2040 1816
2976 456
3453 4668
513 50
1345 32
116 708
2011 2897
757 971
175 2203
75 2059
447 1534
774 995
891 3837
2459 707
797 3922
4158 2007
757 1257
30 2904
75 799
4250 1703
1281 3773
17 8
774 2345
208 285
326 705
32 3977
3949 3081
57 2123
30 2913
30 3667
352 1087
663 456
1133 173
2881 904
479 70
1440 278
32 1328
2237 379
2683 2628
2007 4364
30 2870
2624 70
192 39
2946 116
130 120
140 483
278 1
352 3937
2628 3582
891 1076
3933 4051
140 2681
1757 1703
1775 456
1286 456
326 991
682 1009
1488 566
1139 140
359 29
899 447
2750 3288
66 624
633 3938
75 581
4779 2750
30 4054
368 2430
523 4266
1092 379
216 159
2540 3854
70 2933
127 1310
92 1987
928 601
601 2724
278 3497
29 461
278 3791
1801 613
3345 1849
523 1224
29 4719
3356 1925
523 2619
4938 3963
727 456
1155 2661
3015 2540
891 1762
3420 613
925 39
3648 2308
2185 1291
1671 175
379 2558
1103 682
1155 1491
50 1
1635 6
29 291
3387 1155
29 2280
601 756
1929 3821
4752 682
2511 523
1519 57
2181 2333
420 57
3682 57
786 8
278 2952
1025 75
4983 1039
2882 2966
4725 1559
3011 1849
3832 57
1527 1588
904 3429
1966 891
2308 1
1291 2994
66 2678
900 8
1527 1976
3847 326
2722 140
4978 1854
566 621
707 817
368 1550
3009 4377
3142 4539
4985 1477
1467 104
1 1849
2750 2943
1481 682
1219 1
2126 1559
175 4655
3354 22
159 2145
2687 4026
1300 982
1743 1694
2628 2987
2181 4403
1612 2986
104 1164
2181 4169
3564 2315
774 1385
1291 3908
2896 2516
3823 3453
8 525
6 2961
368 1425
4656 175
6 4928
3482 232
66 1082
6 4431
3431 75
1386 633
2593 904
70 2769
3690 3928
140 4263
159 3627
2540 3060
120 442
1143 29
4102 1849
4008 159
1093 92
1039 1442
75 4022
3219 774
3047 4468
2795 140
44 32
120 963
1013 1965
3556 352
3675 3453
797 3632
4972 32
3792 92
4777 1
379 4660
1859 50
725 2044
2004 1299
1836 601
27 8
1289 66
1816 3069
1063 70
4554 1477
19 8
3092 3009
1591 613
3565 2687
2239 104
1803 232
3954 1039
1013 4904
2322 75
706 173
2692 1929
2714 29
1022 92
3545 75
3912 140
4039 725
6 14
1356 904
127 201
2011 1
1925 2644
4443 523
1134 3849
2308 3217
1299 1536
2547 1039
8 700
826 116
4301 3047
4506 1854
633 678
3282 566
4336 2
460 39
1559 4056
3020 1219
1219 1466
8 1251
3692 140
749 725
566 2320
50 698
1039 1090
116 4589
2956 175
2614 1559
2200 3352
4998 523
367 39
4257 2687
2329 633
39 893
793 633
65 57
2622 601
3242 982
1988 116
404 173
127 314
2199 22
566 3367
4048 1925
613 684
1539 159
2542 2516
1573 66
175 3408
1706 1039
3040 2308
1653 70
2813 22
754 633
1853 383
4113 173
456 1084
1204 66
1079 8
311 8
132 57
2051 1281
3765 566
2149 50
464 70
701 232
1933 39
4180 3453
57 4024
1770 278
75 319
2308 4221
229 2
3163 447
75 4424
729 613
1527 2673
4357 70
3112 3009
191 159
4570 39
3153 1816
797 1656
2200 4618
2548 3291
2750 3325
4353 3172
3183 8
1 66
1299 4237
2143 891
140 1172
1994 120
730 22
1741 66
2636 1854
57 1256
140 2469
173 960
4298 278
851 175
1342 379
682 831
854 447
1095 3117
92 773
1013 1771
8 4813
3009 3290
1067 50
712 379
120 2970
1925 4741
1013 3368
144 22
587 379
4002 3472
4334 1155
6 807
764 633
3905 383
1764 140
30 446
633 3926
104 758
2857 50
2200 4730
4815 175
159 172
2980 383
4003 3933
25 22
4153 29
1277 32
29 2069
2307 613
3867 682
1482 613
1472 725
352 503
2939 1281
1219 4574
613 3128
1637 8
896 75
3173 2315
3428 523
4931 447
2805 1694
50 3525
3674 173
2019 30
173 1267
3232 2750
1299 2520
757 1
578 57
278 1679
3936 1219
1654 725
4119 1925
1291 1646
8 3424
30 3083
1475 57
1849 3703
140 353
3304 1527
22 154
22 4525
3047 3460
257 30
1039 3588
1272 891
601 4242
102 22
3472 4015
173 1512
70 400
2056 50
159 2672
633 694
1299 3576
175 323
29 3397
1695 707
3048 2540
1219 1358
92 1912
3073 39
931 127
2778 70
6 3706
6 2012
1703 2018
1816 4514
127 1795
1811 66
3677 3009
4308 633
4770 140
3385 1281
1349 1134
2730 1291
4957 66
127 184
2 4805
3975 3933
352 622
275 92
2882 4696
4557 57
2540 4522
57 78
2386 383
1291 4127
456 1972
456 1174
1316 383
129 8
566 1248
3452 352
92 1002
1527 3921
3933 4393
4324 613
904 3796
3340 70
2605 368
379 4173
1612 1773
2315 4400
2652 232
4840 1527
3412 1527
1703 3538
3172 3374
86 70
3065 1281
208 3075
788 278
2710 22
601 772
66 3393
159 4281
4946 30
1060 757
278 846
3633 566
4673 2181
859 523
1 1703
806 447
158 92
4782 3047
1027 75
707 4772
2607 904
1463 140
70 99
383 836
1789 368
8 1735
613 2790
891 4073
378 92
4372 725
368 480
3081 4711
66 2483
613 1777
1017 797
383 803
3275 2750
3000 120
22 642
70 2847
278 2098
2711 75
120 3204
2865 797
1596 904
302 66
2371 326
865 32
173 3342
832 175
1967 2
4218 456
66 2903
707 1970
122 32
2011 4882
1299 2915
1108 173
1658 379
3147 175
791 566
2475 613
1291 2119
116 3946
3150 6
2463 613
2 2401
3076 326
2 409
75 670
3690 3899
22 888
1291 4397
116 1999
50 1752
1816 3209
904 3218
4566 456
891 4175
3472 4243
2628 3144
116 1357
3512 1095
140 843
613 801
682 3757
2450 2308
2750 3996
4556 92
3174 757
553 127
227 175
39 391
3615 278
682 1877
1431 368
1134 4627
3225 379
1240 22
4648 1
1854 4485
368 608
3664 3081
2687 2898
707 4404
2480 22
682 2461
633 2753
3586 104
57 421
39 1403
1281 3774
103 75
2321 29
4165 2628
1134 1222
379 3500
1155 1
2481 2007
208 3935
230 92
30 266
1134 4703
4996 30
3322 2181
278 3437
757 1044
3298 116
2765 175
3733 32
175 603
1703 4225
2824 1694
8 1515
1854 4495
57 1254
352 3887
4040 757
140 3088
769 175
3406 75
57 3324
613 4409
1 1039
2 2249
2105 456
2516 3658
3978 1849
232 4963
4376 2181
159 1738
2174 757
1854 2067
175 2662
757 1175
2 137
2200 4368
601 4422
456 1363
1929 2358
3142 4849
2628 2749
3104 2200
29 206
4992 2750
1827 2
1 2315
1039 1721
2817 1816
4532 2200
4865 30
3931 447
2315 2521
4132 1929
1544 278
2998 1849
1754 352
368 2266
70 1484
1849 2402
3035 173
3009 4614
566 1728
2181 3336
601 2936
4870 3142
4873 2516
30 155
577 104
2495 2315
208 3833
2011 4974
3712 456
4910 2181
613 3858
278 2381
1559 1616
601 1245
4609 2181
120 1
566 3255
600 208
3531 633
1694 2474
2308 3623
2425 523
2 2396
278 650
120 164
32 444
633 3422
1039 3532
232 374
2893 140
3268 57
4010 30
4201 2315
905 904
368 878
4542 707
4085 32
1471 50
379 416
1095 2369
4984 2011
1134 4874
1039 1195
1666 92
2315 2454
1013 1942
66 105
1242 57
50 3235
1039 1684
30 2780
326 1116
797 2992
2053 159
208 3193
1953 120
352 770
1974 278
2160 75
1285 613
4479 3047
368 4135
2548 2948
1 725
1828 32
75 2962
3032 92
22 26
3009 3764
2212 1703
1694 2879
140 1183
775 175
70 750
544 326
3286 2308
1281 2899
797 3982
2200 4095
208 4131
326 1336
120 411
3386 57
613 3876
2403 1925
4062 904
120 2231
2482 1134
2315 3973
3097 22
1219 2039
75 794
2981 2687
383 4579
1146 774
173 1126
92 715
334 6
6 113
3725 1854
2323 2308
2599 456
2505 633
6 2100
1622 116
1201 891
4920 1816
3524 57
456 2989
3 2
208 3724
4582 2011
1095 4708
1247 891
2152 1134
2054 368
4534 66
523 4715
1925 3857
1518 326
326 4785
2651 707
140 4349
126 39
4880 2882
757 3270
379 979
1219 1295
774 3794
208 755
2882 4902
29 518
3715 3047
980 682
57 1055
32 4480
661 523
923 50
2923 278
619 326
4986 2548
104 627
175 1568
70 2383
3708 3472
1395 566
1010 891
173 2165
3963 4871
8 83
1612 2510
92 752
2114 1477
4709 566
1134 1341
1694 2841
1109 682
4906 173
2050 523
4390 1219
2809 116
101 29
2315 3585
1013 3177
8 1528
4604 1134
4375 1559
3139 1925
3684 1612
4004 3472
22 2606
648 116
2882 3976
175 1968
2130 39
3047 4816
31 8
1703 1944
6 4491
774 1312
1045 633
3081 4619
173 2374
3880 3009
379 423
104 477
383 4478
4076 3081
173 2833
633 2834
3707 2687
3777 2516
159 1059
2200 4271
2581 39
2514 982
1 379
1013 1474
3563 29
2861 2308
732 6
54 6
1299 4436
70 469
66 4167
2554 1612
1219 2002
120 1026
368 742
1144 601
582 29
22 255
2538 383
2033 613
682 3594
1527 2192
3078 6
601 4091
39 350
2184 92
4365 797
4695 3963
22 52
1134 1230
208 3469
1477 1547
352 4419
8 41
1117 104
3201 2308
4038 2750
2548 3373
1266 757
1105 383
57 80
116 4561
4286 2308
32 3466
633 2659
3840 2007
2034 1013
1134 1428
2564 66
127 3413
3145 50
3108 173
4679 601
3110 39
232 2201
2828 1281
66 289
1906 1219
173 177
1155 3066
140 380
1929 4612
352 1808
1997 707
39 3769
904 4652
2 268
2497 1013
1723 633
1852 70
2011 2894
1134 4832
4496 1925
3329 66
797 1180
4494 127
75 2906
2969 29
3889 1219
2112 456
3299 1281
2200 1
4918 6
1095 2738
3967 4948
1835 66
104 2417
959 57
57 3101
6 73
39 1586
891 4577
39 916
1436 1291
2290 1134
379 3131
75 1057
1219 3478
2124 725
2041 904
4329 352
140 3359
2 199
3154 1477
707 2623
3669 1849
1694 3592
3442 682
2567 1849
1712 1013
1291 3089
1 633
1517 175
284 159
774 985
3197 1155
120 936
1925 3900
4079 1559
1925 2140
2419 50
1299 1903
180 22
3184 159
32 1478
3249 159
3332 774
982 2746
1756 601
66 4464
1081 32
3628 66
3207 116
601 4654
3871 66
116 340
2942 1703
39 2967
633 3274
104 1823
50 4114
239 175
1095 1847
2690 92
1158 1095
3311 2181
613 1113
159 2513
1291 2021
3476 57
3530 633
208 4392
182 120
4988 1703
1291 2928
106 2
57 205
278 3026
3337 904
4029 3172
29 2926
633 3279
2315 3272
22 1647
2 1368
3830 66
956 127
2863 22
2750 3661
326 2122
175 1004
1703 4017
1013 2342
368 574
3453 4455
70 118
2181 2326
4299 757
116 2042
1369 707
173 1206
561 120
633 3238
1612 1790
4311 4771
2616 352
891 4179
777 456
1810 1612
1527 1692
1612 1
50 190
116 2046
983 8
591 32
2429 1013
3140 104
1095 3178
4527 2882
141 70
175 1203
1281 3485
1299 4021
246 92
3239 1291
1503 29
2011 2117
4138 891
1388 57
92 342
29 1726
981 57
904 2153
3653 2548
894 383
173 301
116 1833
1095 1494
2596 50
92 4016
2176 208
904 2925
3670 2007
1291 1458
1619 2
159 1526
1382 175
2007 2996
1854 2261
232 4469
601 3654
2090 797
3468 2011
982 1880
2697 1281
175 394
1502 175
208 415
30 395
1071 30
4451 3967
2743 1095
2169 774
3690 3744
3047 4411
811 2
32 1896
2097 1039
3003 8
1046 8
613 2917
1529 613
3671 92
1797 1013
1291 3517
278 615
3890 1854
1694 4081
1816 3137
2158 368
2272 66
75 1199
9 6
1095 3590
173 2115
3869 116
4395 1929
2880 2628
232 1012
1095 3770
1219 1362
2812 707
2548 4977
456 1913
613 2224
368 753
1 2181
1155 3883
2011 2836
1178 982
2687 4352
39 1855
57 1873
4896 1849
2615 278
792 447
1527 2300
208 1991
2971 50
4347 208
523 1514
4105 447
32 1807
1219 2781
904 4500
456 2762
976 159
467 50
4632 57
4230 120
3695 326
895 57
6 4756
1527 4475
231 70
92 325
127 1915
473 32
1212 75
116 1782
1134 2851
3009 4666
4568 566
3845 2548
2796 904
1088 70
651 116
523 3141
1 566
208 1857
3405 2548
32 1
2432 8
66 1028
566 1881
2548 3814
601 4052
1559 4714
535 66
891 1776
3004 50
140 2889
613 2571
2930 2687
140 1802
1219 3384
173 4210
75 4675
1845 797
2740 774
2823 523
1281 2159
2301 32
1165 566
2453 140
116 4530
1696 32
4482 1559
104 410
6 628
29 3994
8 4749
4030 8
904 4586
3169 116
251 173
4647 2750
1527 2840
2200 4316
406 70
116 2718
3728 116
3158 326
232 2409
29 3302
704 2
829 725
523 1704
1189 1013
456 1780
50 237
4423 1039
120 2466
75 4990
6 1461
1291 1601
226 140
104 3961
66 1731
1062 757
2748 1291
8 492
2694 1929
1281 4330
188 104
2 844
4754 891
2181 3498
1219 3156
1854 1920
66 4681
682 2533
173 1623
70 955
4799 2315
819 140
30 90
70 1767
1161 75
2516 3014
2816 757
2977 707
1580 1039
70 1632
601 1037
6 3789
32 465
352 398
601 2709
232 910
572 116
1849 4987
810 682
116 967
725 1085
75 4124
1134 4410
208 657
797 2357
3813 208
159 348
278 665
3047 3446
1281 4903
39 4732
982 4228
4671 70
57 3570
4166 523
1545 682
1612 3284
2444 39
3453 4852
1155 4878
1567 633
3142 3430
66 4531
75 3244
633 986
4097 1134
153 32
4264 29
279 116
682 841
1426 447
4636 3904
523 3575
92 1620
3453 4955
774 3955
707 2544
39 2073
3364 904
2875 1694
1907 1849
2 3795
66 306
357 50
707 1061
278 2807
2011 4492
906 208
32 1253
1842 1703
904 1861
472 29
3529 1694
456 2829
3727 797
66 739
1 3904
4512 601
3736 70
1214 633
4296 2308
1423 1039
2007 2407
70 3624
3306 633
649 159
70 4037
278 2911
4924 4426
3080 1612
120 317
2 1252
1318 208
633 1050
3472 3700
757 1140
2838 57
3494 352
2181 2650
232 3562
447 897
2720 707
2550 6
707 2306
757 3779
456 3607
1187 326
1197 173
140 1480
3224 29
3443 2882
2086 1299
4473 127
368 408
2649 2548
2704 1612
2675 2540
140 1435
1281 2448
42 22
2909 566
3959 2011
2447 1929
3105 2516
286 175
3635 774
904 1120
2007 2811
2011 2356
57 1729
3550 3009
53 30
4205 904
29 223
2198 1849
2688 383
3690 4223
2127 278
2 814
2594 2
4580 3172
1936 707
1112 159
93 50
1929 4172
3609 633
601 1244
127 277
2750 3366
784 368
4337 2540
3072 1219
3933 4915
1188 523
418 368
259 75
4734 1
3280 1477
3194 774
825 22
1590 104
1929 4864
2687 4548
70 4797
1816 1
2775 2181
1291 2441
2451 456
774 930
3933 4876
368 1732
142 127
3548 3472
904 2092
3389 92
22 2953
29 691
140 714
566 3312
104 4941
208 436
173 248
1559 1650
4384 707
326 1938
3091 1155
208 1096
682 2087
1192 92
29 877
2440 1477
6 3817
4328 232
2882 4139
39 1640
1281 3370
3161 1095
1444 39
523 531
2011 3698
1648 566
2431 1219
682 953
3254 1219
523 3907
3966 2540
2496 1134
4560 70
2540 4044
1448 232
4462 3933
3499 1477
2439 1527
4137 3472
7 6
1511 104
4784 456
32 458
352 2518
379 3064
1612 4374
139 116
4432 1849
2404 1527
797 2179
4969 4426
67 32
117 39
159 743
707 1064
757 1375
2687 4112
1039 1546
198 127
66 3229
365 159
523 3839
39 1613
1816 3222
1024 613
1394 208
4676 208
1538 1527
451 232
3047 4508
1 2750
8 4881
368 2472
127 345
884 797
707 1540
4145 173
30 4288
1849 2013
30 296
32 2284
508 278
1397 6
2784 1527
4576 2308
613 4664
549 352
278 4597
6 1415
3042 1291
2193 757
2377 159
2388 1477
2750 3005
2637 208
3400 523
140 1451
1159 104
2315 2579
120 2254
2960 116
383 1034
912 566
303 50
797 4389
2667 278
2232 120
447 4302
2319 2181
2548 2957
1255 29
30 1778
2768 891
1612 4757
388 383
22 1483
104 4908
601 2515
322 8
2243 2181
30 2588
232 1627
384 57
1837 140
1031 6
2 76
326 2827
2548 3925
4533 1854
50 361
1291 3369
2739 2
566 634
368 3831
1559 3315
1 75
57 536
224 2
1155 2487
2 1213
1929 4211
6 298
3930 613
96 30
447 3673
2068 140
50 994
447 785
22 163
2592 891
613 1
56 6
232 1208
4944 159
523 4077
104 1209
3956 140
4219 30
871 75
523 3231
2882 3084
2982 352
2095 1925
2014 797
2007 3441
2535 456
524 456
1100 208
30 1073
1884 127
2351 379
456 4208
3271 1849
1559 2022
3172 4720
336 8
92 452
1039 3915
383 1713
4317 104
3513 1527
1898 633
232 4774
2072 92
4503 456
2647 2308
2540 4088
709 601
703 601
982 1553
468 326
633 1642
1299 2259
1682 116
2007 4912
559 70
725 926
725 876
3444 66
29 133
904 4819
1013 2844
1527 3808
2011 4611
120 2782
613 3132
2007 2346
3852 3009
797 880
601 4075
4801 3472
278 2328
1304 904
707 4886
1281 4951
4426 4487
2657 208
2200 3798
278 821
159 333
4012 22
8 1249
116 1621
523 1585
613 1628
1095 3013
4856 2315
232 861
1527 3505
368 3353
1155 2341
1751 6
449 140
633 2434
1799 1013
3662 447
2610 1281
3264 1854
2643 175
4596 173
1925 2608
2349 175
633 3559
904 1676
104 597
368 3696
307 29
3514 104
1969 757
1925 3759
92 1130
326 845
75 4023
208 570
2924 2315
3993 1925
1858 29
352 933
4320 1477
685 116
1058 173
921 116
1 1929
633 3375
4413 1612
57 245
2885 2628
1156 39
4033 120
104 3103
3846 613
1694 3778
383 3133
2531 2011
3740 2007
3453 3705
2181 3755
2131 682
1559 2549
919 633
1469 456
30 718
40 8
127 1818
639 173
92 3902
2548 3863
2398 1291
32 823
1039 2171
1477 2028
39 234
3984 2181
1239 175
1555 66
891 1608
278 1850
2582 1155
4706 4426
1 2
3542 22
379 1490
1134 3948
1291 2376
1155 1404
36 32
4025 1281
2609 1299
2311 379
828 797
208 2446
29 2217
2 1125
891 3344
379 4086
352 4887
566 2848
1219 3822
2786 613
4259 3172
2080 66
3371 127
3657 66
22 1419
1311 982
212 159
243 127
4651 682
1865 601
2052 75
4653 3142
507 173
75 2120
4776 2540
427 173
66 4517
1707 352
2308 4371
891 1702
1393 891
39 1574
2058 379
3230 1477
175 3649
1 1527
116 376
1134 3941
3566 797
725 3029
3106 383
4838 3967
4273 3967
2102 1134
39 107
1039 1819
2308 4919
4965 39
75 3033
3142 4565
173 1548
232 666
1223 232
441 175
2247 2181
57 4885
3809 1849
50 287
4686 2181
3416 1929
1398 774
1080 1039
1477 3300
774 2500
4976 523
280 120
1527 1740
725 1669
368 1376
2822 116
566 2456
466 39
3283 2882
902 173
633 838
22 146
453 127
1527 3679
2626 1816
438 22
1219 2846
352 914
6 2530
2099 29
2985 2882
566 4252
1274 613
368 396
1477 4511
1925 3006
30 4939
1690 1527
757 3067
30 3943
3172 3440
140 1167
116 3663
3606 50
1219 1569
4751 379
725 746
250 92
668 326
842 379
125 32
326 2038
208 641
1 368
39 220
30 1043
4584 1925
601 889
92 1241
2864 175
1039 1993
2516 2627
2488 22
116 2578
904 3951
707 1774
1703 4309
116 493
2539 682
1438 173
3313 1612
1228 2
8 4070
50 3540
4222 368
3172 3660
1019 725
3953 1849
1 1095
4553 2011
424 30
326 2082
4867 757
2800 1219
3457 2181
92 2339
4745 232
3237 32
2698 707
2183 1703
3477 383
1135 1039
208 211
4297 707
725 4889
4851 2628
682 1152
1806 6
4633 633
4122 1854
4891 3081
57 2519
593 8
1929 2216
4405 797
327 326
855 725
1149 707
1612 4418
774 4953
456 1665
4502 175
3453 4947
22 569
1497 39
120 267
2110 1095
422 368
1155 2808
4717 30
2011 4303
175 765
1013 2570
1299 2437
75 429
1040 30
32 4185
92 3245
4331 3172
383 1030
37 22
2750 3626
774 3034
4716 140
3464 982
1 4459
2135 566
2246 1559
1932 1291
2920 127
116 716
1949 757
1127 159
3394 3142
2522 1155
1371 1281
3618 127
2984 757
2005 1816
2641 2011
1520 140
2215 891
1332 1095
1162 707
70 683
3841 774
375 66
2071 30
601 2164
66 339
797 1273
1299 4006
2427 1527
232 1887
1281 1921
1389 22
2128 1299
82 57
3007 50
523 934
613 1926
4573 2315
2477 66
1390 6
3415 3047
757 2414
4183 1134
140 1198
2468 39
368 1406
3872 982
2011 3351
2365 2308
2540 3580
584 66
1470 1219
3297 1925
3983 1816
2211 1925
371 116
3584 32
2378 1703
2089 1477
4693 2750
2161 757
326 3338
904 1381
982 2083
379 1006
4188 566
3109 3009
30 2104
456 1333
601 911
1543 982
1281 2258
566 2536
1095 4635
3081 3742
3963 4203
2919 1694
2181 2336
6 4439
3484 1929
3018 8
3265 2750
3763 116
2061 173
4461 1299
1559 4232
707 2343
620 523
6 4516
1155 1644
32 2020
1615 682
1456 50
573 92
3963 4190
3891 2750
456 4151
2295 104
2916 368
32 1643
904 2625
1598 1477
104 2196
1849 2385
1989 1816
1694 2026
3212 3047
4426 4428
1 1925
4967 159
3053 173
2818 2750
1513 29
682 4857
92 1401
1299 3017
2245 982
1557 232
1703 1784
3159 1929
4523 159
2000 613
159 3028
22 927
8 1383
2 10
526 175
1327 1039
725 4505
232 2373
1015 120
1612 3718
3598 707
4968 3047
3927 1155
4585 523
1703 4922
566 1396
4204 379
1355 383
175 1
2696 232
70 217
3490 104
120 3160
680 2
456 2415
1849 3317
3090 566
3170 3009
3009 4775
2947 173
682 3802
613 4911
1420 1219
233 232
1219 1683
1670 757
57 3240
2772 2687
1714 159
1816 3641
352 3825
576 456
3417 92
990 32
4822 326
4005 456
774 4831
175 2235
3967 4014
2517 75
4791 4426
3202 66
1612 2422
50 500
2684 707
1952 891
2548 1
260 6
1476 8
39 68
3503 116
4759 1703
405 326
1984 904
1612 2274
1537 797
1122 633
768 120
4470 2548
6 1888
1176 633
6 4322
159 264
4833 4777
3261 1559
70 4674
4066 3967
1134 1594
1124 175
92 767
352 2253
66 2188
4497 50
70 4126
175 370
50 2094
175 2912
2172 2007
383 676
2435 1095
1219 1985
352 1121
4515 140
1095 1501
1099 456
232 761
1291 3198
3929 1477
70 1719
1292 127
1291 2744
2334 8
2671 116
1612 3355
352 1725
566 3666
3980 232
1477 1916
725 3895
127 1317
2 79
2516 3647
116 4147
3888 633
1625 1039
140 1131
1134 4080
3047 4593
4758 613
352 3722
1871 39
852 8
81 32
1229 66
66 2139
75 542
602 32
120 1525
92 1678
3308 682
1399 797
891 2801
1 891
2756 116
1614 278
440 75
1854 2830
116 3600
3123 3047
1373 523
232 3380
4200 3933
1154 1013
4460 2200
6 645
3999 3047
1612 2256
1039 2269
1882 140
2945 75
3190 1559
1694 2705
672 383
2 4
6 308
866 523
175 3901
368 2302
8 988
387 6
1687 447
50 4659
2 516
4202 70
173 583
1 447
2031 50
1612 3786
8 3815
891 3561
70 998
173 2344
1755 1155
127 2793
181 173
2009 104
22 4540
1155 4846
692 278
1051 523
488 127
57 1325
944 75
3650 2882
1854 2037
32 594
3816 326
728 127
3916 39
4794 633
2882 3751
368 595
1924 57
4678 633
1065 278
523 830
2587 116
175 4898
1816 3418
529 368
208 4484
2555 1281
2182 75
4444 29
601 1864
3402 707
29 3010
22 3622
2375 1694
6 2065
455 173
2577 208
66 91
1863 127
4650 39
4537 116
2516 3752
315 127
4321 2548
2412 2011
352 3853
3793 3047
48 6
1815 682
3463 3009
4795 1612
3248 30
3851 601
3753 774
2886 2308
447 2214
352 491
232 3827
140 4855
383 950
3278 523
1 92
3166 352
145 29
208 2951
208 638
2545 613
2063 159
300 75
2821 159
1686 1095
1830 891
2502 1299
904 2354
2733 173
104 236
92 1649
4047 379
6 1323
1849 4149
1039 3932
763 523
50 100
4980 2200
4940 3690
3680 3472
671 57
523 867
4421 2181
6 1
1527 4649
232 1441
626 8
1500 92
1218 66
4285 39
2687 4215
2831 173
1703 3051
2186 1299
2548 3277
4817 1155
2741 2181
707 4236
1367 725
511 8
4591 3047
3843 891
719 208
1694 3215
2011 2220
175 4099
945 352
22 2699
2308 4538
1560 456
2314 904
116 256
1293 208
92 3619
1 1559
2628 3479
1794 774
2895 2011
2200 3860
75 2806
2791 2315
4811 6
1134 2331
39 4564
757 1961
3965 2007
4420 32
2308 4483
6 2721
2882 4959
1291 3068
3875 1219
1013 1268
1299 2727
3515 8
1155 1636
4459 4958
904 1
1291 2423
1299 2318
3453 3527
127 924
326 1005
66 2118
326 3881
104 2313
2628 3349
3526 50
774 1171
2954 352
232 543
32 3836
1527 4960
368 1215
3969 208
2 1184
2228 1694
2011 3799
633 2206
1095 3348
242 32
2443 32
1809 140
881 159
22 161
431 278
362 50
30 2017
485 8
3826 3472
2752 1134
4498 379
2362 1281
4689 159
208 210
797 1597
270 92
1177 891
116 4809
3967 4802
3989 352
32 1123
1918 725
1703 3620
232 3459
3473 92
39 2219
2507 8
1013 2997
1163 379
457 127
3253 1703
4526 6
3737 757
1668 70
1559 4888
2181 2509
3533 1527
490 383
456 2108
326 1298
523 4304
4310 3933
135 70
2148 116
3519 2308
4440 1854
797 1066
601 1875
159 2060
3081 3164
3081 4089
39 459
115 66
2230 29
1710 175
2 568
175 2901
1559 1631
3200 104
2561 2
4600 352
2726 70
3453 4726
797 2669
175 354
173 1142
3247 352
4788 1039
2872 447
3135 278
1 2882
2548 2586
2764 2181
3507 66
352 1
2628 3470
2560 891
4933 4875
232 3439
3124 1854
1849 4078
4361 208
4107 1291
232 4821
232 3360
175 1433
4345 1816
3577 1013
4823 3142
3818 2882
633 870
276 66
8 2106
3115 352
3206 1299
232 2900
1227 278
2540 4313
419 379
633 1330
456 514
447 4697
1559 4157
3172 3950
4704 1039
208 4729
757 3569
3581 2628
1885 6
392 57
8 3510
1674 1281
523 2940
1013 4991
1445 232
774 2305
29 3496
3962 32
2707 208
4059 2882
1281 2070
3865 1134
1452 707
1 1013
4766 116
4212 774
3634 1219
70 4182
39 741
1973 352
4824 3172
2499 326
1261 32
904 3362
3081 3884
3301 456
3143 2516
4572 1854
996 2
1054 140
1717 379
1387 447
1527 2279
972 75
1816 2221
523 2223
3391 1703
341 29
1219 3547
1929 3134
447 1014
2737 1095
3772 1612
8 783
2467 383
1291 2141
4312 1849
379 1305
2 13
140 393
326 779
4567 707
39 1308
175 882
1039 3328
3866 601
39 2178
1453 2
32 747
3870 891
1910 523
2858 1291
92 1533
633 2504
1220 1155
523 1883
2687 3886
797 940
1 3963
202 173
2958 1134
232 454
57 222
3347 1095
2250 2181
208 1805
1681 208
92 157
4592 774
1561 566
70 660
2197 566
22 476
4108 725
4768 3047
4663 797
39 94
2308 3942
515 326
159 2862
3335 1559
1951 29
57 4970
904 935
774 3192
797 3095
797 1551
2526 140
104 3152
104 349
1068 116
1338 39
3453 4713
636 70
159 366
104 3639
140 197
2181 3591
288 2
1410 326
3471 774
2142 175
601 834
1698 1291
707 4453
104 4558
4087 104
1816 2907
1473 116
523 1194
4733 2011
1354 1219
725 885
1527 1661
4901 2
566 1739
2 1992
1039 2566
3775 1219
3621 173
2257 116
1291 4956
2315 3039
368 3343
175 4000
30 3467
6 62
1612 2096
822 6
66 1072
3481 140
4634 2548
873 208
2464 352
3009 1
2350 70
3226 3047
860 159
2462 1155
2529 1013
432 383
673 92
4053 140
2689 1134
2944 8
1281 2163
32 1963
3260 3009
4981 4311
1379 57
3021 175
720 601
8 3911
57 4644
523 2156
1925 2832
232 968
2489 523
566 3689
379 1290
592 383
2548 3062
4360 3081
1937 1925
1039 4164
2524 1612
532 208
2393 75
2308 4160
2408 92
3933 4456
682 1018
351 104
3241 1703
2888 352
1299 1
326 790
1191 379
2516 1
3155 29
278 585
2380 1281
120 1352
140 766
707 4971
1612 4677
2084 6
29 1048
2679 904
789 159
57 3835
1793 904
774 2935
70 434
521 116
1134 2113
1612 3326
4383 92
4414 3967
523 4427
326 610
1089 757
3334 8
352 580
887 352
757 4921
1925 1990
4562 22
4603 4311
3474 613
4850 92
4669 368
170 22
1207 774
1816 3766
282 29
2585 774
77 57
2568 566
613 2575
383 4231
92 324
1652 232
2181 2309
643 278
173 1
92 3920
4311 1
1301 6
1816 3357
566 1744
173 1392
1618 232
4739 2750
1281 2508
3541 352
382 70
1281 4292
787 725
3252 175
1346 175
8 2665
235 8
1612 3421
3785 3690
4171 1694
3087 50
1013 1138
1 3081
1095 3450
2628 4401
3806 30
2200 4457
2394 173
8 430
173 3489
1023 633
379 702
3036 2540
4459 4810
4476 39
4640 1477
3438 368
3146 1281
2 1630
1039 4642
523 1629
66 2364
75 328
120 3820
707 1421
120 654
725 4009
1612 3167
6 51
1816 2209
104 372
127 254
70 84
566 2316
2389 566
6 520
6 874
127 2527
1587 22
3052 707
159 304
1134 4895
3142 3656
2296 326
4858 1849
2460 1849
3868 3453
232 839
2660 774
3050 1612
1527 4344
208 3435
4194 682
2932 2687
509 456
4246 1527
3220 6
379 425
116 771
632 8
2406 1291
687 456
66 3136
173 813
127 2557
3918 57
2195 891
352 2093
982 1335
4247 447
39 108
447 1038
4606 3172
1233 32
3991 613
4645 1703
463 29
1715 613
682 3557
1508 725
3655 1854
1351 1299
1929 1995
2338 140
4936 2750
57 249
3844 50
4989 32
475 352
278 2731
3551 57
1281 1384
70 3971
2 4103
1958 232
70 271
29 4249
140 417
2516 3723
30 2703
3711 6
4854 2516
3879 1477
2927 2882
566 1779
757 3333
6 88
1693 1013
4529 1155
29 95
1750 116
2116 1095
8 4111
2181 3181
1854 1931
2814 774
208 3877
915 379
3330 523
891 1675
2043 601
22 58
456 3454
4524 57
116 203
2011 2077
3142 3957
2155 1013
66 2297
3974 22
379 697
70 605
120 1826
379 2151
22 3121
891 4837
3341 757
3945 104
4546 3933
412 140
1155 1935
6 3210
456 3116
3172 4184
1275 633
208 696
2789 613
208 2717
21 6
1566 601
1013 2498
352 658
4027 208
2777 2548
124 92
1 104
3426 116
901 797
1039 1417
368 3259
523 1505
1839 159
4734 4781
2366 326
1804 92
1929 2177
4916 3690
1996 326
4471 707
173 1834
4032 159
2379 352
1340 57
1694 3086
4728 92
1013 2492
707 2553
159 299
159 274
29 886
1824 1013
891 2255
30 481
835 278
1785 1155
50 369
439 140
456 2528
30 952
175 2348
4170 1849
982 2029
693 120
2360 707
4626 379
4407 159
653 120
1074 30
3651 208
1527 4207
1787 601
3148 6
75 2755
633 1862
87 32
478 29
1 57
1957 1527
4699 2007
579 29
1407 566
2891 66
2047 368
2725 566
1291 4954
4248 104
1344 1134
70 3506
326 738
57 1148
39 939
2330 891
3829 2200
989 601
523 3699
169 6
70 4284
982 1602
383 820
1854 1
4853 6
4459 4722
1 8
1746 1291
2785 2308
2653 1612
3758 601
3037 2750
721 140
3381 1095
2 16
891 2580
3995 3963
1136 456
1202 904
646 326
262 92
326 2877
4575 3963
447 4750
1848 383
4687 232
4698 982
30 329
4261 2007
379 1439
722 120
1929 1947
64 6
4979 774
601 1971
3691 2315
3992 2882
633 1366
932 159
1 383
22 265
725 1231
1886 797
92 373
966 75
2011 3447
652 633
22 1147
66 4694
2147 633
1 3472
725 4897
4845 232
4836 2200
22 800
1694 2225
3676 774
1925 3659
1 682
2950 1299
1095 4628
725 4879
1522 92
2391 6
2628 4045
368 2154
3933 1
993 757
4943 1299
633 2668
613 3023
1559 3636
1269 140
173 3898
4128 3142
379 390
1694 2395
66 555
614 57
1986 1925
3729 1477
456 3273
32 98
4255 797
4142 3690
1412 379
120 4477
3690 4098
2975 1039
3267 352
159 1716
3614 797
8 3399
116 528
1489 633
4528 904
2503 70
1107 70
904 2767
4049 1281
1 1134
1039 3493
159 4641
2200 4691
173 4861
2007 4486
484 70
2200 3114
1422 774
140 1078
982 2613
3690 4860
159 1766
70 1814
1940 175
707 4767
1703 3257
140 2218
2918 75
326 4773
4123 70
66 1962
682 3182
1 3453
2181 4807
2368 1527
159 3378
3172 1
601 3125
606 368
1 456
368 1599
12 8
456 4150
173 1892
1 523
1320 601
3081 3681
456 2787
904 3717
8 4057
4825 1039
2449 1849
127 3613
39 551
3175 2882
57 890
1291 2747
3690 4224
947 707
1617 383
104 385
4828 140
92 2779
757 1701
1694 4682
2150 1039
92 686
4429 383
2007 2774
383 1562
601 4189
2532 613
2382 2315
904 2633
1007 982
30 1302
1694 4595
1118 352
1095 1391
4521 797
148 32
1854 4723
2628 1
3030 1095
1219 1606
140 1709
3465 50
1095 4513
757 1236
4287 2540
30 1307
3142 3687
1556 116
505 116
2355 2181
92 3001
640 8
1291 3947
4700 1039
975 22
2438 904
326 3049
1981 891
4093 1854
383 4441
75 4973
29 4863
1095 3185
159 2842
2 1416
2603 383
517 8
1612 4187
2849 383
70 443
1281 4877
1662 368
2 1179
1 774
1577 707
523 1851
127 1145
1891 1816
601 2820
566 1321
2574 39
552 383
1527 2317
3081 3085
725 2144
1271 140
1527 4041
1 70
1657 232
22 123
618 159
682 1677
1104 32
50 2794
379 1872
70 3012
2308 3587
1593 1559
97 30
4995 4875
1477 4621
208 562
29 951
272 173
918 175
127 1462
175 3346
3704 3047
1408 70
613 929
2007 1
1980 32
2036 1612
566 4914
70 89
4937 116
2839 774
456 4265
3805 1477
2308 3057
447 590
3694 368
675 39
379 1137
109 8
208 4340
804 774
1234 613
735 104
1 159
1854 2884
1559 1582
379 1722
497 32
4806 57
29 3701
1816 2905
3488 1219
1219 3739
2298 30
50 1102
1016 891
1013 1347
352 1132
3782 208
28 6
3372 707
66 1036
717 29
1155 4380
4835 682
4327 32
2486 1291
3597 2687
3289 447
104 3319
326 2922
1870 368
70 134
2074 1134
2760 1612
2635 456
116 623
1786 447
3047 4764
116 1361
1169 66
116 4339
456 690
292 29
1324 456
3735 1477
3077 2
66 1866
4827 1925
613 3862
352 3878
2548 4213
1846 707
776 50
30 4125
4450 2308
159 840
633 3768
75 2387
1983 29
57 2815
2687 4623
4197 8
8 23
3480 379
173 3824
2766 1559
377 104
3223 278
2750 4449
70 3756
3783 50
3453 4890
2173 707
1559 2573
2189 1559
864 8
2262 8
757 1584
57 1353
2583 456
1299 2869
4391 232
3214 2540
1432 566
604 92
2229 1155
1219 1443
1464 982
898 70
1170 725
3419 57
208 1070
633 3610
1638 1155
1001 50
1216 232
1703 4050
2303 1299
159 2572
32 2937
1264 159
4104 1095
1299 1331
757 795
1225 1039
75 389
175 3801
757 4238
3686 326
3552 3172
3893 3047
2471 1849
447 1427
2664 2
368 386
3952 2882
4141 982
1612 1939
352 3318
2 1003
30 2761
3690 3710
848 92
208 558
2479 22
22 35
725 1110
1694 4020
3933 4942
4583 4311
352 4272
127 1841
3716 2516
193 50
1 3047
2125 75
964 566
57 4398
22 2728
1134 1673
1849 2534
383 3461
2200 4818
379 2991
1039 1979
1504 175
3234 1703
1157 447
797 2436
379 1829
1507 379
757 1168
1281 3256
347 70
50 4258
3025 39
601 1411
57 3780
1477 1485
759 70
545 232
2200 2291
104 2337
140 1521
116 4274
1894 127
4289 173
4454 1816
1 3142
1097 523
3293 232
3396 2007
1155 1688
140 305
383 1309
57 313
2263 22
1281 1843
4961 1219
2873 70
566 4227
3172 4638
1219 4270
2200 2804
4458 2548
4178 3081
1579 891
2612 1095
1791 613
200 29
4163 6
2011 4110
167 140
1868 1155
2658 57
70 3262
4136 3047
3138 39
3172 4416
1575 904
1854 4842
2629 2548
3432 2200
962 633
43 22
1917 120
707 2908
1703 2494
4786 797
3008 175
1013 1077
4082 2548
2347 127
2335 92
2285 29
4926 159
1221 707
3327 127
1849 1867
1465 1291
1542 140
209 116
2027 1299
194 175
2757 29
3433 757
232 1
1928 352
3211 456
1737 1299
1299 3593
2540 4466
456 3208
1477 2968
244 104
3988 2628
104 160
633 2860
2868 1281
310 173
3486 1095
707 1094
175 346
2676 682
2006 1854
1258 22
2222 50
4769 29
4430 2540
379 2883
2181 2484
1558 982
1651 352
3024 1291
2750 3544
66 4598
601 3516
22 2008
3047 4260
22 2887
4594 2548
4363 523
757 1185
2289 1694
2200 2595
2 2121
3842 1013
22 2227
1925 4191
2011 3549
149 39
1595 1039
2030 725
1930 120
3472 3810
725 4519
774 2770
725 2634
548 159
383 5000
725 3645
8 2855
1816 2600
6 3685
2890 682
1155 1745
4438 4426
1899 1477
22 2133
22 1655
1477 1
32 3321
723 39
1326 1291
601 3760
92 827
1219 1700
253 127
2200 2732
613 2670
3199 523
1816 4140
1699 8
1119 982
70 162
3022 208
29 3903
1950 682
1299 4783
3227 120
4367 368
2638 613
3377 2011
241 92
2556 50
110 66
2242 1559
29 2252
2559 982
4736 601
1527 3668
3055 6
326 4705
57 2685
4535 3453
4552 232
4277 982
1035 891
2207 1694
92 3611
2546 1013
447 1838
4587 613
1364 75
326 2275
57 1605
1029 75
681 39
269 6
4318 3904
3583 613
757 3263
2240 1925
4354 368
1091 22
1730 707
2702 92
3690 1
29 1
4839 159
383 2270
982 3070
120 343
611 523
613 751
159 575
707 2630
609 456
1816 3151
383 1583
1039 2055
159 3958
4067 3904
127 4602
127 669
1694 1977
1929 4447
2079 1095
4999 1929
447 883
173 1945
1813 456
66 1032
3107 352
1380 232
4463 1929
745 39
3172 4701
4571 120
891 4789
66 1749
1919 447
456 1000
2628 3672
70 4624
92 780
185 8
1155 4096
4214 1155
1570 173
32 4547
633 4550
4412 2200
75 225
383 496
1 39
75 4883
2687 3652
22 2745
1854 4665
4417 2687
4176 1291
1934 29
3616 2007
175 487
447 4899
682 4028
447 4685
456 4133
1013 1516
4798 613
1219 4793
2025 1299
1446 278
104 2283
1761 682
3258 104
2367 1013
2181 2639
4100 3967
3410 66
2288 1095
173 3228
127 3403
45 29
1281 1
984 232
4019 725
2628 4601
617 175
2478 1694
647 566
4090 601
66 72
547 104
228 32
2628 4094
2617 725
4923 379
566 2282
857 2
2101 1095
2788 120
797 2416
4386 75
173 510
633 4541
50 138
1319 707
1291 4143
92 1624
4311 4746
402 29
39 1603
4893 2
656 22
104 677
1039 4355
50 462
178 66
175 261
2208 1612
3445 797
57 778
1134 4997
316 120
278 3914
447 534
175 571
278 2700
891 4366
2773 39
633 1232
3168 2750
116 1069
8 24
120 2674
3747 2516
566 2931
3233 39
1854 4834
3811 774
1612 3693
2049 326
368 1705
1527 3762
75 2601
173 2088
66 3940
208 2168
2137 1219
3296 22
92 2325
954 682
116 4631
66 1902
774 1509
4909 3963
1895 1219
2011 4425
2048 757
2277 326
1449 32
173 530
1437 22
774 2632
2181 3990
1781 982
120 554
69 22
612 8
1832 104
8 293
613 1430
8 499
633 3748
1869 140
762 29
1680 1219
644 22
3543 1925
1359 601
39 586
1849 2405
456 2983
4744 774
383 1927
338 159
4875 4900
3864 326
383 2501
2963 456
39 2045
3522 383
2 152
3056 2011
2458 891
3933 4109
613 4055
2955 2750
1013 2993
140 598
4311 4559
363 70
3243 613
818 30
4841 6
1549 1281
4847 104
512 22
1854 2251
2200 4489
4239 3690
3800 3453
2111 982
4712 725
127 1282
143 120
4229 104
2628 3596
3924 1039
863 22
4117 1134
456 1708
66 74
120 3046
104 674
1816 1998
1196 66
116 3294
175 470
853 613
707 2470
6 1468
1724 1134
1134 3642
1552 116
352 4917
186 127
379 1409
1492 2
3904 4599
4134 120
3363 159
116 3061
3804 1527
4351 75
127 2085
4859 523
3303 175
456 1374
1694 3414
1296 1095
560 32
920 2
3082 2308
2392 447
662 368
208 1
140 240
1559 1831
2826 1703
2878 1299
566 868
4370 2548
4319 3690
1042 159
30 1914
352 494
2442 173
3784 757
2134 116
75 1541
907 104
982 4092
3171 1612
173 1960
613 977
22 1
3172 3968
4551 2628
2315 3803
2876 1095
566 4740
1703 2003
29 1360
1219 4294
4129 39
997 30
707 812
1155 2771
2949 447
1343 982
1 116
4710 3081
1816 2010
1219 1306
1013 3079
383 2420
2 2713
208 1768
1291 1589
2750 3572
50 4929
1460 601
2540 2854
30 3320
383 4465
326 3558
3638 1155
66 796
1281 3043
3944 1816
159 1337
2170 1155
1155 2825
3967 4326
159 4762
173 3981
2645 2181
774 4790
1281 3812
3819 1291
2729 601
352 1041
104 4616
3395 1299
541 66
2166 368
11 2
3172 3631
4738 3690
263 30
3031 2011
2871 2548
92 358
4434 8
601 1
4278 1527
1013 4130
29 150
232 1763
539 104
127 4894
2200 2797
565 2
504 39
4220 3933
4510 326
2180 1849
32 46
2763 2687
140 151
2850 1039
1694 4071
798 70
4796 633
2286 1694
633 4975
909 8
450 326
2200 3714
383 1817
3246 3047
1660 1281
1155 4192
1235 326
1925 4174
1854 2400
278 3475
39 2455
2191 6
3436 1155
3157 104
1955 39
2181 3745
4061 232
566 625
4118 797
75 3605
904 1897
30 4306
2418 774
1095 4544
140 522
3523 2540
904 4373
2109 70
2693 2200
176 159
356 39
379 695
1155 3578
891 4415
32 4244
326 688
4569 379
1047 104
104 2241
2187 208
1822 208
352 3964
3771 1929
4507 4426
39 1279
973 22
208 635
30 2654
1477 3305
1182 30
39 360
1925 4387
8 1280
140 4251
57 3787
22 2276
3904 4283
379 2035
3453 3987
616 50
1854 2445
1095 2512
2750 3504
4311 4350
744 175
1703 4064
2457 2315
2146 707
4007 2516
1844 566
4084 120
3127 70
3554 1039
4617 70
4683 379
613 978
588 39
92 399
173 364
613 2175
489 2
127 546
601 3788
168 30
32 2370
4868 127
4036 50
379 3456
4034 30
1 4993
159 4964
39 2107
104 4406
29 445
140 4442
904 1856
3629 175
4962 232
613 3187
397 232
29 2205
1418 92
66 3746
1487 383
66 2974
3567 2007
114 22
4474 57
3963 4177
1276 57
30 3451
2390 70
208 3573
1250 633
32 4362
3047 4743
175 3458
1299 1350
3909 3904
1155 3045
4193 601
1816 4826
1612 3646
566 631
523 1111
3767 633
3009 4615
2138 57
175 4295
3047 4952
757 3702
501 173
2011 2465
1849 3537
1559 3179
120 4543
2852 1703
1720 104
4402 39
8 637
1905 39
232 2490
601 4866
1281 4359
707 3874
4358 140
3398 2628
2663 891
664 447
92 4042
699 116
2310 1854
140 736
2015 379
2327 173
633 4490
556 127
4731 1703
4913 3690
2007 3643
4233 104
725 3979
1854 4761
4121 3933
3129 379
4667 1291
66 1260
3098 326
1 4426
120 3776
4778 3047
3472 4808
557 39
4343 3142
1259 75
318 175
57 564
808 278
1013 3713
2032 140
523 679
1129 127
1372 75
523 3113
2129 904
4630 39
2516 2598
1155 2324
30 2273
757 2293
797 1
2433 22
4256 456
57 166
1291 4907
4001 1929
297 278
368 4688
2361 682
3986 3047
3509 29
3720 104
127 401
3599 232
3149 1854
2604 127
3546 116
1923 352
4018 725
447 1190
3281 2750
1013 2332
4843 1219
22 2081
4307 92
1181 379
613 3063
3939 2750
92 538
92 1150
2315 4011
2363 1527
379 2978
159 4613
1718 797
2421 707
3743 707
948 6
1 127
2750 3287
3589 1134
4629 682
70 527
474 232
4217 2750
59 32
1299 4702
238 8
523 3180
633 1479
3690 3855
4115 1694
4803 633
633 2845
252 22
383 3390
104 2103
4481 175
757 4950
4381 757
8 1153
66 2001
4378 1477
4518 6
3690 3894
1703 2867
757 2859
4670 2540
3314 2687
104 1571
4168 2315
175 3730
3172 3665
278 3625
447 2576
70 221
3732 3009
127 3834
2792 1929
4787 1612
2236 1039
2591 379
1278 379
2190 1095
104 3019
1527 4385
32 189
1219 1911
4949 566
3518 6
2200 4684
566 1378
66 2410
725 849
1703 3203
774 892
66 856
3885 3009
1299 2340
2136 66
344 278
2 987
22 4323
4333 707
2584 601
2011 2783
1758 127
368 3897
707 2234
29 136
92 3339
3709 1291
326 413
8 49
1711 57
104 1840
1455 92
92 4737
127 974
1291 1
1748 1477
2723 278
2548 2742
1759 633
1495 1013
4763 173
1812 601
992 39
39 3189
92 1339
2754 633
208 1600
1 326
774 816
1155 4068
949 633
219 92
4275 2315
3002 904
1796 6
633 1689
3906 6
2959 120
875 352
540 57
4162 1559
127 1783
116 4186
757 1322
456 3383
127 3266
70 2589
50 3934
774 4493
1477 4106
3122 352
682 903
4727 633
32 2715
368 3196
8 2929
232 1457
1291 2399
4692 3172
1101 30
1270 1013
4945 2628
39 837
3678 208
847 208
613 4216
120 1592
4234 1477
498 30
2271 8
232 2016
613 1151
774 1447
4646 1559
70 1365
92 999
2264 613
4437 1013
2677 2200
4396 8
4043 3690
1291 3595
50 4753
917 50
1922 904
1753 447
32 1641
1849 4672
1039 1890
4662 120
456 1210
2516 3571
1039 3574
92 1283
797 1052
22 4291
1703 2233
2999 30
2 258
66 218
32 34
713 2
66 187
2 1160
18 2
1893 2
3165 757
3350 3047
613 3119
3555 566
30 2397
1524 1013
1563 6
2569 523
120 3848
379 3738
2964 8
456 2938
601 4290
904 4742
3553 368
447 969
50 2597
213 70
22 942
774 2602
379 1760
891 2541
3721 523
4335 1929
982 3382
1095 3176
116 1200
214 116
1816 2267
38 8
4426 4578
6 1211
1429 379
179 120
4074 75
22 486
8 2132
4311 4314
3331 39
633 4452
757 2384
208 3828
1281 1607
3376 2011
601 1975
1581 8
60 2
1095 4755
3790 3009
2628 2921
2516 4408
3749 1134
1334 66
3501 104
448 57
2537 1612
2315 2691
71 30
1314 175
707 1769
75 4637
326 1499
2200 4065
1506 383
50 1053
4305 2750
1703 3882
22 33
1013 2618
1219 2799
1639 601
2516 2892
1049 70
3118 32
4399 982
2066 278
4605 2687
159 3630
707 1
4830 1095
781 456
3534 1299
57 2682
208 596
3970 1527
165 32
2 2843
630 6
3009 3027
2315 2856
2200 4872
3521 2750
3455 757
1013 1348
757 1878
4382 904
1694 1
904 1954
4610 30
1612 1747
50 63
2011 4509
3856 633
4120 1925
30 879
725 1904
50 4812
2294 566
3688 3081
2091 774
3172 3913
1134 2810
1733 1612
159 433
707 858
2213 30
4116 1039
1329 127
379 3205
66 1262
4199 3963
3392 127
2292 278
3985 92
633 1496
4792 1559
4862 2181
1477 4747
175 4060
4072 1929
1532 566
797 4245
4240 3967
29 4504
2268 22
797 4254
4279 140
3604 1477
655 175
3162 75
32 47
4800 2687
57 1634
173 872
456 2278
6 294
4563 1013
29 3361
29 312
1825 982
352 1226
4925 2181
891 4765
3054 2750
57 2493
1564 232
173 3038
321 75
1134 4588
32 850
4875 1
1559 1943
2315 4152
2308 3603
1900 352
1685 127
3323 175
3495 1527
4581 633
740 633
1816 4930
2062 50
2990 352
2934 725
2411 232
3285 39
50 4235
1 2540
4622 1703
4555 140
601 2759
30 2736
707 913
92 1128
232 290
104 4101
2162 1559
1498 173
633 2701
1402 75
3601 29
3074 1925
22 112
4724 2548
3472 4680
22 2157
725 1288
104 3637
119 92
32 3579
965 707
4966 797
92 1166
3409 1929
4300 1925
1414 116
2758 39
2202 982
447 4549
725 3100
1565 352
66 4488
1612 3407
1219 3640
958 70
1291 1450
32 2914
456 2648
232 1056
127 428
215 29
4718 2007
2181 2686
50 782
1115 75
2882 3221
1703 3761
2988 1281
121 22
2426 140
456 4156
3536 50
8 2979
32 4545
2590 120
3608 1299
330 175
3365 3142
116 247
2075 278
4063 1219
2972 982
232 2716
2057 1694
3960 1527
1527 3093
127 3449
75 128
1219 4341
4161 50
1291 2708
4435 1013
207 127
774 3750
1510 22
3491 774
3617 22
1982 682
4820 50
1929 3099
3448 456
4198 140
2011 3719
2 174
116 537
982 1736
1816 2064
725 731
1315 1219
797 2819
85 8
4520 3172
4658 3047
3528 601
4982 3967
833 6
22 4379
1405 6
667 39
278 809
30 55
29 4046
1 140
2902 379
1011 159
2516 2565
1219 4346
3472 4148
802 725
523 2473
278 922
3307 523
447 2620
4448 757
4195 3967
57 550
5 2
4905 1849
3041 6
140 2973
2260 797
3309 2200
2551 633
1477 2359
368 1772
613 1788
904 3492
195 127
523 599
4935 3009
3904 4932
904 4590
734 75
1874 1612
456 1098
1114 32
104 1523
1 30
4844 3472
30 1186
633 3188
2712 8
156 29
2424 1281
6 607
131 30
1535 39
1925 3511
4690 70
326 2204
326 4013
904 1959
633 3487
326 711
3423 39
566 2640
4643 613
3462 456
104 2562
30 1493
3081 3295
278 3379
32 2835
32 2735
757 1263