100
314 173 492 336 87 122 344 425 33 288 244 435 341 36 203 247 38 130 481 457 443 39 301 18 102 196 390 57 327 430 156 476 197 69 168 486 280 354 485 455 24 314 292 483 409 19 79 406 136 1 421 4 152 377 225 176 120 261 192 498 368 233 208 290 114 104 10 371 344 222 366 271 447 256 77 179 74 4 72 3 414 83 263 288 352 204 320 465 241 475 398 491 158 330 168 179 389 267 138 125 
0 12 30 476
0 1 1 273
1 4 38 12
1 3 7 234
0 20 30 181
1 31 94 210
1 46 88 284
0 24 33 315
0 18 27 447
0 23 43 42
1 26 52 335
1 1 5 476
1 3 47 203
0 50 63 480
1 72 91 370
1 58 83 363
1 34 66 469
1 8 84 223
0 34 66 267
0 77 92 381
0 28 71 375
0 20 23 38
1 7 42 374
1 1 2 478
1 14 51 66
1 31 65 140
0 3 9 136
0 36 41 19
0 1 9 23
0 24 43 201
1 5 54 2
0 6 7 106
0 54 64 130
0 3 13 65
1 9 80 138
1 32 48 216
0 1 9 301
0 10 10 231
1 1 15 368
0 63 73 180
1 7 87 81
1 37 82 254
0 5 24 497
0 2 100 206
1 12 29 467
0 2 9 305
1 44 88 414
1 1 1 45
1 50 80 243
1 3 13 376
1 6 20 341
1 37 78 210
0 55 98 339
0 7 7 155
1 6 41 114
1 2 47 260
1 1 12 468
0 36 40 349
0 11 61 326
0 35 81 433
0 39 55 107
1 36 37 122
0 9 20 74
0 15 90 136
0 17 23 476
0 21 87 42
0 46 74 208
1 1 2 490
0 3 9 254
0 41 51 332
1 3 6 4
0 31 38 167
1 27 60 52
0 16 37 308
0 96 100 111
1 47 60 480
1 2 47 131
1 18 24 363
1 4 26 139
1 53 84 60
1 14 48 114
0 3 27 177
0 38 83 224
1 9 60 257
1 60 95 424
0 10 24 201
0 35 78 351
1 44 48 470
1 76 82 75
0 53 88 399
0 4 6 29
1 1 2 48
0 12 17 112
1 20 44 356
0 30 66 308
1 53 74 39
0 99 99 288
0 41 73 168
1 62 66 184
1 4 5 369
