100
340 356 333 234 68 268 475 275 54 372 60 287 112 335 401 379 206 460 359 47 463 82 116 99 354 363 18 291 235 170 396 230 74 214 436 159 458 500 349 135 390 435 323 254 92 230 247 46 191 453 427 192 379 50 185 356 45 19 399 448 281 227 71 439 43 113 208 399 369 497 84 468 67 266 427 443 342 42 17 160 295 316 79 154 143 404 352 323 467 186 449 54 473 320 441 259 271 173 283 44 
1 14 29 204
1 18 42 489
1 37 75 461
0 12 70 407
1 16 44 323
0 30 53 393
1 16 29 58
1 27 40 210
0 10 77 65
1 17 34 378
0 38 43 164
1 25 61 487
1 29 37 371
0 22 37 208
1 34 34 38
1 28 55 325
1 6 25 319
1 6 16 409
0 35 73 43
0 16 36 76
0 84 87 65
0 18 35 49
1 34 55 97
1 37 47 341
1 46 90 23
1 45 52 113
1 47 61 381
1 12 18 412
0 1 1 376
0 10 26 288
0 4 25 52
0 2 34 256
1 93 100 27
1 42 65 204
0 40 52 258
1 9 24 453
0 36 60 72
0 28 75 48
0 11 59 49
0 15 28 216
1 13 22 17
1 47 67 377
1 6 58 122
1 15 25 334
0 8 16 253
1 17 42 99
1 5 71 70
1 7 30 116
1 6 29 275
0 9 96 80
0 2 34 253
1 12 18 175
0 22 96 387
0 2 6 229
1 7 21 389
0 16 64 68
1 16 37 419
1 10 41 137
0 1 45 227
1 5 58 311
1 1 5 239
0 58 75 136
1 3 10 456
1 9 49 363
1 21 33 396
0 3 93 160
1 44 90 489
1 6 90 296
1 5 14 439
0 1 78 273
0 7 10 210
1 17 22 279
0 12 13 253
1 22 22 406
0 21 50 349
1 1 14 93
1 22 44 184
1 35 35 40
0 32 68 263
0 7 14 39
0 56 82 104
0 33 96 417
1 55 73 148
0 42 57 186
1 16 82 270
0 1 57 285
1 33 73 487
0 8 14 351
1 47 84 428
0 28 36 114
0 9 18 327
1 11 36 8
1 19 61 326
0 10 81 73
1 41 52 157
0 20 66 336
1 11 34 233
1 45 58 206
0 66 85 424
0 7 22 401
