4
152
32
35
30
100
2
105
165
20
92
225
143
93
265
0
208
58
83
38
179
160
33
139
71
22
263
344
315
159
37
17
2
44
70
138
190
84
10
386
122
79
266
161
96
7
13
167
10
44
4
188
79
69
58
211
1
215
98
486
109
119
5
101
134
58
67
97
258
17
126
98
21
256
36
29
131
16
0
217
115
10
20
47
30
12
2
14
192
96
157
146
168
308
55
48
287
3
54
462
88
189
103
10
136
3
83
43
20
295
461
82
92
181
24
196
70
39
130
92
437
78
92
18
27
94
228
140
40
26
214
232
195
381
112
11
196
191
0
78
146
194
35
172
132
266
4
64
267
87
344
78
26
148
385
268
227
171
249
122
69
4
140
101
15
452
72
96
40
201
60
140
81
68
116
233
217
155
164
304
25
147
339
209
163
233
290
177
101
253
84
173
357
435
69
290
59
146
289
153
49
171
180
7
89
30
47
36
281
24
61
326
37
63
70
54
45
10
13
405
36
243
139
81
171
13
194
79
104
381
226
41
23
357
163
210
129
69
110
46
80
77
114
111
119
104
168
36
388
463
203
337
367
42
239
9
120
43
362
30
5
103
4
96
37
56
48
79
211
270
121
0
251
189
0
30
177
212
18
287
40
48
169
82
257
78
176
63
5
331
347
21
352
28
178
105
7
47
14
41
216
16
256
66
127
21
157
15
357
13
30
230
79
41
50
292
95
170
38
259
34
106
269
355
52
219
116
10
3
93
106
63
219
29
7
78
10
144
22
341
375
130
52
33
32
329
44
430
148
2
385
263
12
280
65
182
3
219
199
51
74
45
40
224
118
127
121
121
45
166
85
47
50
52
10
217
98
138
171
126
260
234
314
44
7
170
15
51
3
65
53
115
217
80
2
92
29
36
243
271
199
181
451
83
43
103
239
100
250
66
126
74
29
179
23
262
5
182
121
156
299
329
87
240
106
168
52
18
31
46
126
384
13
193
57
205
229
16
330
110
181
394
170
45
403
70
40
80
254
95
16
169
71
75
69
7
20
201
78
175
131
30
38
44
393
7
66
4
145
25
101
17
86
28
8
403
129
143
106
275
36
7
166
322
255
338
290
114
146
21
57
0
56
17
160
161
128
