225
45
216
295
7
22
225
175
44
261
85
10
82
37
72
5
240
43
271
38
18
153
82
82
39
53
161
19
26
42
161
346
240
419
55
96
21
63
11
134
14
215
172
47
6
284
79
142
242
108
7
74
112
319
267
147
56
453
4
241
27
165
346
26
38
209
423
193
12
38
59
156
68
190
55
267
3
243
116
193
145
144
52
109
382
136
156
201
168
13
2
240
366
330
157
117
2
101
37
278
118
23
54
104
13
10
160
27
360
307
23
53
154
11
94
209
270
69
194
34
253
71
18
174
340
30
3
40
5
172
83
55
26
16
313
236
60
116
396
55
0
183
10
241
96
138
175
30
67
225
20
23
74
93
15
120
51
245
104
14
8
321
89
206
155
105
222
372
255
185
62
32
59
67
114
59
31
178
8
136
92
37
3
244
410
118
263
78
106
32
14
11
129
35
72
170
26
269
229
5
0
167
245
81
3
62
6
249
98
140
6
23
147
4
22
18
35
13
31
145
226
212
43
25
397
49
105
438
119
143
16
81
37
235
26
279
121
237
11
40
110
26
323
57
343
119
111
22
352
436
29
369
17
111
345
34
203
28
301
26
289
294
163
192
22
118
36
287
396
116
37
165
91
280
13
253
122
214
209
174
101
176
443
60
29
117
81
304
151
207
30
134
383
122
185
23
77
1
248
169
221
44
158
74
42
14
405
186
14
35
98
365
14
322
26
48
32
97
95
229
99
67
166
5
154
157
103
191
253
5
406
186
472
136
133
19
0
86
14
48
2
0
227
161
83
13
460
18
40
137
107
247
361
40
38
237
26
112
47
106
137
294
150
99
294
143
34
107
266
5
38
31
204
3
4
5
89
169
107
125
280
66
1
16
66
167
55
216
26
151
365
133
311
148
54
137
40
43
52
61
72
45
11
134
257
2
32
60
280
265
124
44
38
458
96
143
114
108
87
102
102
110
385
28
9
65
338
435
293
66
98
33
20
187
3
137
170
128
20
128
304
374
127
21
14
269
97
0
82
46
297
25
301
54
11
29
115
16
3
285
171
27
107
51
92
34
260
95
109
128
159
28
245
108
176
157
29
120
4
84
167
43
79
73
147
73
7
109
346
102
344
204
337
295
39
15
321
48
20
71
25
352
141
199
118
134
9
0
26
67
367
214
226
107
156
146
201
1
145
30
2
61
74
268
19
106
160
34
388
227
2
1
6
179
35
109
151
37
261
6
57
24
64
431
311
21
63
85
77
277
25
282
182
117
1
3
318
336
61
221
197
151
341
22
38
16
5
203
38
18
140
95
25
156
22
174
15
118
28
23
37
29
259
143
133
121
24
242
233
7
78
36
22
223
242
16
270
60
83
32
69
29
230
5
109
133
5
38
159
99
47
88
290
274
76
390
118
61
49
310
112
38
240
14
0
180
271
79
390
9
78
11
45
345
239
98
348
4
82
1
13
32
187
240
95
56
292
54
390
221
242
18
34
135
309
425
42
198
214
91
284
133
107
227
292
371
159
1
12
29
18
38
69
162
23
221
48
11
173
215
192
38
74
61
53
31
150
224
190
249
33
10
36
141
415
99
369
11
53
67
211
190
47
359
92
337
27
111
114
19
316
300
53
192
353
28
30
239
107
29
34
48
18
3
121
12
87
206
227
24
98
243
341
32
53
227
271
253
287
351
420
35
307
9
2
8
132
39
21
228
247
77
55
113
166
262
97
54
38
29
3
222
121
84
96
190
130
64
93
116
425
216
246
210
57
305
2
176
244
132
31
167
118
14
7
41
65
9
9
96
342
25
36
57
119
4
51
5
70
10
210
141
144
65
8
44
32
0
111
360
57
95
297
92
76
10
6
49
48
240
0
263
14
94
353
1
67
164
209
11
108
119
44
101
328
380
251
79
78
215
250
208
109
112
72
32
129
281
41
3
37
96
376
30
6
15
4
203
223
7
9
61
3
10
54
68
89
88
103
32
145
125
44
34
54
66
116
47
297
107
2
302
19
139
320
209
88
256
105
179
200
109
241
456
44
98
350
84
5
109
13
26
97
40
402
94
66
305
241
10
306
429
30
191
2
27
19
223
101
263
67
149
138
145
122
188
37
130
177
20
237
106
23
15
144
162
121
251
311
12
19
249
14
149
250
224
264
233
186
251
349
93
120
197
152
318
147
50
29
55
14
169
181
181
155
53
102
56
40
109
197
34
70
168
55
312
48
79
3
37
138
85
15
348
376
12
151
175
423
43
16
114
229
29
2
129
57
18
83
33
204
1
103
140
24
28
53
36
172
168
124
38
120
229
104
57
6
37
170
12
89
414
34
24
19
87
200
34
300
32
6
135
160
22
169
209
174
250
18
87
305
51
28
19
126
37
4
77
57
363
162
87
82
117
254
23
197
50
174
218
169
84
144
27
115
15
20
302
14
24
192
32
199
182
90
52
164
16
330
302
262
94
150
54
40
12
95
3
0
213
17
55
23
49
25
83
255
3
28
155
113
226
49
44
289
28
31
28
184
142
214
54
55
90
30
177
71
63
9
10
66
211
34
61
249
4
50
160
8
230
79
94
27
74
352
123
26
300
8
35
242
41
10
323
18
217
108
118
228
13
24
101
16
60
24
256
38
13
12
188
123
93
364
168
38
10
14
5
71
173
165
29
203
253
5
66
263
122
62
37
393
340
36
19
90
179
251
115
56
23
24
34
154
2
184
391
326
93
75
86
123
280
161
38
251
148
186
25
197
194
207
55
182
356
169
293
121
86
6
10
338
15
149
28
20
455
123
18
279
2
139
90
46
65
22
451
1
15
176
38
22
167
90
4
70
170
402
73
47
63
90
280
43
12
133
445
51
6
273
344
1
124
196
28
43
298
112
223
12
14
81
373
82
33
443
30
56
60
233
10
187
143
429
110
339
61
92
228
21
251
85
250
48
30
170
275
3
396
10
28
52
152
45
77
169
3
169
278
275
75
162
29
56
193
394
55
58
355
217
15
16
15
71
53
58
51
98
159
71
144
2
258
175
134
15
20
10
183
11
233
175
263
346
298
97
36
77
173
227
445
157
274
313
249
148
411
169
1
108
305
80
269
133
98
116
192
16
167
390
80
154
1
218
16
81
167
168
123
22
14
23
10
118
5
78
11
207
15
165
69
136
6
35
472
14
75
77
81
34
170
2
179
143
179
73
84
0
121
403
127
126
34
30
77
72
10
12
68
104
25
419
77
162
14
108
271
20
386
100
170
356
279
247
226
146
7
93
346
1
350
7
155
26
280
92
61
59
6
218
37
418
101
39
50
49
98
313
15
42
38
72
12
14
109
176
22
28
48
37
14
216
77
263
196
64
217
282
1
224
34
75
50
2
92
85
9
108
258
89
127
9
232
94
74
258
175
67
49
14
0
36
15
82
137
171
228
139
243
21
338
59
12
6
151
153
153
378
6
284
196
98
188
144
435
197
305
38
36
19
83
90
82
24
72
187
127
210
290
137
8
323
16
162
444
411
94
350
87
93
177
33
273
39
89
37
25
343
173
145
53
90
13
252
176
21
0
90
333
34
359
21
71
251
160
159
181
28
49
193
29
345
71
137
32
56
212
205
169
173
147
33
75
444
181
351
191
12
64
149
32
93
20
121
109
10
29
272
6
131
259
3
356
95
119
35
0
80
192
216
126
54
138
209
34
54
116
273
352
238
58
149
50
24
239
94
139
65
117
7
16
147
259
32
168
274
389
12
125
4
223
37
81
97
152
377
147
12
9
9
330
458
48
6
2
82
115
78
46
298
102
29
110
53
390
102
370
4
13
141
343
140
41
56
130
340
103
295
53
156
56
77
5
274
115
160
48
0
206
9
288
150
0
85
163
166
82
198
85
0
88
28
30
60
23
46
264
9
205
230
89
31
124
124
108
27
115
173
51
129
221
33
387
9
151
39
128
177
338
124
199
114
173
164
161
165
18
151
16
88
79
66
51
25
84
131
73
152
78
104
153
12
262
65
156
136
6
222
306
150
109
356
170
28
8
47
143
218
288
375
0
1
69
320
71
155
305
73
158
1
125
63
0
170
13
203
31
149
313
17
262
141
147
289
110
116
132
145
131
7
63
0
47
208
165
92
70
27
155
47
92
117
285
16
69
22
74
140
8
106
21
1
235
141
47
163
427
226
277
65
2
78
0
12
11
64
166
173
2
39
145
238
126
68
103
118
9
53
277
14
83
81
103
104
157
287
22
99
206
21
348
233
125
221
62
57
65
205
403
118
9
459
218
28
76
3
0
11
26
426
15
126
131
44
320
115
29
128
184
15
28
434
21
11
5
140
188
27
125
4
0
28
19
306
281
176
76
9
123
240
34
20
72
247
48
77
6
246
44
148
9
25
1
432
73
79
355
2
12
219
111
273
295
142
430
135
149
37
111
253
226
4
29
129
51
387
31
132
22
0
126
14
36
66
278
105
334
25
18
69
41
68
241
10
