33
4
481
135
14
24
66
93
192
31
79
362
214
319
98
3
24
163
136
98
14
23
21
3
249
273
0
208
37
349
73
1
4
4
270
48
113
9
204
299
0
313
325
236
4
30
34
195
35
1
167
72
46
24
411
235
226
229
312
1
363
184
73
163
182
98
252
202
99
18
12
213
24
5
81
1
24
58
368
63
264
24
14
3
113
145
332
30
42
119
11
13
76
109
82
13
2
178
72
422
88
156
46
69
35
151
6
31
77
180
10
60
237
143
124
126
5
36
144
123
2
167
105
120
80
9
69
61
219
368
44
85
61
138
84
160
131
53
43
18
69
220
37
62
48
80
2
91
39
67
137
211
173
116
180
172
230
199
134
25
132
14
294
332
31
390
172
67
90
207
0
276
40
5
7
20
29
176
135
41
228
331
213
89
228
276
85
165
39
1
32
134
68
49
40
146
239
0
67
18
130
172
10
18
123
62
231
166
376
186
81
257
5
204
25
171
153
386
6
128
116
78
37
209
239
80
194
213
244
252
229
27
130
93
120
28
413
318
45
158
191
13
132
205
126
53
310
73
250
274
2
39
7
171
315
143
210
20
433
76
404
33
8
145
3
187
99
209
8
239
129
52
21
59
46
76
286
397
88
37
65
174
79
0
285
135
324
215
409
205
77
251
84
38
47
5
181
53
187
465
148
60
403
314
263
16
3
7
216
16
150
186
142
277
19
28
24
177
194
121
9
135
185
110
41
78
99
138
12
116
210
4
52
32
75
124
199
29
138
117
131
226
271
97
398
82
13
8
227
111
306
28
6
95
82
187
42
34
109
309
7
4
101
32
35
105
229
94
29
313
120
129
122
66
51
168
7
56
228
48
78
25
301
36
108
150
175
188
31
29
107
12
364
20
27
31
70
20
78
171
311
179
237
128
20
374
138
154
31
0
47
43
149
191
54
245
38
0
5
21
58
125
16
28
18
297
335
34
227
77
94
2
330
123
34
81
196
25
6
77
107
0
150
26
411
191
200
145
123
71
54
369
65
70
22
160
30
3
17
48
24
4
415
4
87
100
3
250
11
87
128
62
150
11
91
288
55
43
82
25
103
277
182
142
302
30
79
63
216
30
337
296
231
95
140
204
16
176
25
118
238
114
105
166
163
351
163
165
286
53
9
272
439
44
66
104
184
352
106
24
138
54
42
13
73
109
13
19
113
26
72
217
3
127
389
158
199
90
441
233
72
172
128
79
153
29
42
15
145
43
284
42
425
51
7
118
326
28
43
40
26
173
31
47
337
18
148
296
271
35
240
217
116
1
206
217
100
237
64
242
121
13
44
21
19
38
41
203
353
120
221
14
97
12
61
336
92
37
18
181
61
0
354
49
123
191
151
191
355
71
140
32
1
396
22
195
194
64
19
48
12
24
238
94
173
71
132
110
41
12
91
204
128
35
63
180
192
270
124
6
59
112
8
76
388
226
379
53
205
103
461
208
62
79
7
79
51
17
5
44
79
81
53
60
41
74
34
227
154
28
397
3
29
38
189
101
54
75
279
46
75
149
227
81
23
4
215
2
24
42
182
69
240
59
84
166
190
93
6
415
142
333
1
26
136
167
167
81
73
0
373
371
190
251
184
84
197
140
263
12
148
60
188
7
10
95
47
102
42
41
31
130
17
111
120
136
6
367
332
4
112
0
332
109
84
260
329
170
38
57
12
110
86
76
138
46
45
149
338
2
17
104
103
106
165
211
84
320
222
271
427
119
191
295
28
308
292
107
6
104
4
69
27
89
178
3
132
66
149
122
315
106
347
174
382
80
43
292
160
41
135
328
288
50
193
184
93
4
13
126
14
246
80
22
130
92
6
34
63
49
8
14
165
70
121
54
98
63
112
445
23
67
106
191
60
71
214
15
133
8
23
226
248
336
131
97
1
100
7
156
157
7
170
55
120
399
211
411
28
471
100
243
63
318
95
99
20
72
227
28
380
9
31
2
342
22
35
14
102
271
53
102
61
186
10
53
34
19
89
417
103
54
40
283
117
8
181
101
185
0
25
189
0
229
234
159
62
224
48
128
24
123
17
412
32
47
48
71
67
179
54
16
32
101
230
53
112
110
28
3
134
25
67
15
11
486
233
45
122
10
174
43
92
28
86
50
165
246
86
241
169
98
300
6
17
67
12
99
206
5
51
122
62
5
47
13
331
92
94
115
188
204
136
232
42
20
83
114
302
131
42
50
7
90
84
152
124
366
375
123
21
79
468
31
48
127
358
136
169
365
2
4
368
134
34
75
2
298
14
64
105
58
8
162
128
205
42
167
312
78
108
16
279
164
210
220
319
75
89
132
99
33
283
129
253
86
231
104
13
58
176
454
96
86
350
111
38
139
16
85
123
49
44
159
46
119
80
16
276
140
438
96
4
55
202
3
2
1
362
25
57
123
73
129
363
54
90
17
296
53
125
86
90
171
67
9
208
191
359
12
107
52
28
244
158
138
46
114
194
246
4
113
18
154
327
14
42
0
0
3
156
0
72
212
32
218
373
37
6
44
101
253
154
149
53
36
1
121
49
20
210
171
405
90
2
36
299
233
332
6
45
250
187
171
41
354
136
28
61
215
21
130
71
173
128
98
65
195
36
87
122
10
360
69
39
67
2
176
44
359
73
94
18
58
68
332
30
18
195
232
64
10
160
268
300
219
231
37
82
81
211
100
197
83
356
13
295
77
87
28
179
6
41
388
55
68
35
71
5
29
51
208
68
2
87
49
55
175
33
406
109
122
141
175
342
117
30
397
47
171
19
54
91
345
352
243
74
10
21
8
216
19
54
51
9
268
31
42
92
87
247
2
222
161
383
110
6
12
86
34
36
36
16
23
107
181
122
378
80
212
95
384
30
210
41
373
60
236
21
162
42
54
5
148
275
126
109
11
56
82
8
93
6
5
140
154
324
11
160
117
288
110
46
7
21
301
303
71
268
250
61
65
107
153
226
327
93
67
325
276
137
23
101
75
82
111
73
385
142
102
20
38
53
37
110
93
9
163
3
31
153
105
3
50
0
143
112
34
263
2
0
326
249
242
93
25
23
157
87
118
94
16
20
260
200
198
166
120
129
39
254
297
99
85
111
145
384
255
131
17
210
299
21
80
97
406
206
72
65
30
95
105
50
101
1
45
97
117
9
3
1
52
338
371
142
110
216
217
0
380
47
37
57
20
142
240
33
173
185
38
74
214
263
48
182
176
44
267
63
24
55
242
147
407
32
232
30
40
190
51
13
5
20
287
67
55
195
48
297
9
185
29
18
311
254
141
67
58
264
68
200
448
67
47
192
349
70
42
52
57
108
3
89
88
43
56
70
157
70
72
248
229
23
223
33
17
18
239
121
2
186
221
278
2
421
96
28
292
74
77
208
29
33
312
13
55
187
238
7
155
127
355
3
237
164
116
162
260
15
128
337
408
204
46
80
55
280
107
9
0
92
48
88
4
27
66
293
192
95
306
17
151
171
258
122
413
119
69
20
172
43
35
347
37
123
66
99
31
21
0
59
270
7
191
7
36
297
390
205
201
63
72
179
223
19
272
225
128
49
7
13
342
244
11
68
192
61
36
56
60
161
136
114
340
198
389
121
7
159
108
25
10
55
260
248
56
14
23
303
154
383
120
218
167
0
276
0
181
117
249
15
292
173
76
11
45
4
96
159
120
53
179
11
44
59
13
25
204
88
0
429
85
250
182
157
3
179
46
392
157
310
16
169
16
107
60
413
305
46
89
236
299
230
182
235
42
293
23
36
161
207
57
163
33
12
138
87
72
27
32
117
39
25
168
253
110
50
104
176
229
67
20
321
8
154
94
31
19
248
287
80
3
406
72
99
236
329
21
46
15
35
5
2
15
4
26
283
41
212
228
384
236
9
18
106
207
4
71
216
126
6
19
53
236
5
119
256
20
181
115
50
236
11
222
282
81
9
157
31
78
120
193
47
161
194
14
81
5
44
58
83
80
102
384
19
214
69
84
451
46
219
5
25
0
147
197
24
261
22
47
154
19
11
194
429
65
21
7
5
23
25
461
25
57
31
4
136
0
303
320
6
23
390
21
43
89
218
224
155
156
95
10
46
156
65
43
99
300
40
118
6
259
235
36
10
47
128
72
60
109
78
47
68
106
166
114
20
170
400
416
68
151
28
9
1
142
234
79
55
46
139
143
295
20
30
103
119
13
250
49
30
117
268
128
16
61
85
91
2
123
84
22
19
60
28
143
337
49
53
88
32
350
0
73
205
96
9
120
44
296
42
100
123
442
461
129
102
17
6
85
184
57
304
28
147
11
31
121
159
38
60
156
57
29
50
2
270
93
33
12
156
366
91
246
80
0
30
115
6
327
97
148
410
84
46
125
25
0
17
230
187
56
137
47
2
45
105
91
136
225
254
128
168
40
298
31
59
34
2
182
35
11
65
28
240
61
26
149
63
46
103
48
15
90
68
235
115
259
251
227
15
108
88
10
31
303
149
16
74
100
32
43
2
316
230
13
234
61
150
195
240
99
328
426
67
102
41
62
239
351
0
177
117
116
334
16
220
187
90
63
40
11
309
31
0
227
0
58
437
139
165
286
354
182
26
32
20
59
7
94
58
166
41
193
61
138
320
93
356
83
334
59
17
88
266
245
90
89
104
236
306
140
263
267
90
358
5
436
38
107
194
11
81
26
16
298
168
16
186
30
12
450
44
0
18
198
205
115
161
57
22
20
10
79
176
14
8
18
236
80
60
80
362
8
406
86
3
212
75
94
34
21
80
109
454
146
143
234
41
401
90
367
219
60
71
64
163
151
114
35
37
100
6
120
30
73
42
168
108
69
99
110
1
29
8
200
86
190
198
26
9
37
11
141
20
163
21
257
81
140
174
357
104
19
199
19
23
142
137
63
46
90
2
81
94
2
440
98
99
138
83
11
143
104
60
83
64
184
12
176
127
84
2
334
12
34
64
203
50
45
46
372
26
94
112
16
96
17
72
15
4
200
55
22
27
36
78
351
0
19
3
141
65
35
236
441
398
120
30
137
136
0
0
10
67
46
32
189
50
22
13
13
48
71
191
29
215
26
17
378
0
195
183
91
112
7
217
13
272
174
63
168
11
23
66
24
213
131
1
396
155
34
95
15
139
90
200
134
68
137
135
97
192
102
199
239
69
195
219
16
117
125
134
34
251
199
26
179
107
106
4
260
1
391
25
2
68
38
16
17
57
95
1
78
79
188
123
41
36
21
37
79
1
3
89
132
22
8
15
1
17
186
310
214
92
108
70
58
6
13
57
28
1
37
18
67
217
62
338
82
162
2
139
138
177
92
35
399
36
55
116
299
166
140
142
210
40
57
68
13
426
187
8
275
171
81
243
144
23
57
112
178
150
7
103
181
139
295
133
337
244
268
168
195
167
22
213
262
385
41
298
84
79
97
313
134
82
40
13
23
265
194
150
102
39
2
384
291
366
65
91
257
93
134
18
88
32
11
194
78
268
419
102
102
45
366
206
41
377
6
164
330
70
38
113
85
18
83
250
45
5
379
38
291
89
40
298
50
95
165
5
1
137
2
255
129
35
310
179
50
36
38
139
74
170
95
197
202
71
148
231
175
185
44
9
23
248
193
79
179
117
58
232
34
17
288
1
75
19
6
13
61
446
24
21
235
168
167
205
117
120
96
248
12
49
125
112
148
101
43
29
147
2
161
265
70
266
387
235
134
140
180
7
219
201
58
87
34
136
183
161
236
14
81
303
200
16
94
115
30
96
319
200
12
59
71
10
360
11
140
110
34
125
117
142
57
74
215
17
64
0
78
8
104
116
173
170
28
342
43
225
103
191
1
254
238
102
23
379
212
348
49
20
117
52
85
10
85
157
2
1
303
72
264
2
4
0
86
331
36
434
156
175
116
262
69
209
164
56
63
214
55
100
160
46
124
111
11
331
94
34
278
150
4
329
154
8
151
170
156
54
129
26
365
147
7
226
12
2
39
286
246
48
163
367
13
274
9
226
440
62
119
82
278
406
322
274
25
199
27
42
305
76
145
137
87
100
138
379
36
24
9
229
30
248
34
224
0
14
154
45
16
83
411
95
133
127
212
17
10
168
16
128
266
96
4
10
165
97
214
46
124
353
77
33
112
161
225
281
103
101
48
140
92
267
14
170
9
43
56
287
243
247
48
29
35
10
85
25
153
36
153
130
8
250
154
25
161
33
9
37
7
21
5
128
90
38
1
109
86
80
8
181
112
229
62
18
187
78
58
237
139
55
220
7
352
287
174
22
158
116
131
77
24
294
253
17
264
95
400
176
20
169
230
184
6
38
27
123
63
59
1
180
15
118
384
166
50
122
179
8
53
200
245
2
22
64
51
112
20
36
251
91
95
1
294
5
40
1
145
21
318
48
64
26
141
0
272
461
73
226
5
423
102
3
151
104
143
63
256
158
89
231
14
24
369
80
8
73
103
15
80
74
22
243
294
221
40
57
267
25
7
38
105
74
8
32
442
48
7
27
265
82
330
19
144
165
301
190
335
23
119
113
132
41
6
55
69
30
105
81
296
119
47
280
0
128
107
9
150
214
26
1
7
150
63
215
20
28
41
127
78
77
33
24
386
107
71
18
135
0
193
106
369
96
91
176
11
175
142
371
1
348
48
124
449
122
91
117
186
71
50
67
10
46
22
76
6
34
32
342
304
7
231
3
259
179
154
4
43
75
412
