100 10
98 81
96 68
81 67
25 9
97 86
1 99
55 61
56 37
37 38
32 51
79 90
1 13
63 3
16 17
25 81
63 91
96 23
23 37
72 21
29 11
79 49
65 12
45 99
50 25
90 3
65 48
69 83
96 52
89 72
92 55
90 72
35 70
11 100
14 61
77 98
7 73
82 18
59 21
87 72
64 26
2 72
92 63
74 63
5 34
90 80
9 89
86 90
18 31
47 17
86 42
77 75
17 60
13 9
78 13
66 49
41 44
74 71
62 65
96 18
87 95
25 84
93 100
46 80
4 57
28 94
41 40
76 11
7 65
5 39
22 1
64 32
33 42
72 47
74 15
63 8
58 52
36 40
65 57
34 11
27 38
89 40
71 20
6 96
11 65
74 11
71 35
54 3
10 74
64 37
94 69
87 53
85 100
89 28
40 19
96 90
43 22
2 24
88 25
10 30
69 75
44 100
25 56
68 88
26 87
76 91
9 17
32 70
48 89
97 98
