10
9 9
8530 6815 2977 3982 3546 8536 5551 3731 2207 
1 2
2 3
3 4
4 5
5 6
6 7
7 8
8 9
9 1
10 37
4387 5263 1724 827 9349 7550 3406 2313 3864 655 
1 2
2 3
3 4
4 5
5 6
6 7
7 8
8 9
9 10
10 1
9 5
1 7
7 4
10 3
2 5
4 2
2 9
4 1
6 10
4 6
7 10
7 2
5 8
9 9
1 9
2 8
5 10
1 1
5 5
6 2
7 5
8 3
10 8
6 1
3 1
10 10
4 4
15 41
5248 6449 548 8063 6672 304 1139 2819 4203 8507 8834 9030 6853 3078 3010 
1 2
2 3
3 4
4 5
5 6
6 7
7 8
8 9
9 10
10 11
11 12
12 13
13 14
14 15
15 1
14 7
3 3
2 15
3 14
6 3
10 10
6 4
14 12
7 11
3 15
8 3
5 10
2 10
9 1
4 13
2 6
14 8
12 12
7 9
5 14
9 4
8 11
12 3
8 10
9 15
1 12
19 111
5395 6664 3836 6909 9301 2706 9406 5755 2844 173 5074 4824 2941 6190 3296 8754 5776 1009 3653 
1 2
2 3
3 4
4 5
5 6
6 7
7 8
8 9
9 10
10 11
11 12
12 13
13 14
14 15
15 16
16 17
17 18
18 19
19 1
15 3
5 1
10 19
18 6
5 5
8 10
19 14
16 19
1 9
6 16
18 2
11 4
4 9
11 15
6 17
5 8
11 1
8 13
12 17
12 15
14 16
10 12
12 1
8 6
2 10
12 4
18 7
6 14
7 11
19 3
13 11
19 11
13 16
11 9
10 15
17 4
4 2
15 6
7 19
12 6
17 11
2 9
1 16
10 13
5 13
11 18
4 8
5 16
3 12
13 15
7 16
9 17
10 14
10 17
4 19
10 1
12 7
9 19
5 9
3 6
8 11
3 13
4 18
10 3
3 3
6 9
8 15
6 19
9 18
5 7
7 1
9 16
17 3
11 6
15 1
4 10
6 4
14 4
11 3
17 7
5 18
3 9
15 5
8 17
6 1
12 18
2 8
15 9
10 10
2 17
7 2
13 19
14 15
3736 9790 5023 7224 9787 4119 848 2858 1496 9659 4009 5233 4188 7670 
1 2
2 3
3 4
4 5
5 6
6 7
7 8
8 9
9 10
10 11
11 12
12 13
13 14
14 1
14 6
11 47
4024 4733 5826 725 8782 9938 4905 4057 7964 96 282 
1 2
2 3
3 4
4 5
5 6
6 7
7 8
8 9
9 10
10 11
11 1
11 2
11 6
9 9
5 10
5 7
10 10
1 3
5 5
10 1
8 2
8 10
11 3
7 7
5 11
4 6
3 8
8 1
10 2
7 3
2 4
3 9
5 1
2 6
11 7
9 5
2 2
4 1
6 10
4 4
5 8
11 8
3 3
6 8
8 8
11 4
11 11
4 5
2362 2929 4614 4505 
1 2
2 3
3 4
4 1
3 1
7 17
5134 9591 3727 2728 6404 2999 6216 
1 2
2 3
3 4
4 5
5 6
6 7
7 1
1 4
7 2
2 5
1 1
4 4
6 1
6 3
6 4
7 3
4 2
15 85
7580 3324 7956 7621 3519 8608 3323 3299 702 8806 5131 8028 5588 8188 1061 
1 2
2 3
3 4
4 5
5 6
6 7
7 8
8 9
9 10
10 11
11 12
12 13
13 14
14 15
15 1
7 4
9 7
12 10
12 12
5 13
5 2
10 13
9 2
8 5
13 15
14 4
2 7
5 1
7 10
11 13
3 6
7 5
5 5
3 8
11 9
8 10
11 8
14 7
12 2
10 14
8 6
4 2
1 13
6 12
10 4
11 6
13 4
12 14
12 9
4 6
6 13
13 9
12 7
11 15
13 8
3 15
9 6
8 15
11 1
12 1
14 1
1 9
13 3
9 4
5 12
12 3
15 12
14 3
9 3
15 10
10 5
3 10
4 4
10 1
1 3
4 15
8 2
7 13
9 15
5 3
11 14
15 5
1 8
8 4
15 7
9 29
295 4224 7696 8644 766 6950 9145 7762 1167 
1 2
2 3
3 4
4 5
5 6
6 7
7 8
8 9
9 1
7 7
2 5
3 9
2 6
4 9
1 4
7 3
3 8
2 9
8 8
4 8
8 5
6 8
1 1
1 5
6 1
9 9
7 4
3 5
2 2
