10
18 63
4384 4198 1896 967 7297 5578 4830 2011 4509 8724 8048 8717 268 1109 5531 6098 5886 8816 
1 2
2 3
3 4
4 5
5 6
6 7
7 8
8 9
9 10
10 11
11 12
12 13
13 14
14 15
15 16
16 17
17 18
18 1
5 12
4 16
10 6
3 11
14 4
18 14
18 16
17 3
12 15
8 6
9 14
2 18
14 2
3 12
7 16
6 11
7 1
7 17
2 16
5 14
16 13
2 17
15 9
3 13
9 2
13 10
15 7
18 10
8 14
1 5
7 13
2 2
6 6
16 16
13 11
14 10
5 8
10 17
10 16
12 4
4 9
7 4
3 16
12 14
2 15
7 7
8819 3830 9131 4933 838 7256 1948 
1 2
2 3
3 4
4 5
5 6
6 7
7 1
5 7
6689 7095 5211 334 5105 
1 2
2 3
3 4
4 5
5 1
4 2
4 1
11 55
2556 5153 8851 2207 4329 3679 2023 5421 3245 2176 6828 
1 2
2 3
3 4
4 5
5 6
6 7
7 8
8 9
9 10
10 11
11 1
9 3
7 2
3 10
1 3
6 1
2 8
2 6
5 11
3 8
2 5
1 8
5 9
10 4
6 6
5 1
6 11
7 4
9 11
4 4
7 7
7 10
5 3
1 7
5 8
11 2
2 9
3 6
8 10
3 11
1 1
9 4
2 4
8 8
5 10
11 8
7 9
10 1
8 6
6 9
7 11
1 9
11 11
9 9
3 7
14 87
456 80 7939 3041 5555 6037 9034 9849 2482 3577 491 2097 7120 4258 
1 2
2 3
3 4
4 5
5 6
6 7
7 8
8 9
9 10
10 11
11 12
12 13
13 14
14 1
9 5
14 11
3 7
2 5
7 13
4 13
4 2
5 14
10 1
7 10
7 9
5 8
5 1
12 10
8 13
2 12
11 8
11 6
1 13
14 10
11 4
2 13
9 14
11 2
9 11
2 14
4 10
8 4
6 8
6 4
5 12
7 11
13 6
6 1
1 4
2 9
13 9
14 6
4 9
7 7
1 8
7 5
11 11
6 6
2 10
13 13
7 14
6 2
3 14
12 12
13 3
12 14
9 6
9 1
10 8
8 14
11 1
13 11
6 3
4 12
11 3
9 3
1 7
6 12
10 6
12 8
13 10
5 10
3 5
5 13
3 3
7 4
8 8
6 13
1870 1894 5991 8378 4017 4559 
1 2
2 3
3 4
4 5
5 6
6 1
6 3
2 6
4 2
5 2
5 5
5 3
5 1
8 9
7354 7526 7619 3559 8415 2336 6863 5231 
1 2
2 3
3 4
4 5
5 6
6 7
7 8
8 1
8 5
6 15
8460 4586 5286 9932 7015 8984 
1 2
2 3
3 4
4 5
5 6
6 1
3 5
2 5
2 4
1 3
5 1
4 6
6 2
4 1
4 4
12 33
6688 6099 8464 3316 5572 8704 780 3125 9389 5088 5516 3401 
1 2
2 3
3 4
4 5
5 6
6 7
7 8
8 9
9 10
10 11
11 12
12 1
12 2
3 11
3 5
10 5
10 6
6 2
10 2
2 2
6 8
4 1
2 8
7 10
1 8
10 1
12 10
4 6
11 2
1 1
10 8
9 4
4 4
6 11
3080 4789 5444 2680 7007 8268 
1 2
2 3
3 4
4 5
5 6
6 1
3 6
1 4
1 3
2 2
5 2
