10
16 29
6521 6617 8436 1344 5880 5371 7483 5003 8341 2718 4689 18 1155 3358 3803 4204 
1 2
2 3
3 4
4 5
5 6
6 7
7 8
8 9
9 10
10 11
11 12
12 13
13 14
14 15
15 16
16 1
10 7
5 5
12 1
9 6
2 2
5 7
6 8
3 7
7 13
6 10
1 10
2 15
9 1
2 3
7495 4683 
1 2
2 1
2 2
19 103
3727 6170 9666 3921 8152 6948 1740 2324 1052 3649 5165 8597 2033 5308 9901 7379 7856 2340 5508 
1 2
2 3
3 4
4 5
5 6
6 7
7 8
8 9
9 10
10 11
11 12
12 13
13 14
14 15
15 16
16 17
17 18
18 19
19 1
8 10
16 2
7 13
19 4
18 18
2 6
7 5
5 15
3 3
3 19
6 16
2 18
12 1
11 14
7 17
14 7
16 8
2 4
18 4
4 14
13 10
13 3
14 8
4 9
6 11
18 1
11 3
15 13
5 10
7 18
7 12
7 16
2 7
4 11
16 13
8 4
15 10
15 6
16 12
18 16
14 16
1 9
17 9
1 1
8 2
9 2
14 18
16 4
12 2
5 17
17 1
6 12
4 1
7 19
17 17
9 9
16 16
2 2
1 7
3 8
10 1
18 10
19 2
4 17
3 7
3 16
9 19
8 15
12 18
15 9
16 9
11 5
11 13
1 6
11 11
17 3
4 6
18 15
14 2
6 6
2 13
3 14
18 9
9 5
15 89
8157 645 5941 3785 6699 6380 4614 1982 192 2370 8082 8128 3759 6566 1427 
1 2
2 3
3 4
4 5
5 6
6 7
7 8
8 9
9 10
10 11
11 12
12 13
13 14
14 15
15 1
7 14
1 9
15 12
3 9
5 3
5 9
15 10
5 8
2 8
2 11
7 13
11 5
1 5
7 11
12 14
4 6
2 15
3 6
3 12
8 11
15 7
14 11
8 13
10 2
7 3
5 5
1 10
10 14
12 8
14 6
10 4
13 9
8 1
7 4
2 5
9 7
11 15
6 10
1 6
10 3
11 13
13 15
11 6
5 14
15 5
7 7
2 12
13 4
4 9
14 2
12 4
10 10
6 15
15 3
7 10
15 9
2 2
1 14
7 1
12 5
15 8
14 9
1 1
7 2
7 5
13 5
6 13
10 13
14 4
3 8
8 10
11 11
14 8
12 1
7 11
7238 6069 9647 768 6186 1613 5865 
1 2
2 3
3 4
4 5
5 6
6 7
7 1
4 4
2 4
6 4
6 2
10 11
5219 9652 261 9514 828 2322 7383 8762 8024 7851 
1 2
2 3
3 4
4 5
5 6
6 7
7 8
8 9
9 10
10 1
8 8
10 23
3364 4732 4017 6735 1972 3537 6759 4935 8003 2844 
1 2
2 3
3 4
4 5
5 6
6 7
7 8
8 9
9 10
10 1
3 9
1 4
2 9
4 10
8 1
7 4
8 2
7 3
3 1
2 7
1 7
9 4
9 6
16 63
6935 9108 9146 2001 6806 6363 2604 5051 5042 561 9245 8391 5591 6097 4716 2460 
1 2
2 3
3 4
4 5
5 6
6 7
7 8
8 9
9 10
10 11
11 12
12 13
13 14
14 15
15 16
16 1
9 1
16 9
11 9
13 2
16 6
3 1
14 9
9 6
2 10
11 16
8 11
1 13
5 14
4 15
13 10
2 14
7 9
10 4
7 10
2 6
14 10
12 7
4 7
3 14
9 2
13 5
12 1
6 14
8 10
13 16
16 3
7 15
2 4
3 6
5 12
5 7
4 14
3 12
4 9
10 10
9 15
13 4
15 15
11 5
4 11
3 3
1 10
14 15
8137 2327 1240 2629 1933 7269 9027 9978 7943 1151 2067 9131 3703 2321 
1 2
2 3
3 4
4 5
5 6
6 7
7 8
8 9
9 10
10 11
11 12
12 13
13 14
14 1
9 4
8 15
1184 9016 8895 5727 1904 8533 771 7307 
1 2
2 3
3 4
4 5
5 6
6 7
7 8
8 1
7 3
2 6
1 7
2 2
7 2
8 8
4 4
